"x"
77.925
91.0875
86.3
69.1125
59.0375
67.1875
58.5625
68.6
66.225
37.55
24.6625
40.45
65.7375
69.8
76.2625
60.2375
42.7875
52.125
49.4875
52.6
65.75
56.6625
58.8
49.2375
61.675
40.8875
39.925
35.3875
31.1
43.5375
46.8375
81.75
82
57.6
55.2
59.45625
65.0125
75.525
66.225
55.4625
44.9375
27.975
51.3875
77.9375
66.475
44.95
41.125
58.803125
69.7875
74.125
67.875
58.35
49.5
70.0375
65.9875
73.6375
76.975
65.025
61.2
60.046875
52.8375
58.7875
49
60.4875
54.0375
47.35
49.9375
46.85
45.9
31.325
29.8875
33.740625
46.85
48.525
47.825
52.1125
47.8125
49.7
46.375
51.3875
47.8
30.85
23.2
29.78125
47.3125
56.1875
63.35
51.6125
56.175
52.8375
42.0625
54.5
60.475
27.725
15.5375
31.8
53.0625
43.5125
44.9375
54.7375
66.675
66.45
58.8125
64.775
71.95
38.75
24.175
29.471875
32.025
40.8875
43.5
51.1625
40.1625
46.1375
40.8875
51.3875
47.8125
37.55
22.7375
25.934375
39.675
42.325
46.375
48.0375
47.8
49.5
48.3
60.95
50.425
37.7875
21.525
23.784375
36.0875
35.375
52.3625
68.8375
58.8125
53.7875
59.525
58.7875
60.7
46.3875
29.4
25.684375
35.15
24.6375
19.825
22.7125
22.4875
21.7625
17.4625
17.9125
21.75
23.925
27.725
41.48125
45.6875
54.75
49.9625
50.225
51.875
49.0125
52.1125
47.3375
50.2
34.6625
31.7875
48.26875
76.0375
87.4875
59.9875
65.5
58.0875
54.5125
68.125
75.3
69.325
35.125
16.4875
20.825
37.775
41.6
52.1125
58.5625
64.0625
61.9125
65.7375
63.1
58.3375
31.0875
20.0875
36.509375
54.2375
52.825
59.275
67.175
80.5625
73.625
54.7875
60.4875
53.0625
41.125
28.225
30.6125
68.6
71.95
85.5875
77.6875
57.375
59.5125
51.4
81.275
85.6
68.5875
76.025
79.125
91.575
117.4125025
94.9125
70.05
62.1375
67.9125
83.4375
97.05
71.225
59.05
64.075
74.409375
62.8625
75.3
59.7625
54.2625
46.25625
42.8125
47.0875
58.325
65.275
54.025
45.9125
58.73125
77.45
69.8125
58.325
59.05
85.125
64.075
60.4875
76.5
104.2375
70.275
80.1
98.325
87.725
73.85
61.425
72.2125
63.1125
70.5375
57.6125
66.2125
68.8625
48.7625
34.175
47.384375
64.05
52.35
50.6875
49.475
27.7375
34.425
33.7
38.4875
44
46.1375
62.6375
58.24375
98.0375
73.1375
59.75
77.7
65.0125
64.7875
61.4375
62.625
65.5125
66.4625
57.8375
49.403125
48.7625
36.575
48.05
42.0625
37.05
36.0875
44.7
50.45
81.2875
63.8125
44.9375
42.859375
54.025
55.4625
47.325
58.8
84.3875
89.6625
76.5125
71.7125
81.0375
73.175
61.2
48.896875
59.5125
84.3875
79.1375
77.9375
70.7625
59.0375
73.3875
76.2625
81.775
65.75
49.4875
51.409375
57.375
66.6875
56.6375
61.9125
69.5375
78.8625
64.775
69.3375
74.1125
57.1375
35.6375
30.375
39.7
50.6625
59.05
77.2125
62.875
68.3625
66.4625
86.7875
83.675
54.5
32.9875
38.45625
56.65
64.075
78.65
51.4
52.8125
38.2375
50.425
44.7125
48.525
33.7
33.4625
37.096875
60.95
57.3625
54.975
65.4875
57.8375
63.1125
66.925
69.3375
65.7375
41.3375
32.025
39.58125
66.95
65.2375
71.475
76.25
76.525
78.9
76.9875
71.7
82.7125
51.625
32.9875
41.28125
68.1125
65.0125
78.9
68.125
60
65.475
67.6375
75.0625
62.6125
53.075
35.85
39.2
64.3125
74.35
90.6125
86.075
92.75
77.2125
78.8625
89.1625
85.8375
81.05
84.1625
86.00625
74.575
70.525
64.5625
73.15
75.0625
71.725
72.2
81.775
86.0625
88.4625
85.3375
71.7875
62.875
92.7375
94.4375
71.9625
61.675
65.7375
82.7125
63.575
72.6875
59.2875
66.225
62.696875
68.375
75.0625
84.4
80.1125
64.5375
70.2625
69.5625
75.0625
76.75
64.9875
38.5
33.2375
58.0875
64.775
76.9875
79.85
70.75
67.4
64.5375
87.0125
91.325
51.8625
28.9375
37.6
73.15
76.0375
76.275
62.65
69.3125
64.5375
67.4125
84.625
92.275
51.6375
21.025
23.315625
46.1375
56.4125
70.525
70.7625
59.0375
62.8625
62.6375
72.1875
80.8
57.85
31.3125
32.821875
58.575
70.275
81.525
72.2125
65.5125
61.2125
54.0125
71.725
69.325
40.4
18.4
17.4375
30.6
32.025
38.0125
43.2625
38.5
36.35
36.575
42.0875
41.35
27.025
24.875
44.14375
59.7625
78.6375
74.8375
78.8875
59.525
49.7
52.35
75.0625
82.7125
75.9625
67.198828125
66.9011672973633
66.9000045597553
66.9000000178115
66.9000000000696
66.9000000000003
65.0125
73.15
110.2
133.88750125
135.0750025
98.7375
108.7625
119.5875025
115.95000125
116.45
102.3125
76.025
58.825
52.1
60.475
79.1375
83.45
66.7
47.3375
50.61875
71.0125
88.45
95.625
92.275
96.5875
87.975
90.6125
95.375
109.975
81.7625
55.925
75.003125
85.6
85.8375
74.3375
59.5125
38.975
35.1375
36.35
49.7125
73.375
49.2625
29.175
28.878125
43.525
45.9125
32.05
27.9875
24.6375
24.15
29.8875
34.4125
48.7625
43.7625
31.3125
36.859375
44.725
63.35
79.125
67.425
59.0625
63.5875
66.2125
58.55
61.6625
37.0625
48.05
54.378125
65.2625
76.275
73.625
51.6125
34.8875
30.6
31.8
44.9375
41.125
35.1375
36.1
32.5875
38.2625
44.7125
46.3875
36.5625
32.9875
40.65
36.5625
43.0125
43.025
30.85
29.175
39.559375
79.3875
88.225
96.5625
91.55
90.375
79.6125
82.725
78.6375
62.3875
55.925
45.9
53.659375
82.7125
78.8875
88.4625
92.5125
85.6
64.5375
48.7625
84.4
75.2875
42.1
48.775
61.11875
89.4125
88.475
95.1375
92.5125
89.65
87.975
90.1375
99.2125
78.1625
71.5
75.55
101.540625
100.8875
87.975
103.0375
100.4
88.2125
92.75
90.6
85.575
81.0375
46.3625
25.35
34.5
54.4875
56.65
73.625
78.175
67.675
63.1125
64.55
79.375
80.325
41.8375
39.4625
45.225
54.5
56.6375
70.5125
88.45
83.675
73.8625
71.9625
83.45
71.475
27.7375
25.8375
36.353125
57.125
63.35
74.825
80.1
72.4375
63.1125
59.2875
92.2625
95.6375
57.125
45.4375
55.39375
68.375
66.675
54.9875
45.8875
41.5875
44
46.375
48.5375
63.3375
57.6125
49.4625
57.315625
66.9125
61.6875
63.825
59.7625
46.15
44.95
46.625
59.2875
57.1375
49.475
53.7875
63.065625
85.3375
85.6
101.125
114.5125025
100.64999875
74.5875
76.5
109.475
94.8875
97.05
78.9
87.809375
92.0375
98.0125
109.5
83.6875
66.9375
64.0625
65.475
71.475
74.6
38.7375
33.9625
46.684375
59.5125
68.825
71.475
78.1625
66.7
67.8875
71
88.7
84.875
48.3
43.7375
65.396875
81.5125
97.3
91.5625
92.025
60.725
70.0375
97.9875
125.52499875
179.53749875
120.97499875
121.44999875
122.33437625
97.275
107.1
121.7
102.8
70.275
58.3125
75.05
90.85
81.275
61.2125
44.475
79.41875
94.1875
81.9875
68.8375
52.5875
46.6125
47.575
44.475
42.5625
38.25
45.2
56.65
52.53125
50.8875
65.975
56.6375
47.325
46.8625
55.2
53.3125
57.3625
65.025
50.2
31.3125
28.403125
36.575
67.65
96.6
88.925
65.7375
50.9125
49.0125
75.075
43.9875
40.625
48.775
69.2625
77.925
96.35
103.9875
83.9125
69.575
58.3375
64.7875
73.8625
67.4125
33.7125
27.0375
41.721875
69.575
77.4625
90.1375
76.275
73.625
64.3125
58.8125
73.875
74.5875
35.8625
32.7625
41.4
73.1375
86.3125
88.225
93.9375
80.075
81.75
91.8
97.05
75.775
26.05
22.7125
31.396875
47.1125
54.475
63.825
66.95
70.5125
66.2125
71.95
75.5375
66.45
39.6875
30.8375
37.065625
63.35
71
71.475
67.8875
76.75
64.0625
60
52.5875
41.15
44.4625
47.3375
43.028125
61.6625
65.7375
69.1
71.9625
70.7625
69.075
68.8375
66.2
63.8125
58.8125
57.375
81.275
90.625
90.375
84.125
63.825
48.025
46.85
65.5125
74.5875
59.9875
44.7125
40.9
50.0375
65.475
72.2125
89.9
83.2
75.553125
89.4237426757813
87.0358657836914
77.7
59.0375
40.875
34.175
42.503125
42.3375
69.3
81.5125
85.125
71.975
80.8
89.8875
98.025
83.2
52.1
37.2875
54.859375
81.025
107.1125
90.3875
84.6375
76.4875
60.725
68.825
67.4125
46.15
31.7875
31.55
49.0125
68.1125
82.2375
87.7375
98.9625
80.9125
83.2125
82.225
98.2625
88.45
78.1625
72.4375
74.70625
80.3375
79.5875
79.375
77.6875
66.225
62.95
88.6875
94.8875
92.5125
87.7375
77.4625
87.3125
96.325
95.6125
102.5625
93.4875
76.85625
67.175
69.325
70.75
57.3625
31.3375
27.75
43.253125
65.7375
62.15
71.4875
75.7875
70.9875
62.3875
57.85
73.6375
54.975
38.25
40.6375
73.04375
78.1625
92.75
87.5
69.8
75.0625
76.2625
70.7625
65.2625
53.7875
48.275
56.6625
58.815625
67.8875
75.3125
81.0375
79.3625
76.725
74.0875
70.0375
64.5375
54.2375
51.3875
54.275
53.00625
49
58.8125
64.2875
66.4375
69.325
68.3625
62.875
68.35
59.025
47.8
47.0875
51.71875
68.1375
66.9125
80.325
85.575
90.1375
88.2125
87.7375
92.5125
77.45
55
43.525
52.528125
66.675
68.6
77.925
76.7375
87.025
83.9125
84.65
86.075
76.0375
52.825
50.6875
58.934375
65.7375
67.4125
77.45
76.7375
66.15
64.05
65.25
66.2125
64.05
55.9625
56.1625
64.525
69.8125
75.5375
88.4625
81.775
84.3875
81.5375
80.55
76.25
59.75
45.9
41.625
45.30625
54.5
62.3875
64.7625
56.65
42.55
39.2125
51.175
60.4875
53.7875
33.475
38.25
59.690625
65.25
71.975
69.7875
76.025
62.6375
56.4125
60.9375
62.1625
58.3125
57.6
53.7875
64.346875
70.5125
69.8
79.1375
76.0125
69.3125
65.975
64.075
70.75
57.3625
42.0875
46.1375
53.05
63.1125
61.1875
63.8125
69.0875
63.1125
62.1375
62.85
61.9125
45.6625
23.9
22.475
32.690625
51.1625
53.8
52.825
49.225
49.7125
49.95
49.4625
55.9625
54.0125
47.5625
46.85
55.275
62.625
61.2
65.725
65.2625
55.4625
53.5375
51.625
55.4875
51.875
38.025
47.0875
61.496875
71.9625
68.8375
74.3375
73.4
64.8
68.8375
78.6375
96.1125
75.05
55
58.5875
57.609375
61.65
68.125
63.5875
54.0125
51.6375
46.6125
32.975
33.45
29.4125
19.8375
28.225
31.7875
50.4375
48.5125
62.8625
58.3375
34.1875
31.5625
28.4625
38.0125
25.5875
16.0125
18.15
23.759375
37.3
57.125
57.5875
51.85
42.575
38.975
45.1875
55.95
54.2625
48.525
37.8
41.8625
51.375
52.1
71.9625
82.7375
70.75
71.475
86.3125
91.5625
69.325
48.525
45.1875
71.821875
67.9
61.675
73.6375
87.25
100.175
115.9625
203.92500125
160.8874975
89.8875
80.0625
79.35
84.76875
93.225
90.6125
88.475
86.5625
74.825
64.775
64.0625
79.6125
79.125
57.6125
74.575
80.40625
92.0375
91.0875
102.0625
106.375
95.15
99.9125
92.5125
109.5
89.1625
59.525
31.55
40.425
54.7375
67.4
78.6625
80.8125
66.925
64.0625
69.35
82.7125
62.875
31.1
32.275
46.24375
45.425
51.15
64.7625
70.5125
83.425
68.6
65.9625
72.9125
60.9625
36.8125
29.65
38.66875
60.95
59.75
72.925
57.125
52.3625
48.05
47.8
54.2625
54.75
33.225
32.275
39.975
44
44.2375
49.225
52.5875
34.9125
26.325
32.05
27.7
17.2
20.0625
22.7125
27.39375
43.025
55.925
68.125
71.25
61.9
47.0875
47.8
56.4125
41.6125
30.3625
39.2
53.1375
66.925
87.75
89.9
74.8125
73.8625
68.6125
91.075
92.0375
74.1125
48.7625
47.5625
71.79375
79.375
90.125
90.375
92.75
90.1375
90.125
85.5875
71.225
61.4375
54.5125
41.375
58.49375
73.8625
97.75
94.175
92.525
84.8875
60.84375
67.4125
80.3125
73.15
38.475
32.2625
37.96875
64.2875
87.5
95.3625
103.2625
103.025
120.2625
111.1625
89.65
75.3
52.5875
48.9875
53.553125
68.85
69.1
75.075
80.8
71.0125
69.55
65.7375
64.55
49.475
28.45
27.5125
51.790625
74.1
62.875
55.45
54.25
48.0375
57.3625
58.0875
42.55
49.5
54.7375
53.55
42.6125
79.1375
75.5375
90.125
67.65
47.0875
34.675
29.175
35.6125
30.6125
29.65
42.075
61.08125
61.9125
62.8625
68.1125
70.775
59.0375
49.2375
45.65
54.7375
43.5
29.175
27.75
47.5625
55.95
60.725
75.0625
64.3125
59.0375
47.825
43.7625
59.75
44.7125
23.4375
28.4625
29.9375
38.25
47.5625
54.5125
55.7125
40.425
40.6625
41.6125
48.7625
36.35
12.45
8.4125
11.025
19.8125
22.45
39.7125
37.55
41.1375
40.6375
41.15
43.2875
37.3125
27.025
22.975
26.015625
73.3875
69.075
81.05
73.1375
71.2375
63.825
68.5875
73.6375
64.075
43.7625
42.575
57.484375
69.8125
79.15
86.7875
70.3
50.2
50.1875
47.0875
43.2875
45.1875
38.7375
44.7125
48.778125
64.3
76.9625
78.6625
66.6875
37.775
42.8
43.75
58.7875
49.25
37.525
33.6875
42.159375
57.85
68.85
53.5375
63.825
54.9875
43.525
51.85
58.575
52.3625
37.3
36.8
43.88125
50.425
59.025
71.25
72.675
74.575
82.95
78.9
79.375
69.5625
36.5875
26.0875
35.34375
48.5125
55.6875
65.95
58.7875
52.5875
46.85
44.725
62.3875
49.4875
28.7
25.85
38.8
45.6625
52.3625
65.4875
74.1125
70.65
62.3875
51.15
63.8125
52.125
32.5
35.625
52.009375
62.1625
66.7
70.9875
60.725
55.225
55.6875
58.0875
72.6875
56.8875
27.525
17.45
26.384375
29.65
32.9875
47.8125
34.8875
30.85
31.0875
26.0875
29.175
25.8375
39.4625
50.9125
50.353125
57.125
72.675
82
76.975
57.375
51.625
46.375
49.9375
49.2375
50.4125
45.1875
41.328125
43.525
48.9875
60.0125
63.575
53.775
52.1125
53.55
59.5375
54
47.5625
45.675
56.2125
62.1625
71.4875
73.8625
67.4125
43.5
36.8
76.025
96.825
67.65
46.3875
49.2375
56.8375
66.675
66.6875
75.55
70.525
70.275
78.4125
69.5375
65.975
49.5
35.3875
37.55
50.05625
65.4875
76.5
76.725
62.3875
56.4125
46.8375
48.9875
62.15
52.125
40.8875
53.7875
59.465625
74.6125
95.4
78.8875
65.5
52.825
52.8375
50.9125
57.6125
45.9125
25.8125
20.525
24.925
32.025
33.6875
42.0875
36.575
24.4
22.7375
21.5375
22.7375
18.15
13.875
16.9625
22.16875
31.3125
31.7875
39.925
39.9375
28.9375
29.8875
39.225
44.7125
42.1
34.425
32.025
37.790625
