"x"
76.5
76.5
66.9
78.4
82.2
76.5
78.4
88
93.7
84.2
86.1
95.6
99.4
95.6
89.9
84.2
91.8
88
74.6
82.2
86.1
97.5
88
82.2
74.6
70.8
84.2
70.8
70.8
55.5
63.1
63.1
59.3
53.5
59.3
59.3
65
57.4
68.8
49.7
55.5
49.7
66.9
76.5
84.2
57.4
59.3
88
57.4
65
44
57.4
74.6
51.6
53.5
65
55.5
63.1
68.8
74.6
68.8
80.3
74.6
63.1
61.2
78.4
57.4
63.1
61.2
78.4
72.7
57.4
53.5
42.1
38.3
38.3
38.3
34.4
26.8
28.7
28.7
28.7
23
24.9
23
23
23
23
24.9
28.7
32.5
41.1
45.4
49.7
49.7
51.6
53.5
49.7
44
63.1
65
88
86.1
76.5
74.6
53.5
70.8
68.8
66.9
61.2
72.7
89.9
72.7
82.2
55.5
65
95.6
76.5
78.4
84.2
44
59.3
89.9
49.7
65
66.9
55.5
51.6
32.5
42.1
32.5
45.9
63.1
47.8
32.5
45.9
44
59.3
40.2
26.8
61.2
44
53.5
88
45.9
57.4
44
63.1
38.3
51.6
51.6
44
40.2
36.3
40.2
59.3
57.4
49.7
74.6
63.1
57.4
55.5
70.8
61.2
61.2
61.2
78.4
80.3
66.9
59.3
59.3
55.5
55.5
51.6
45.9
59.3
59.3
51.6
59.3
55.5
65
68.8
57.4
53.5
53.5
57.4
40.2
44
45.9
47.8
51.6
53.5
53.5
45.9
63.1
57.4
61.2
61.2
86.1
65
51.6
44
45.9
38.3
38.3
40.2
36.3
32.5
45.9
38.3
30.6
38.3
40.2
36.3
36.3
53.5
30.6
28.7
40.2
30.6
34.4
65
30.6
23
24.9
24.9
24.9
32.5
38.3
45.9
23
34.4
40.2
38.3
24.9
28.7
32.5
57.4
55.5
70.8
68.8
34.4
45.9
47.8
34.4
40.2
53.5
49.7
76.5
89.9
49.7
76.5
78.4
88
82.2
112.8
88
78.4
86.1
91.8
82.2
86.1
68.8
74.6
53.5
47.8
51.6
63.1
66.9
57.4
63.1
57.4
66.9
63.1
65
49.7
53.5
40.2
49.7
53.5
57.4
61.2
49.7
56.4
59.75
63.1
65
63.1
45.9
53.5
55.5
63.1
49.7
66.9
88
97.5
80.3
63.1
66.9
84.2
80.3
80.3
68.8
80.3
55.5
78.4
70.8
93.7
66.9
45.9
42.1
76.5
84.2
53.5
59.3
38.3
63.1
61.2
34.4
49.7
30.6
57.4
32.5
51.6
51.6
44
53.5
38.3
30.6
32.5
19.1
32.5
30.6
26.8
26.8
24.9
45.9
45.9
51.6
42.1
68.8
44
61.2
51.6
68.8
72.7
78.4
82.2
86.1
84.2
78.4
72.7
72.7
76.5
72.7
70.8
70.8
65
57.4
45.9
51.6
55.5
45.9
45.9
36.3
40.2
44
40.2
45.9
45.9
40.2
38.3
36.3
32.5
38.3
51.6
57.4
53.5
49.7
53.55
55.475
57.4
74.6
68.8
68.8
68.8
66.9
66.9
70.8
70.8
68.8
76.5
78.4
72.7
76.5
74.6
74.6
70.8
74.6
70.8
66.9
76.5
68.8
72.7
68.8
63.1
57.4
68.8
70.8
61.2
38.3
44
76.5
70.8
38.3
66.9
72.7
55.5
26.8
44
38.3
57.4
53.5
47.8
82.2
78.4
65
55.5
80.3
72.7
78.4
47.8
72.7
65
59.3
59.3
72.7
65
59.3
74.6
82.2
80.3
59.3
59.3
59.3
91.8
84.2
72.7
86.1
66.9
68.8
86.1
82.2
80.3
72.7
72.7
66.9
70.8
72.7
70.8
66.9
59.3
59.3
53.5
55.5
72.7
66.9
57.4
61.2
61.2
53.5
61.2
66.9
66.9
63.1
60.25
58.825
57.4
53.5
53.5
59.3
53.5
47.8
40.2
47.8
59.3
57.4
57.4
53.5
61.2
55.5
53.5
51.6
53.5
74.6
66.9
57.4
66.9
51.6
30.6
34.4
57.4
45.9
47.8
51.6
57.4
84.2
66.9
59.3
76.5
42.1
45.9
47.8
55.5
45.9
70.8
53.5
55.5
44
59.3
40.2
57.4
45.9
40.2
45.9
42.1
45.9
61.2
49.7
51.6
47.8
49.7
53.5
51.6
49.7
45.9
45.9
44
51.6
47.8
44
47.8
51.6
42.1
57.4
53.5
38.3
45.9
47.8
53.5
38.3
32.5
40.2
26.8
32.5
30.6
30.6
32.5
32.5
24.9
23
24.9
34.4
32.5
30.6
30.6
30.6
32.5
24.9
24.9
26.8
34.45
38.275
42.1
38.3
40.2
36.3
40.2
44
45.9
49.7
59.3
45.9
53.5
53.5
53.5
45.9
40.2
51.6
57.4
42.1
44
57.4
45.9
40.2
42.1
45.9
49.7
45.9
55.5
53.5
57.4
61.2
44
40.2
51.6
51.6
57.4
49.7
47.8
55.5
47.8
45.9
44
51.6
40.2
47.8
51.6
51.6
45.9
53.5
45.9
51.6
49.7
45.9
51.6
45.9
45.9
42.1
42.1
44
53.5
57.4
57.4
49.7
53.5
51.6
45.9
49.7
45.9
44
51.6
44
42.1
51.6
49.7
53.5
45.9
44
34.4
30.6
38.3
26.8
26.8
26.8
19.1
21
23
23
24.9
21
21
24.9
26.8
23
21
26.8
28.7
29.65
30.6
40.2
38.3
34.4
38.3
42.1
51.6
53.5
53.5
53.5
51.6
61.2
59.3
55.5
51.6
51.6
55.5
55.5
59.3
57.4
65
72.7
76.5
66.9
59.3
57.4
51.6
51.6
49.7
49.7
51.6
45.9
51.6
53.5
59.3
53.5
57.4
61.2
61.2
59.3
49.7
51.6
55.5
65
55.5
47.8
40.2
49.7
55.5
61.2
47.8
47.8
40.2
45.9
34.4
34.4
34.4
45.9
53.5
51.6
59.3
55.5
53.5
51.6
47.8
59.3
57.4
68.8
65
65
55.5
61.2
59.3
55.5
53.5
44
34.4
32.5
26.8
26.8
21
19.1
17.2
17.2
13.4
13.4
13.4
13.4
15.3
17.2
21
21
26.8
26.8
30.6
32.5
34.4
40.2
42.1
47.8
49.7
53.5
61.2
49.7
72.7
45.9
44
47.8
40.2
47.8
44
53.5
34.4
40.2
40.2
32.5
42.1
42.1
40.2
42.1
53.5
53.5
53.5
40.2
49.7
45.9
51.6
59.3
61.2
68.8
61.2
65
74.6
51.6
70.8
80.3
68.8
53.5
68.8
66.9
78.4
68.8
44
65
68.8
84.2
55.5
63.1
59.3
61.2
55.5
66.9
57.4
55.5
51.6
66.9
68.8
57.4
55.5
63.1
68.8
72.7
65
74.6
74.6
68.8
78.4
76.5
76.5
65
61.2
61.2
55.5
44
38.3
26.8
28.7
28.7
26.8
23
26.8
24.9
23
23
26.8
21
24.9
26.8
32.5
28.7
29.65
30.125
30.6
26.8
30.6
21
26.8
30.6
30.6
34.4
40.2
36.3
36.3
34.4
45.9
40.2
44
36.3
42.1
44
40.2
36.3
40.2
42.1
42.1
36.3
51.6
47.8
51.6
66.9
57.4
40.2
40.2
53.5
68.8
44
38.3
32.5
40.2
30.6
47.8
34.4
40.2
47.8
47.8
47.8
47.8
47.8
47.8
45.9
45.9
44
42.1
57.4
42.1
38.3
45.9
36.3
42.1
28.7
36.3
36.3
40.2
47.8
63.1
66.9
49.7
47.8
59.3
45.9
49.7
55.5
44
45.9
53.5
40.2
47.8
49.7
42.1
40.2
38.3
38.3
30.6
30.6
30.6
23
21
23
24.9
19.1
24.9
23
23
26.8
21
17.2
22.95
25.825
28.7
32.5
32.5
36.3
34.4
36.3
34.4
44
42.1
44
45.9
42.1
42.1
42.1
45.9
45.9
40.2
44
36.3
40.2
44
40.2
45.9
51.6
47.8
49.7
51.6
42.1
51.6
45.9
45.9
47.8
51.6
53.5
45.9
47.8
66.9
45.9
44
53.5
34.4
38.3
51.6
47.8
55.5
53.5
38.3
45.9
59.3
40.2
55.5
38.3
44
51.6
45.9
47.8
55.5
61.2
42.1
47.8
57.4
66.9
61.2
55.5
68.8
68.8
61.2
47.8
49.7
53.5
45.9
47.8
45.9
53.5
59.3
49.7
47.8
42.1
40.2
42.1
30.6
26.8
23
23
21
23
23
21
23
21
17.2
17.2
17.2
17.2
22.95
25.825
28.7
32.5
28.7
32.5
34.4
36.3
40.2
34.4
34.4
36.3
40.2
40.2
38.3
34.4
32.5
34.4
34.4
34.4
34.4
32.5
44
49.7
61.2
55.5
57.4
61.2
57.4
65
59.3
63.1
53.5
66.9
88
74.6
80.3
70.8
63.1
61.2
57.4
45.9
44
59.3
68.8
55.5
53.5
45.9
44
49.7
61.2
61.2
59.3
68.8
63.1
55.5
55.5
61.2
61.2
47.8
63.1
47.8
47.8
49.7
68.8
63.1
65
68.8
59.3
65
68.8
61.2
59.3
66.9
47.8
66.9
49.7
53.5
55.5
44
47.8
47.8
42.1
42.1
38.3
34.4
32.5
28.7
34.4
28.7
32.5
24.9
19.1
21
21
21
26.75
29.625
32.5
26.8
26.8
26.8
24.9
28.7
44
32.5
45.9
49.7
28.7
24.9
24.9
21
24.9
28.7
26.8
19.1
26.8
26.8
19.1
17.2
17.2
19.1
19.1
19.1
21
13.4
21
21
21
26.8
24.9
24.9
28.7
23
21
23
19.1
21
26.8
23
23
23
21
28.7
24.9
24.9
21
15.3
15.3
23
13.4
17.2
17.2
15.3
23
15.3
15.3
15.3
21
19.1
19.1
21
15.3
15.3
17.2
23
21
21
24.9
21
21
24.9
17.2
23
24.9
21
24.9
26.8
21
24.9
24.9
24.9
19.1
21
24.9
26.8
34.4
36.3
34.4
34.4
34.4
38.3
40.2
41.15
42.1
49.7
51.6
40.2
40.2
38.3
36.3
40.2
57.4
57.4
55.5
57.4
55.5
51.6
57.4
66.9
57.4
55.5
36.3
42.1
45.9
45.9
36.3
28.7
51.6
86.1
63.1
55.5
44
61.2
55.5
55.5
44
42.1
44
42.1
59.3
42.1
51.6
61.2
51.6
61.2
45.9
47.8
55.5
47.8
42.1
42.1
47.8
47.8
61.2
61.2
47.8
45.9
51.6
47.8
57.4
59.3
45.9
53.5
40.2
53.5
57.4
38.3
49.7
45.9
40.2
45.9
59.3
47.8
42.1
53.5
59.3
45.9
47.8
45.9
32.5
34.4
40.2
36.3
28.7
32.5
26.8
26.8
26.8
28.7
36.3
34.4
34.4
34.4
32.5
34.4
36.3
34.4
49.7
57.35
65
53.5
55.5
55.5
57.4
65
76.5
84.2
88
89.9
91.8
105.2
93.7
99.4
103.3
76.5
78.4
78.4
65
66.9
51.6
57.4
66.9
59.3
53.5
51.6
72.7
65
51.6
66.9
66.9
70.8
57.4
70.8
74.6
36.3
45.9
65
65
44
70.8
74.6
63.1
76.5
59.3
55.5
53.5
38.3
40.2
51.6
61.2
70.8
82.2
57.4
74.6
68.8
68.8
59.3
63.1
61.2
70.8
76.5
76.5
82.2
76.5
76.5
82.2
70.8
74.6
68.8
74.6
70.8
65
63.1
66.9
59.3
49.7
36.3
36.3
30.6
30.6
21
17.2
17.2
17.2
17.2
17.2
13.4
13.4
15.3
21
17.2
13.4
23
23
23
23
23
21
26.8
28.7
32.5
42.1
47.8
32.5
45.9
45.9
42.1
34.4
45.9
38.3
36.3
42.1
49.7
44
53.5
49.7
42.1
42.1
49.7
55.5
57.4
66.9
57.4
65
66.9
49.7
44
51.6
63.1
70.8
59.3
65
61.2
65
63.1
63.1
70.8
65
53.5
49.7
55.5
57.4
65
66.9
76.5
70.8
70.8
80.3
68.8
63.1
61.2
72.7
57.4
51.6
63.1
61.2
68.8
63.1
65
57.4
63.1
63.1
61.2
63.1
57.4
65
61.2
59.3
57.4
42.1
38.3
30.6
34.4
40.2
32.5
28.7
21
23
23
21
15.3
15.3
15.3
21
24.9
24.9
23
24.9
21
35.35
42.525
49.7
45.9
49.7
55.5
53.5
51.6
53.5
53.5
61.2
51.6
53.5
59.3
59.3
49.7
47.8
44
51.6
53.5
57.4
44
47.8
53.5
51.6
51.6
76.5
76.5
72.7
47.8
70.8
61.2
59.3
70.8
68.8
78.4
80.3
82.2
70.8
78.4
80.3
84.2
101.4
80.3
66.9
68.8
88
78.4
91.8
82.2
45.9
70.8
63.1
65
53.5
51.6
49.7
54.5
56.9
59.3
47.8
53.5
44
55.5
66.9
72.7
70.8
57.4
63.1
70.8
57.4
53.5
53.5
55.5
45.9
51.6
36.3
26.8
32.5
44
47.8
45.9
47.8
44
40.2
26.8
34.4
28.7
28.7
26.8
30.6
26.8
23
23
30.6
28.7
28.7
28.7
28.7
36.3
40.2
66.9
68.8
66.9
70.8
66.9
74.6
70.8
63.1
59.3
63.1
68.8
72.7
78.4
80.3
76.5
76.5
80.3
82.2
89.9
84.2
91.8
91.8
84.2
80.3
80.3
76.5
89.9
76.5
101.4
68.8
59.3
68.8
61.2
63.1
53.5
57.4
55.5
57.4
53.5
57.4
74.6
65
45.9
61.2
53.5
61.2
68.8
45.9
38.3
44
53.5
51.6
55.5
45.9
57.4
65
65
82.2
80.3
76.5
74.6
91.8
93.7
86.1
86.1
86.1
89.9
89.9
91.8
86.1
78.4
76.5
76.5
63.1
68.8
65
66.9
66.9
66.9
74.6
74.6
74.6
76.5
74.6
76.5
76.5
80.3
74.6
76.5
74.6
78.4
78.4
78.4
78.4
82.2
86.1
80.3
84.2
88
89.9
86.1
91.8
97.5
114.8
107.1
114.8
130.10001
114.8
116.7
107.1
118.6
130.10001
107.1
105.2
120.5
88
88
89.9
66.9
93.7
84.2
76.5
91.8
88
65
59.3
45.9
49.7
53.5
59.3
99.4
59.3
59.3
53.5
53.5
59.3
66.9
84.2
76.5
86.1
86.1
38.3
49.7
55.5
59.3
78.4
84.2
86.1
95.6
80.3
105.2
78.4
91.8
88
105.2
107.1
97.5
93.7
99.4
93.7
88
78.4
74.6
68.8
66.9
65
65
63.1
63.1
59.3
63.1
57.4
53.5
55.5
59.3
61.2
63.1
59.3
59.3
86.1
61.2
61.2
59.3
63.1
66.9
68.8
72.7
73.65
74.125
74.6
80.3
84.2
86.1
66.9
63.1
59.3
61.2
49.7
47.8
68.8
59.3
76.5
68.8
89.9
74.6
66.9
101.4
65
55.5
63.1
53.5
57.4
65
59.3
61.2
63.1
59.3
55.5
53.5
49.7
47.8
49.7
59.3
59.3
45.9
53.5
40.2
53.5
42.1
49.7
44
41.15
38.3
44
44
45.9
38.3
32.5
44
55.5
28.7
44
66.9
38.3
53.5
49.7
53.5
42.1
55.5
61.2
57.4
49.7
51.6
63.1
66.9
61.2
63.1
63.1
72.7
59.3
55.5
59.3
70.8
78.4
68.8
68.8
63.1
59.3
44
45.9
42.1
40.2
40.2
40.2
57.4
53.5
47.8
42.1
40.2
45.9
55.5
53.5
49.7
56.4
59.75
63.1
66.9
65
61.2
78.4
76.5
89.9
80.3
80.3
72.7
80.3
63.1
74.6
76.5
72.7
72.7
72.7
65
61.2
55.5
49.7
47.8
65
63.1
66.9
57.4
61.2
63.1
70.8
49.7
42.1
59.3
36.3
61.2
89.9
82.2
76.5
88
86.1
89.9
86.1
88
84.2
88
72.7
72.7
49.7
45.9
55.5
61.2
66.9
61.2
51.6
72.7
63.1
86.1
66.9
40.2
42.1
40.2
66.9
61.2
68.8
59.3
88
112.8
114.8
118.6
116.7
118.6
118.6
107.1
95.6
82.2
76.5
72.7
68.8
68.8
68.8
68.8
72.7
70.8
70.8
74.6
72.7
72.7
78.4
82.2
86.1
84.2
89.9
91.8
91.8
93.7
98.5
100.9
103.3
101.4
105.2
109
97.5
86.1
80.3
80.3
82.2
84.2
82.2
78.4
82.2
78.4
80.3
68.8
65
66.9
70.8
57.4
51.6
49.7
53.5
63.1
66.9
78.4
70.8
74.6
101.4
84.2
59.3
68.8
74.6
70.8
44
78.4
78.4
80.3
88
55.5
53.5
32.5
38.3
44
80.3
76.5
72.7
70.8
86.1
70.8
63.1
66.9
78.4
76.5
42.1
61.2
47.8
47.8
40.2
53.5
70.8
59.3
59.3
65
78.4
74.6
68.8
76.5
70.8
72.7
76.5
72.7
66.9
57.4
57.4
51.6
47.8
45.9
47.8
49.7
55.5
49.7
42.1
40.2
36.3
32.5
32.5
32.5
32.5
30.6
36.3
36.3
32.5
44
48.75
51.125
53.5
55.5
57.4
53.5
57.4
61.2
70.8
68.8
68.8
68.8
63.1
61.2
57.4
59.3
47.8
53.5
49.7
44
45.9
40.2
40.2
49.7
59.3
57.4
63.1
49.7
45.9
57.4
65
66.9
68.8
59.3
32.5
24.9
21
26.8
28.7
28.7
32.5
28.7
32.5
26.8
17.2
17.2
26.8
34.4
45.9
45.9
32.5
34.4
38.3
51.6
32.5
28.7
30.6
30.6
32.5
28.7
34.4
42.1
40.2
34.4
36.3
36.3
32.5
40.2
45.9
45.9
42.1
40.2
40.2
40.2
42.1
51.6
49.7
49.7
49.7
44
40.2
36.3
44
49.7
55.5
53.5
57.4
55.5
70.8
72.7
66.9
68.8
55.5
51.6
51.6
40.2
54.5
61.65
68.8
68.8
68.8
74.6
84.2
101.4
101.4
103.3
103.3
112.8
103.3
99.4
93.7
89.9
76.5
66.9
49.7
55.5
53.5
55.5
66.9
53.5
49.7
53.5
70.8
68.8
59.3
84.2
95.6
70.8
74.6
78.4
74.6
78.4
65
68.8
57.4
74.6
55.5
68.8
49.7
82.2
63.1
72.7
53.5
68.8
68.8
70.8
40.2
72.7
70.8
84.2
47.8
66.9
61.2
61.2
61.2
55.5
53.5
70.8
70.8
68.8
47.8
49.7
45.9
66.9
80.3
55.5
59.3
65
70.8
61.2
74.6
72.7
65
72.7
84.2
65
59.3
61.2
66.9
55.5
66.9
53.5
66.9
49.7
63.1
65
51.6
55.5
57.4
51.6
47.8
51.6
50.65
50.175
49.7
49.7
44
49.7
57.4
55.5
47.8
47.8
49.7
49.7
32.5
32.5
30.6
30.6
36.3
38.3
36.3
42.1
45.9
49.7
44
45.9
42.1
51.6
59.3
49.7
42.1
53.5
44
49.7
47.8
44
36.3
28.7
32.5
36.3
28.7
38.3
42.1
28.7
34.4
53.5
34.4
32.5
32.5
32.5
32.5
32.5
47.8
36.3
42.1
45.9
38.3
38.3
47.8
32.5
51.6
51.6
51.6
55.5
55.5
34.4
42.1
49.7
45.9
57.4
63.1
86.1
72.7
72.7
76.5
80.3
82.2
91.8
88
80.3
66.9
55.5
65
68.8
65
51.6
57.4
51.6
53.5
45.9
38.3
32.5
38.3
49.7
49.7
38.3
36.3
38.3
43.05
45.425
47.8
45.9
47.8
51.6
55.5
53.5
51.6
57.4
57.4
49.7
55.5
57.4
55.5
66.9
51.6
57.4
51.6
47.8
55.5
47.8
47.8
51.6
42.1
47.8
47.8
42.1
51.6
51.6
53.5
44
47.8
47.8
70.8
76.5
78.4
99.4
91.8
88
101.4
91.8
61.2
53.5
88
86.1
93.7
86.1
93.7
88
99.4
86.1
84.2
86.1
84.2
70.8
74.6
66.9
72.7
78.4
78.4
68.8
45.9
55.5
86.1
82.2
70.8
82.2
82.2
68.8
84.2
78.4
82.2
82.2
80.3
86.1
86.1
84.2
86.1
80.3
72.7
72.7
70.8
59.3
59.3
59.3
57.4
51.6
49.7
51.6
65
70.8
84.2
84.2
72.7
36.3
38.25
39.225
40.2
44
36.3
32.5
49.7
49.7
53.5
70.8
66.9
78.4
74.6
65
82.2
80.3
88
91.8
86.1
93.7
88
66.9
59.3
70.8
72.7
93.7
109
76.5
84.2
93.7
86.1
103.3
99.4
66.9
59.3
42.1
72.7
61.2
57.4
66.9
65
76.5
88
80.3
70.8
70.8
61.2
51.6
61.2
61.2
63.1
51.6
51.6
68.8
78.4
74.6
70.8
68.8
68.8
84.2
72.7
76.5
63.1
88
84.2
78.4
66.9
76.5
76.5
84.2
72.7
76.5
80.3
84.2
93.7
86.1
76.5
72.7
72.7
72.7
70.8
65
61.2
57.4
53.5
57.4
47.8
44
51.6
47.8
42.1
47.8
57.4
59.3
63.1
65
53.55
47.825
42.1
40.2
40.2
45.9
55.5
65
68.8
53.5
57.4
57.4
55.5
59.3
72.7
72.7
65
66.9
65
66.9
65
65
61.2
51.6
57.4
61.2
49.7
53.5
53.5
63.1
61.2
59.3
57.4
61.2
63.1
65
65
76.5
63.1
66.9
68.8
65
68.8
66.9
80.3
66.9
68.8
66.9
68.8
88
95.6
93.7
82.2
65
61.2
74.6
68.8
66.9
55.5
65
61.2
68.8
59.3
70.8
72.7
72.7
74.6
70.8
65
68.8
72.7
70.8
72.7
78.4
72.7
76.5
80.3
66.9
61.2
61.2
61.2
61.2
55.5
47.8
42.1
38.3
42.1
38.3
42.1
32.5
34.4
30.6
26.8
24.9
23
30.6
30.6
30.6
30.6
32.5
40.2
32.5
34.4
42.1
42.1
44
40.2
40.2
42.1
49.7
53.5
63.1
49.7
53.5
45.9
40.2
49.7
47.8
55.5
57.4
66.9
65
55.5
55.5
68.8
80.3
78.4
61.2
66.9
70.8
74.6
95.6
89.9
57.4
68.8
55.5
55.5
55.5
65
66.9
78.4
59.3
78.4
76.5
45.9
57.4
68.8
78.4
82.2
88
74.6
53.5
38.3
63.1
74.6
78.4
61.2
57.4
86.1
80.3
89.9
107.1
86.1
99.4
88
74.6
95.6
66.9
88
88
95.6
88
72.7
66.9
63.1
61.2
53.5
47.8
55.5
49.7
38.3
36.3
34.4
26.8
32.5
30.6
34.4
28.7
40.2
42.1
38.3
32.5
35.4
36.85
38.3
40.2
44
51.6
63.1
59.3
47.8
55.5
72.7
49.7
53.5
55.5
65
59.3
65
57.4
72.7
61.2
76.5
76.5
80.3
89.9
66.9
86.1
78.4
72.7
78.4
72.7
49.7
47.8
42.1
44
49.7
49.7
55.5
44
53.5
44
53.5
53.5
63.1
53.5
57.4
42.1
34.4
32.5
34.4
36.3
34.4
44
47.8
53.5
55.5
51.6
53.5
49.7
45.9
51.6
42.1
45.9
45.9
49.7
45.9
40.2
40.2
45.9
44
44
42.1
45.9
63.1
47.8
51.6
51.6
42.1
36.3
40.2
36.3
34.4
36.3
28.7
28.7
28.7
26.8
32.5
30.6
34.4
34.4
36.3
38.3
34.4
34.4
30.6
34.4
35.35
35.825
36.3
47.8
42.1
47.8
55.5
61.2
51.6
59.3
68.8
68.8
74.6
74.6
66.9
61.2
51.6
51.6
57.4
45.9
49.7
45.9
51.6
51.6
44
61.2
57.4
66.9
61.2
74.6
74.6
68.8
63.1
51.6
61.2
65
65
65
55.5
51.6
57.4
51.6
51.6
65
65
59.3
55.5
61.2
61.2
65
76.5
65
61.2
65
76.5
68.8
63.1
78.4
59.3
59.3
65
72.7
70.8
61.2
66.9
74.6
74.6
72.7
61.2
59.3
72.7
61.2
66.9
72.7
66.9
66.9
59.3
53.5
44
47.8
45.9
36.3
34.4
36.3
32.5
34.4
32.5
28.7
30.6
30.6
32.5
32.5
34.4
30.6
34.4
38.3
40.2
41.15
42.1
42.1
47.8
45.9
59.3
61.2
53.5
86.1
84.2
74.6
70.8
68.8
74.6
68.8
65
53.5
59.3
65
66.9
66.9
70.8
59.3
66.9
61.2
78.4
74.6
93.7
82.2
66.9
74.6
74.6
82.2
78.4
76.5
74.6
88
86.1
86.1
84.2
70.8
72.7
61.2
63.1
74.6
84.2
70.8
76.5
74.6
86.1
82.2
82.2
70.8
88
80.3
76.5
68.8
84.2
72.7
74.6
74.6
66.9
76.5
74.6
66.9
66.9
66.9
80.3
76.5
93.7
82.2
86.1
80.3
78.4
80.3
84.2
61.2
65
65
53.5
47.8
45.9
44
30.6
32.5
28.7
30.6
42.1
32.5
30.6
32.5
34.4
36.3
36.3
36.3
39.2
40.65
42.1
51.6
47.8
45.9
61.2
66.9
76.5
74.6
68.8
68.8
82.2
82.2
68.8
65
72.7
57.4
59.3
49.7
65
66.9
74.6
78.4
86.1
86.1
70.8
89.9
78.4
78.4
68.8
78.4
68.8
59.3
76.5
59.3
55.5
45.9
51.6
55.5
80.3
59.3
72.7
66.9
47.8
59.3
66.9
66.9
65
65
66.9
66.9
66.9
51.6
57.4
66.9
74.6
65
65
78.4
82.2
72.7
72.7
78.4
78.4
78.4
65
72.7
82.2
59.3
68.8
66.9
65
65
61.2
65
49.7
44
55.5
55.5
66.9
59.3
51.6
55.5
36.3
34.4
32.5
34.4
34.4
34.4
42.1
42.1
32.5
38.3
45.9
34.4
34.4
34.4
34.4
45.9
45.9
53.5
45.9
55.5
63.1
70.8
74.6
72.7
78.4
72.7
70.8
66.9
70.8
80.3
78.4
74.6
80.3
91.8
89.9
101.4
91.8
93.7
89.9
86.1
80.3
91.8
93.7
88
86.1
86.1
72.7
80.3
89.9
89.9
91.8
89.9
78.4
93.7
99.4
97.5
101.4
109
80.3
61.2
74.6
66.9
74.6
80.3
70.8
86.1
95.6
66.9
68.8
95.6
68.8
82.2
66.9
82.2
84.2
78.4
72.7
95.6
105.2
97.5
97.5
82.2
101.4
80.3
86.1
86.1
84.2
84.2
82.2
63.1
78.4
86.1
86.1
89.9
89.9
80.3
74.6
72.7
78.4
80.3
86.1
89.9
91.8
88
86.1
82.2
74.6
80.3
83.2
84.65
86.1
93.7
103.3
70.8
72.7
68.8
68.8
82.2
91.8
80.3
61.2
84.2
82.2
70.8
74.6
66.9
59.3
63.1
63.1
55.5
57.4
57.4
59.3
68.8
70.8
70.8
76.5
78.4
82.2
88
68.8
61.2
70.8
61.2
74.6
59.3
76.5
95.6
55.5
80.3
82.2
84.2
66.9
72.7
70.8
59.3
57.4
80.3
78.4
80.3
74.6
72.7
63.1
61.2
72.7
76.5
70.8
80.3
80.3
88
84.2
84.2
89.9
88
78.4
68.8
72.7
70.8
86.1
86.1
80.3
109
91.8
82.2
82.2
84.2
89.9
88
84.2
93.7
97.5
88
82.2
76.5
80.3
93.7
97.5
93.7
93.7
76.5
70.8
72.7
61.2
76.5
81.3
83.7
86.1
61.2
51.6
65
61.2
74.6
59.3
40.2
65
66.9
70.8
86.1
99.4
93.7
93.7
99.4
91.8
95.6
82.2
95.6
91.8
101.4
86.1
103.3
89.9
99.4
88
72.7
70.8
65
76.5
88
70.8
68.8
63.1
55.5
65
57.4
63.1
66.9
53.5
61.2
70.8
49.7
61.2
61.2
61.2
88
66.9
66.9
70.8
72.7
74.6
93.7
88
80.3
80.3
78.4
93.7
80.3
63.1
57.4
63.1
49.7
72.7
68.8
53.5
72.7
72.7
66.9
66.9
70.8
70.8
76.5
84.2
84.2
70.8
59.3
59.3
51.6
51.6
45.9
51.6
57.4
65
63.1
63.1
70.8
65
72.7
72.7
76.5
63.1
55.5
60.25
62.625
65
61.2
57.4
59.3
65
59.3
72.7
72.7
76.5
72.7
68.8
78.4
68.8
72.7
66.9
72.7
82.2
74.6
84.2
78.4
72.7
78.4
95.6
91.8
86.1
84.2
88
88
84.2
91.8
86.1
84.2
86.1
61.2
59.3
74.6
66.9
49.7
59.3
63.1
74.6
74.6
53.5
66.9
88
68.8
63.1
68.8
68.8
55.5
82.2
66.9
63.1
63.1
72.7
61.2
76.5
72.7
80.3
86.1
74.6
78.4
80.3
70.8
66.9
66.9
76.5
66.9
80.3
84.2
74.6
84.2
76.5
76.5
70.8
78.4
68.8
66.9
80.3
53.5
68.8
53.5
49.7
45.9
40.2
38.3
42.1
36.3
40.2
32.5
32.5
26.8
26.8
28.7
32.5
34.4
36.3
38.3
42.1
42.1
45.9
55.5
63.1
59.3
68.8
76.5
53.5
63.1
57.4
74.6
68.8
59.3
68.8
57.4
68.8
72.7
63.1
84.2
76.5
88
84.2
78.4
68.8
80.3
86.1
78.4
74.6
76.5
80.3
86.1
76.5
91.8
89.9
74.6
82.2
68.8
45.9
51.6
61.2
61.2
59.3
76.5
68.8
68.8
86.1
65
53.5
47.8
55.5
53.5
78.4
65
59.3
65
91.8
80.3
70.8
72.7
82.2
95.6
91.8
109
93.7
99.4
99.4
101.4
86.1
84.2
91.8
80.3
88
74.6
76.5
57.4
53.5
47.8
36.3
36.3
32.5
32.5
23
26.8
26.8
28.7
32.5
30.6
30.6
30.6
32.5
36.3
37.3
37.8
38.3
40.2
47.8
49.7
55.5
68.8
70.8
74.6
88
95.6
82.2
76.5
80.3
70.8
65
72.7
72.7
86.1
84.2
82.2
84.2
80.3
74.6
72.7
86.1
70.8
59.3
70.8
72.7
63.1
61.2
61.2
57.4
55.5
59.3
53.5
70.8
80.3
55.5
63.1
82.2
80.3
68.8
72.7
63.1
61.2
59.3
61.2
68.8
65
65
65
63.1
70.8
65
63.1
70.8
78.4
63.1
65
76.5
74.6
91.8
88
91.8
99.4
89.9
89.9
88
86.1
99.4
97.5
97.5
89.9
89.9
82.2
66.9
57.4
57.4
49.7
40.2
34.4
24.9
26.8
24.9
19.1
21
19.1
19.1
19.1
19.1
21
24.9
24.9
22.95
21.975
21
26.8
23
28.7
32.5
38.3
51.6
61.2
61.2
44
51.6
51.6
61.2
63.1
61.2
49.7
55.5
57.4
51.6
61.2
68.8
72.7
63.1
70.8
78.4
78.4
70.8
72.7
80.3
65
88
78.4
70.8
51.6
59.3
55.5
66.9
70.8
53.5
70.8
47.8
53.5
53.5
66.9
63.1
63.1
59.3
78.4
63.1
57.4
51.6
61.2
61.2
63.1
70.8
65
59.3
61.2
59.3
65
61.2
74.6
63.1
80.3
74.6
82.2
76.5
82.2
88
74.6
70.8
76.5
82.2
91.8
80.3
80.3
78.4
65
57.4
55.5
51.6
38.3
36.3
34.4
34.4
28.7
30.6
32.5
28.7
28.7
32.5
30.6
28.7
30.6
31.55
32.025
32.5
38.3
38.3
38.3
42.1
49.7
55.5
66.9
66.9
74.6
74.6
57.4
66.9
66.9
63.1
70.8
80.3
78.4
78.4
72.7
82.2
76.5
86.1
82.2
74.6
91.8
86.1
84.2
57.4
70.8
82.2
84.2
74.6
61.2
63.1
61.2
82.2
59.3
72.7
65
55.5
57.4
70.8
74.6
61.2
70.8
57.4
61.2
57.4
61.2
45.9
36.3
49.7
53.5
51.6
59.3
55.5
53.5
72.7
78.4
70.8
70.8
78.4
74.6
76.5
65
59.3
53.5
68.8
72.7
63.1
78.4
72.7
70.8
74.6
55.5
51.6
47.8
42.1
34.4
36.3
30.6
24.9
24.9
17.2
19.1
19.1
15.3
19.1
15.3
17.2
11.5
17.2
13.4
17.2
19.1
21
19.1
21
24.9
28.7
32.5
34.4
28.7
32.5
28.7
34.4
26.8
34.4
34.4
28.7
32.5
32.5
34.4
32.5
32.5
36.3
34.4
36.3
40.2
38.3
47.8
38.3
36.3
45.9
34.4
47.8
40.2
42.1
45.9
53.5
38.3
42.1
38.3
34.4
47.8
42.1
34.4
30.6
26.8
40.2
38.3
47.8
40.2
36.3
32.5
28.7
30.6
32.5
23
51.6
42.1
26.8
36.3
49.7
38.3
38.3
59.3
32.5
36.3
40.2
38.3
53.5
44
49.7
44
51.6
34.4
34.4
34.4
38.3
30.6
26.8
30.6
34.4
26.8
24.9
23
19.1
19.1
26.8
24.9
23
21
26.8
28.7
28.7
36.3
32.5
36.3
43
46.35
49.7
47.8
61.2
55.5
42.1
53.5
61.2
63.1
65
65
72.7
65
76.5
89.9
78.4
95.6
74.6
82.2
66.9
59.3
72.7
82.2
86.1
72.7
63.1
70.8
91.8
91.8
78.4
74.6
72.7
91.8
80.3
66.9
74.6
68.8
61.2
88
63.1
38.3
49.7
47.8
59.3
53.5
47.8
49.7
59.3
51.6
36.3
53.5
45.9
47.8
57.4
42.1
49.7
51.6
59.3
61.2
49.7
57.4
66.9
70.8
82.2
72.7
80.3
82.2
88
76.5
80.3
82.2
88
89.9
84.2
80.3
80.3
74.6
74.6
78.4
76.5
86.1
76.5
71.7
69.3
68.1
67.5
67.2
67.05
66.975
66.9375
66.91875
66.909375
66.9046875
66.90234375
66.901171875
66.9005859375
66.90029296875
66.900146484375
66.9000732421875
66.9000366210938
66.9000183105469
66.9000091552734
66.9000045776367
66.9000022888184
66.9000011444092
66.9000005722046
66.9000002861023
66.9000001430512
66.9000000715256
66.9000000357628
66.9000000178814
66.9000000089407
66.9000000044704
66.9000000022352
66.9000000011176
66.9000000005588
66.9000000002794
66.9000000001397
66.9000000000699
66.9000000000349
66.9000000000175
66.9000000000087
66.9000000000044
66.9000000000022
66.9000000000011
66.9000000000005
66.9000000000003
66.9000000000001
66.9000000000001
66.9
66.9
66.9
66.9
66.9
45.9
68.8
74.6
66.9
57.4
72.7
70.8
55.5
44
65
66.9
97.5
88
97.5
70.8
78.4
93.7
112.8
105.2
122.4
156.8
141.5
139.60001
133.89999
130.10001
132
132
128.10001
132
143.39999
168.3
156.8
147.3
139.60001
139.60001
118.6
103.3
107.1
107.1
103.3
107.1
105.2
89.9
84.2
93.7
99.4
99.4
99.4
105.2
112.8
114.8
114.8
110.9
112.8
114.8
109
109
117.6
121.9
126.2
130.10001
128.10001
130.10001
122.4
114.8
107.1
109
110.9
112.8
120.5
118.6
122.4
114.8
116.7
114.8
112.8
114.8
116.7
110.9
112.8
105.2
105.2
107.1
97.5
84.2
95.6
76.5
86.1
91.8
95.6
68.8
45.9
72.7
70.8
70.8
66.9
55.5
72.7
42.1
57.4
63.1
42.1
65
65
47.8
59.3
45.9
53.5
53.5
26.8
49.7
76.5
53.5
53.5
57.4
72.7
57.4
63.1
65
65
72.7
74.6
86.1
88
89.9
91.8
78.4
86.1
88
84.2
82.2
88
76.5
84.2
76.5
70.8
68.8
70.8
78.4
59.3
55.5
53.5
57.4
53.5
45.9
44
44
44
44
45.9
47.8
45.9
49.7
52.6
54.05
55.5
51.6
47.8
61.2
57.4
63.1
70.8
76.5
70.8
74.6
93.7
80.3
91.8
84.2
93.7
93.7
82.2
93.7
88
99.4
86.1
91.8
95.6
101.4
91.8
105.2
93.7
95.6
107.1
97.5
91.8
93.7
86.1
84.2
82.2
93.7
89.9
88
91.8
99.4
105.2
101.4
103.3
93.7
95.6
86.1
78.4
84.2
95.6
89.9
80.3
80.3
93.7
89.9
93.7
88
101.4
89.9
88
80.3
74.6
97.5
89.9
93.7
107.1
110.9
109
120.5
110.9
114.8
122.4
88
95.6
118.6
109
103.3
93.7
89.9
110.9
76.5
66.9
57.4
55.5
51.6
63.1
53.5
49.7
57.4
57.4
49.7
65
63.1
74.6
78.4
77.45
76.975
76.5
78.4
74.6
78.4
89.9
91.8
84.2
88
84.2
78.4
89.9
91.8
91.8
89.9
89.9
76.5
84.2
84.2
78.4
76.5
74.6
84.2
76.5
80.3
68.8
68.8
65
68.8
76.5
66.9
59.3
59.3
42.1
49.7
53.5
45.9
40.2
44
42.1
32.5
38.3
34.4
34.4
30.6
38.3
36.3
36.3
34.4
36.3
38.3
30.6
38.3
38.3
30.6
28.7
36.3
36.3
38.3
44
49.7
51.6
44
44
45.9
53.5
57.4
51.6
63.1
68.8
66.9
68.8
72.7
78.4
88
80.3
72.7
59.3
45.9
47.8
45.9
45.9
38.3
38.3
36.3
32.5
26.8
30.6
30.6
26.8
24.9
24.9
26.8
24.9
24.9
27.75
29.175
30.6
32.5
34.4
36.3
38.3
38.3
44
44
45.9
45.9
55.5
55.5
47.8
47.8
40.2
47.8
45.9
44
38.3
42.1
40.2
36.3
26.8
24.9
26.8
30.6
28.7
32.5
28.7
24.9
23
30.6
24.9
32.5
26.8
24.9
30.6
24.9
30.6
24.9
19.1
19.1
23
28.7
21
24.9
24.9
21
21
26.8
24.9
24.9
32.5
32.5
28.7
30.6
30.6
28.7
30.6
30.6
32.5
34.4
34.4
34.4
34.4
36.3
38.3
38.3
40.2
45.9
49.7
53.5
53.5
53.5
55.5
59.3
49.7
40.2
40.2
44
40.2
40.2
36.3
36.3
32.5
32.5
26.8
28.7
32.5
32.5
28.7
34.4
32.5
34.4
35.35
35.825
36.3
42.1
44
38.3
38.3
42.1
45.9
42.1
42.1
51.6
57.4
63.1
63.1
63.1
57.4
59.3
65
63.1
72.7
84.2
82.2
91.8
95.6
76.5
63.1
61.2
78.4
84.2
65
63.1
66.9
61.2
70.8
70.8
57.4
47.8
84.2
76.5
55.5
47.8
40.2
59.3
61.2
66.9
72.7
59.3
70.8
66.9
59.3
53.5
59.3
68.8
68.8
76.5
57.4
70.8
49.7
70.8
66.9
61.2
61.2
53.5
53.5
68.8
61.2
57.4
51.6
57.4
53.5
59.3
68.8
70.8
63.1
66.9
53.5
51.6
38.3
44
28.7
34.4
38.3
26.8
34.4
42.1
40.2
36.3
40.2
45.9
53.5
61.2
65
59.3
53.5
57.4
55.45
54.475
53.5
55.5
45.9
61.2
61.2
45.9
59.3
88
61.2
65
80.3
72.7
74.6
74.6
72.7
78.4
78.4
84.2
74.6
74.6
89.9
82.2
80.3
70.8
51.6
86.1
53.5
49.7
53.5
51.6
49.7
53.5
59.3
47.8
47.8
49.7
49.7
26.8
30.6
34.4
32.5
21
34.4
26.8
34.4
30.6
30.6
28.7
30.6
30.6
32.5
28.7
32.5
32.5
28.7
32.5
30.6
28.7
40.2
32.5
32.5
47.8
51.6
45.9
55.5
49.7
44
47.8
55.5
47.8
45.9
38.3
34.4
26.8
32.5
38.3
34.4
34.4
47.8
30.6
24.9
36.3
34.4
32.5
34.4
36.3
40.2
40.2
44
34.4
26.8
21
21
28.7
33.5
35.9
38.3
44
38.3
38.3
36.3
44
45.9
40.2
38.3
30.6
32.5
47.8
53.5
42.1
45.9
44
38.3
42.1
44
40.2
47.8
45.9
44
57.4
42.1
47.8
45.9
36.3
40.2
32.5
44
36.3
34.4
34.4
34.4
34.4
30.6
34.4
32.5
30.6
30.6
30.6
40.2
34.4
42.1
44
40.2
36.3
44
44
40.2
38.3
36.3
36.3
36.3
44
36.3
32.5
32.5
42.1
42.1
51.6
51.6
51.6
36.3
34.4
34.4
30.6
38.3
34.4
40.2
51.6
47.8
49.7
51.6
42.1
32.5
32.5
28.7
26.8
26.8
32.5
24.9
26.8
24.9
30.6
32.5
26.8
24.9
32.5
34.4
36.3
36.3
34.4
40.15
43.025
45.9
40.2
40.2
74.6
70.8
72.7
84.2
74.6
80.3
88
89.9
91.8
86.1
76.5
78.4
84.2
84.2
95.6
109
97.5
110.9
99.4
97.5
99.4
89.9
86.1
91.8
93.7
91.8
89.9
99.4
88
93.7
82.2
93.7
86.1
88
88
99.4
89.9
86.1
91.8
93.7
74.6
86.1
66.9
82.2
88
86.1
78.4
74.6
72.7
82.2
91.8
84.2
84.2
95.6
80.3
70.8
72.7
82.2
78.4
61.2
78.4
80.3
93.7
82.2
72.7
68.8
61.2
65
72.7
66.9
44
47.8
55.5
59.3
76.5
68.8
66.9
51.6
36.3
32.5
42.1
40.2
36.3
42.1
51.6
47.8
61.2
45.9
53.5
49.7
51.6
53.55
54.525
55.5
51.6
59.3
80.3
82.2
74.6
89.9
74.6
84.2
97.5
78.4
66.9
76.5
76.5
72.7
80.3
76.5
84.2
97.5
91.8
89.9
89.9
88
88
93.7
84.2
82.2
88
89.9
91.8
72.7
99.4
93.7
105.2
99.4
91.8
91.8
72.7
74.6
86.1
89.9
116.7
61.2
99.4
63.1
57.4
66.9
63.1
49.7
57.4
59.3
45.9
47.8
49.7
45.9
32.5
34.4
70.8
63.1
82.2
93.7
84.2
88
88
84.2
76.5
78.4
80.3
91.8
95.6
76.5
70.8
68.8
65
53.5
53.5
44
42.1
38.3
42.1
38.3
40.2
38.3
45.9
44
51.6
51.6
59.3
38.3
44
55.5
61.2
53.5
45.9
56.4
61.65
66.9
68.8
74.6
84.2
78.4
86.1
89.9
99.4
91.8
88
97.5
84.2
88
72.7
89.9
86.1
89.9
95.6
101.4
103.3
93.7
97.5
110.9
95.6
95.6
76.5
88
84.2
93.7
93.7
93.7
93.7
72.7
110.9
97.5
95.6
91.8
93.7
74.6
99.4
91.8
84.2
86.1
93.7
88
86.1
72.7
91.8
82.2
99.4
89.9
99.4
91.8
88
91.8
93.7
84.2
86.1
86.1
105.2
103.3
107.1
97.5
110.9
97.5
86.1
86.1
82.2
80.3
82.2
82.2
74.6
76.5
74.6
72.7
72.7
72.7
70.8
70.8
76.5
66.9
70.8
70.8
65
70.8
74.6
84.2
80.3
80.3
78.4
70.8
80.3
99.4
105.2
104.25
103.775
103.3
109
107.1
114.8
101.4
97.5
109
91.8
95.6
101.4
95.6
114.8
78.4
63.1
80.3
91.8
88
91.8
95.6
105.2
101.4
101.4
88
95.6
99.4
124.3
109
105.2
99.4
103.3
118.6
93.7
101.4
99.4
82.2
91.8
97.5
89.9
89.9
82.2
89.9
80.3
84.2
103.3
103.3
91.8
99.4
84.2
82.2
80.3
97.5
78.4
88
95.6
97.5
88
89.9
89.9
97.5
68.8
91.8
84.2
110.9
89.9
78.4
80.3
80.3
80.3
88
95.6
91.8
86.1
76.5
65
65
61.2
65
53.5
47.8
45.9
44
34.4
19.1
19.1
23
26.8
28.7
30.6
26.8
21
26.8
26.8
21
30.6
35.4
37.8
40.2
40.2
44
49.7
45.9
53.5
55.5
51.6
66.9
65
47.8
51.6
55.5
55.5
49.7
53.5
63.1
59.3
65
65
63.1
76.5
82.2
78.4
72.7
74.6
76.5
82.2
65
74.6
74.6
72.7
84.2
91.8
80.3
70.8
70.8
74.6
74.6
70.8
61.2
57.4
61.2
63.1
61.2
61.2
55.5
49.7
72.7
76.5
65
59.3
59.3
68.8
61.2
74.6
61.2
59.3
72.7
66.9
84.2
70.8
76.5
82.2
76.5
84.2
93.7
95.6
88
93.7
89.9
74.6
66.9
74.6
59.3
55.5
49.7
44
38.3
36.3
32.5
34.4
44
34.4
34.4
42.1
40.2
40.2
40.2
42.1
42.1
36.3
42.1
36.3
41.1
43.5
45.9
47.8
68.8
63.1
61.2
49.7
61.2
57.4
53.5
47.8
42.1
44
68.8
53.5
47.8
47.8
74.6
53.5
63.1
57.4
76.5
65
65
78.4
78.4
76.5
66.9
70.8
78.4
88
97.5
95.6
88
91.8
97.5
99.4
89.9
84.2
86.1
66.9
80.3
78.4
84.2
82.2
66.9
78.4
74.6
74.6
59.3
80.3
74.6
66.9
59.3
70.8
80.3
76.5
74.6
72.7
74.6
86.1
74.6
76.5
89.9
80.3
84.2
86.1
89.9
84.2
78.4
97.5
78.4
68.8
57.4
57.4
49.7
34.4
30.6
26.8
26.8
21
23
28.7
30.6
24.9
24.9
23
21
24.9
26.8
28.7
32.5
28.7
26.8
28.7
36.35
40.175
44
42.1
44
47.8
49.7
53.5
63.1
61.2
65
61.2
55.5
61.2
57.4
57.4
59.3
61.2
68.8
72.7
68.8
70.8
72.7
78.4
72.7
76.5
78.4
80.3
68.8
86.1
86.1
76.5
72.7
72.7
76.5
78.4
91.8
70.8
74.6
70.8
78.4
72.7
65
80.3
66.9
70.8
74.6
63.1
65
61.2
53.5
61.2
55.5
59.3
63.1
63.1
55.5
49.7
61.2
63.1
59.3
65
88
95.6
82.2
93.7
99.4
107.1
107.1
107.1
101.4
109
95.6
95.6
86.1
84.2
86.1
76.5
65
61.2
63.1
49.7
49.7
49.7
42.1
40.2
40.2
42.1
40.2
44
49.7
51.6
55.5
51.6
53.5
49.7
52.6
54.05
55.5
63.1
63.1
61.2
66.9
76.5
65
65
70.8
70.8
70.8
63.1
66.9
76.5
66.9
70.8
53.5
66.9
68.8
66.9
55.5
59.3
55.5
51.6
55.5
47.8
47.8
45.9
51.6
49.7
45.9
45.9
45.9
45.9
36.3
49.7
45.9
36.3
36.3
32.5
44
42.1
45.9
44
45.9
45.9
38.3
38.3
45.9
45.9
47.8
47.8
53.5
44
44
51.6
49.7
42.1
38.3
42.1
44
38.3
44
47.8
53.5
59.3
59.3
63.1
70.8
66.9
68.8
66.9
61.2
51.6
57.4
59.3
59.3
65
57.4
57.4
55.5
53.5
53.5
49.7
51.6
53.5
53.5
47.8
47.8
44
47.8
49.7
49.7
55.5
58.35
59.775
61.2
63.1
61.2
68.8
70.8
68.8
68.8
66.9
65
65
61.2
63.1
61.2
70.8
65
57.4
55.5
63.1
57.4
68.8
59.3
57.4
63.1
66.9
61.2
63.1
70.8
78.4
78.4
66.9
49.7
55.5
38.3
57.4
53.5
42.1
49.7
42.1
34.4
57.4
38.3
47.8
57.4
45.9
45.9
53.5
57.4
30.6
44
38.3
44
57.4
45.9
49.7
40.2
40.2
42.1
49.7
47.8
53.5
49.7
45.9
57.4
70.8
65
72.7
59.3
61.2
72.7
59.3
63.1
55.5
51.6
44
49.7
55.5
49.7
49.7
49.7
45.9
44
51.6
49.7
55.5
59.3
51.6
49.7
59.3
57.4
51.6
45.9
57.4
57.4
63.1
62.15
61.675
61.2
70.8
70.8
82.2
82.2
101.4
91.8
74.6
78.4
91.8
80.3
86.1
78.4
78.4
88
86.1
84.2
88
95.6
101.4
105.2
99.4
118.6
103.3
97.5
95.6
88
130.10001
116.7
128.10001
99.4
107.1
107.1
95.6
132
112.8
145.39999
78.4
118.6
89.9
86.1
97.5
76.5
78.4
61.2
84.2
103.3
63.1
93.7
53.5
59.3
72.7
78.4
65
63.1
76.5
80.3
91.8
84.2
114.8
99.4
109
109
112.8
112.8
112.8
105.2
95.6
97.5
99.4
97.5
93.7
88
91.8
95.6
99.4
91.8
93.7
93.7
93.7
110.9
109
84.2
93.7
91.8
74.6
55.5
80.3
74.6
76.5
84.2
82.2
86.1
86.1
87.05
87.525
88
91.8
93.7
91.8
89.9
91.8
86.1
91.8
95.6
97.5
91.8
93.7
89.9
101.4
97.5
101.4
109
95.6
95.6
103.3
105.2
114.8
112.8
116.7
114.8
109
99.4
93.7
78.4
86.1
91.8
88
72.7
74.6
84.2
78.4
63.1
72.7
74.6
65
59.3
72.7
49.7
51.6
65
78.4
63.1
57.4
63.1
78.4
55.5
51.6
53.5
61.2
68.8
76.5
68.8
68.8
74.6
68.8
65
65
76.5
70.8
74.6
74.6
76.5
86.1
89.9
86.1
72.7
76.5
68.8
57.4
59.3
53.5
45.9
42.1
40.2
38.3
32.5
30.6
26.8
28.7
26.8
28.7
32.5
38.3
40.2
36.3
40.2
40.2
42.1
40.2
44.95
47.325
49.7
51.6
57.4
53.5
57.4
51.6
51.6
61.2
72.7
63.1
65
66.9
61.2
65
68.8
72.7
68.8
68.8
78.4
84.2
70.8
76.5
66.9
68.8
63.1
66.9
74.6
74.6
78.4
80.3
78.4
82.2
84.2
80.3
66.9
70.8
65
74.6
61.2
72.7
68.8
55.5
65
70.8
66.9
66.9
66.9
63.1
65
70.8
72.7
63.1
66.9
68.8
72.7
70.8
78.4
74.6
72.7
70.8
84.2
88
91.8
93.7
93.7
93.7
93.7
101.4
95.6
101.4
86.1
82.2
74.6
70.8
66.9
59.3
57.4
53.5
49.7
44
44
40.2
38.3
38.3
34.4
34.4
45.9
44
47.8
53.5
51.6
49.7
55.5
61.2
66.95
69.825
72.7
74.6
72.7
80.3
76.5
76.5
78.4
82.2
80.3
88
89.9
91.8
93.7
105.2
103.3
103.3
91.8
99.4
89.9
86.1
93.7
91.8
88
91.8
99.4
91.8
89.9
95.6
103.3
91.8
93.7
91.8
99.4
80.3
80.3
80.3
63.1
59.3
57.4
47.8
57.4
61.2
59.3
68.8
49.7
76.5
72.7
63.1
74.6
74.6
80.3
99.4
95.6
93.7
97.5
95.6
97.5
99.4
105.2
110.9
103.3
110.9
114.8
116.7
110.9
145.39999
191.3
208.5
214.2
202.7
198.89999
174
162.60001
143.39999
132
135.8
133.89999
135.8
132
120.5
110.9
103.3
95.6
107.1
116.7
137.7
126.2
88
88
143.39999
164.5
160.60001
147.3
141.5
121.45
111.425
101.4
95.6
99.4
97.5
91.8
91.8
93.7
93.7
99.4
99.4
110.9
105.2
105.2
107.1
107.1
103.3
110.9
107.1
110.9
118.6
116.7
116.7
122.4
118.6
137.7
124.3
118.6
114.8
112.8
109
112.8
101.4
99.4
101.4
70.8
80.3
88
70.8
66.9
97.5
63.1
45.9
49.7
61.2
53.5
76.5
65
63.1
47.8
49.7
49.7
59.3
74.6
65
53.5
82.2
95.6
82.2
88
89.9
97.5
91.8
89.9
84.2
95.6
89.9
88
86.1
80.3
76.5
80.3
80.3
86.1
80.3
80.3
72.7
76.5
70.8
63.1
55.5
55.5
51.6
44
45.9
44
45.9
51.6
40.2
44
42.1
42.1
53.5
78.4
88
85.1
83.65
82.2
86.1
78.4
103.3
105.2
97.5
95.6
95.6
93.7
86.1
76.5
78.4
80.3
80.3
78.4
76.5
76.5
91.8
93.7
78.4
53.5
63.1
74.6
74.6
68.8
70.8
66.9
65
51.6
51.6
57.4
63.1
47.8
42.1
42.1
44
45.9
47.8
49.7
44
44
47.8
49.7
42.1
34.4
40.2
45.9
57.4
65
53.5
42.1
40.2
32.5
40.2
45.9
44
45.9
61.2
45.9
42.1
40.2
44
36.3
45.9
47.8
42.1
42.1
40.2
42.1
42.1
42.1
36.3
34.4
36.3
32.5
34.4
40.2
30.6
44
42.1
55.5
57.4
57.4
61.2
59.3
47.8
57.4
53.5
51.6
57.4
65
55.5
49.7
49.7
52.6
54.05
55.5
49.7
53.5
53.5
51.6
47.8
49.7
53.5
49.7
49.7
51.6
53.5
59.3
72.7
72.7
63.1
65
76.5
65
68.8
49.7
49.7
47.8
66.9
53.5
61.2
55.5
49.7
49.7
45.9
45.9
55.5
49.7
45.9
36.3
40.2
42.1
49.7
38.3
47.8
45.9
51.6
59.3
66.9
53.5
53.5
55.5
53.5
55.5
51.6
51.6
47.8
57.4
51.6
45.9
51.6
55.5
61.2
55.5
45.9
44
49.7
53.5
59.3
65
74.6
66.9
65
70.8
74.6
61.2
65
70.8
59.3
53.5
59.3
55.5
51.6
47.8
51.6
51.6
45.9
38.3
38.3
36.3
34.4
30.6
32.5
24.9
21
32.5
28.7
26.8
28.7
27.75
27.275
26.8
26.8
34.4
38.3
34.4
36.3
40.2
34.4
40.2
36.3
32.5
38.3
34.4
40.2
45.9
68.8
97.5
103.3
112.8
103.3
103.3
109
105.2
97.5
86.1
84.2
84.2
82.2
101.4
97.5
99.4
86.1
89.9
82.2
72.7
68.8
68.8
76.5
76.5
66.9
55.5
55.5
57.4
55.5
51.6
49.7
55.5
51.6
53.5
47.8
42.1
44
47.8
44
45.9
44
45.9
49.7
70.8
72.7
74.6
82.2
76.5
74.6
72.7
76.5
70.8
55.5
55.5
53.5
44
36.3
38.3
36.3
32.5
32.5
28.7
36.3
36.3
44
47.8
53.5
45.9
47.8
45.9
44
40.2
44
59.3
61.2
47.8
55.5
72.7
76.5
71.7
69.3
66.9
68.8
72.7
72.7
66.9
74.6
82.2
80.3
80.3
86.1
80.3
86.1
86.1
95.6
82.2
93.7
132
101.4
93.7
97.5
109
107.1
109
101.4
103.3
109
95.6
84.2
93.7
93.7
80.3
82.2
74.6
86.1
76.5
66.9
80.3
84.2
72.7
70.8
61.2
61.2
59.3
70.8
57.4
47.8
57.4
70.8
51.6
51.6
59.3
57.4
70.8
59.3
72.7
65
61.2
68.8
63.1
68.8
72.7
68.8
72.7
72.7
80.3
72.7
82.2
80.3
76.5
80.3
70.8
66.9
55.5
59.3
49.7
49.7
44
34.4
30.6
28.7
28.7
26.8
26.8
26.8
23
26.8
26.8
28.7
26.8
28.7
28.7
38.3
34.4
30.6
36.35
39.225
42.1
53.5
59.3
59.3
70.8
74.6
70.8
72.7
66.9
76.5
65
76.5
65
70.8
70.8
80.3
76.5
89.9
89.9
88
86.1
89.9
95.6
88
93.7
88
91.8
86.1
70.8
74.6
76.5
80.3
70.8
74.6
76.5
74.6
61.2
78.4
82.2
72.7
70.8
66.9
82.2
55.5
57.4
68.8
65
70.8
74.6
70.8
51.6
55.5
49.7
55.5
55.5
63.1
53.5
61.2
76.5
66.9
70.8
70.8
63.1
82.2
72.7
78.4
86.1
99.4
86.1
78.4
80.3
76.5
59.3
59.3
57.4
61.2
40.2
36.3
30.6
30.6
30.6
28.7
28.7
28.7
30.6
30.6
30.6
38.3
34.4
30.6
38.3
34.4
36.3
36.3
41.1
43.5
45.9
47.8
45.9
65
76.5
65
82.2
68.8
72.7
72.7
82.2
86.1
80.3
88
88
80.3
89.9
89.9
88
76.5
89.9
89.9
86.1
95.6
93.7
86.1
88
97.5
95.6
99.4
93.7
99.4
86.1
95.6
84.2
72.7
76.5
80.3
97.5
91.8
72.7
80.3
68.8
80.3
82.2
89.9
72.7
80.3
82.2
78.4
88
82.2
84.2
97.5
86.1
97.5
97.5
88
101.4
89.9
91.8
95.6
107.1
101.4
99.4
91.8
99.4
93.7
97.5
93.7
74.6
70.8
63.1
59.3
53.5
44
36.3
26.8
28.7
17.2
19.1
17.2
19.1
17.2
17.2
17.2
19.1
26.8
26.8
34.4
23
23
23
26.8
31.55
33.925
36.3
38.3
38.3
40.2
40.2
55.5
45.9
38.3
53.5
45.9
57.4
45.9
49.7
68.8
51.6
51.6
51.6
49.7
66.9
57.4
68.8
66.9
57.4
65
74.6
59.3
61.2
59.3
51.6
57.4
72.7
70.8
72.7
78.4
72.7
65
68.8
84.2
66.9
72.7
70.8
66.9
68.8
65
63.1
63.1
65
65
70.8
65
72.7
72.7
68.8
65
63.1
70.8
72.7
82.2
80.3
74.6
78.4
80.3
70.8
68.8
78.4
74.6
78.4
80.3
72.7
70.8
66.9
68.8
63.1
59.3
49.7
49.7
45.9
44
38.3
38.3
36.3
34.4
30.6
30.6
28.7
28.7
26.8
34.4
30.6
34.4
32.5
28.7
32.5
30.6
34.45
36.375
38.3
47.8
47.8
53.5
59.3
61.2
63.1
65
57.4
74.6
72.7
72.7
74.6
66.9
72.7
68.8
72.7
70.8
68.8
70.8
82.2
76.5
68.8
74.6
61.2
76.5
61.2
55.5
49.7
55.5
66.9
74.6
80.3
78.4
82.2
82.2
76.5
84.2
76.5
72.7
72.7
72.7
76.5
68.8
59.3
63.1
59.3
63.1
74.6
63.1
61.2
65
59.3
61.2
66.9
61.2
49.7
57.4
59.3
57.4
53.5
44
55.5
59.3
53.5
51.6
45.9
45.9
42.1
42.1
45.9
38.3
38.3
38.3
38.3
38.3
36.3
44
42.1
44
49.7
51.6
49.7
61.2
49.7
53.5
51.6
40.2
38.3
45.9
38.3
44
38.3
32.5
40.15
43.975
47.8
47.8
49.7
47.8
59.3
63.1
70.8
68.8
65
65
53.5
61.2
63.1
65
76.5
70.8
65
59.3
65
63.1
70.8
65
68.8
72.7
70.8
70.8
70.8
72.7
68.8
78.4
72.7
72.7
74.6
65
70.8
68.8
72.7
70.8
70.8
72.7
66.9
63.1
80.3
72.7
66.9
68.8
61.2
68.8
66.9
74.6
72.7
72.7
84.2
63.1
63.1
66.9
68.8
68.8
63.1
66.9
68.8
72.7
65
61.2
61.2
68.8
65
68.8
66.9
65
65
59.3
63.1
59.3
63.1
61.2
59.3
61.2
59.3
59.3
61.2
55.5
53.5
53.5
53.5
55.5
55.5
57.4
55.5
65
63.1
72.7
72.7
80.3
80.3
80.3
80.3
88
95.6
89.9
88
86.1
91.8
88
101.4
91.8
88
93.7
86.1
86.1
89.9
86.1
89.9
93.7
97.5
99.4
95.6
95.6
82.2
68.8
78.4
80.3
72.7
66.9
72.7
65
68.8
59.3
70.8
57.4
49.7
47.8
53.5
53.5
53.5
51.6
47.8
44
32.5
40.2
47.8
40.2
53.5
45.9
45.9
51.6
49.7
57.4
61.2
59.3
59.3
61.2
74.6
76.5
74.6
72.7
68.8
68.8
70.8
70.8
82.2
84.2
78.4
68.8
68.8
57.4
53.5
53.5
55.5
61.2
61.2
53.5
47.8
47.8
47.8
42.1
42.1
38.3
38.3
40.2
38.3
36.3
40.2
44
44
44
40.2
38.3
45.9
45.9
50.7
53.1
55.5
53.5
57.4
61.2
61.2
68.8
65
68.8
66.9
63.1
68.8
70.8
61.2
65
70.8
74.6
72.7
76.5
86.1
86.1
84.2
89.9
88
95.6
89.9
95.6
89.9
93.7
89.9
88
84.2
80.3
74.6
80.3
74.6
70.8
74.6
72.7
74.6
68.8
74.6
82.25
86.075
87.9875
88.94375
89.421875
89.6609375
89.78046875
89.840234375
89.8701171875
89.88505859375
89.892529296875
89.8962646484375
89.8981323242188
89.9
86.1
89.9
76.5
84.2
84.2
84.2
86.1
80.3
66.9
65
76.5
78.4
74.6
68.8
70.8
59.3
53.5
44
49.7
51.6
45.9
51.6
42.1
40.2
40.2
34.4
36.3
36.3
34.4
32.5
32.5
34.4
32.5
34.4
40.2
32.5
36.3
40.2
40.2
43.05
44.475
45.9
44
45.9
44
44
42.1
42.1
40.2
40.2
40.2
45.9
53.5
63.1
68.8
68.8
68.8
76.5
78.4
76.5
76.5
78.4
78.4
78.4
82.2
82.2
86.1
89.9
86.1
88
86.1
88
88
88
80.3
76.5
70.8
74.6
70.8
65
72.7
74.6
74.6
72.7
78.4
78.4
78.4
86.1
80.3
80.3
84.2
80.3
76.5
78.4
84.2
101.4
89.9
99.4
95.6
93.7
86.1
88
89.9
89.9
103.3
99.4
114.8
112.8
89.9
105.2
89.9
80.3
80.3
76.5
72.7
70.8
65
57.4
53.5
42.1
51.6
53.5
49.7
44
38.3
36.3
36.3
44
36.3
32.5
36.3
38.3
40.2
47.8
53.5
55.45
56.425
57.4
63.1
65
93.7
82.2
70.8
68.8
72.7
82.2
80.3
97.5
114.8
114.8
103.3
93.7
105.2
107.1
109
109
103.3
93.7
88
88
88
88
86.1
88
86.1
88
91.8
86.1
84.2
78.4
82.2
80.3
88
103.3
68.8
68.8
74.6
68.8
65
74.6
61.2
63.1
66.9
57.4
61.2
61.2
57.4
57.4
66.9
72.7
66.9
66.9
66.9
68.8
72.7
68.8
74.6
74.6
74.6
65
65
61.2
65
59.3
57.4
55.5
49.7
49.7
44
38.3
40.2
34.4
30.6
30.6
30.6
36.3
36.3
30.6
30.6
28.7
28.7
28.7
30.6
30.6
34.4
34.4
32.5
32.5
38.3
38.3
38.3
45.9
49.7
53.5
61.2
66.9
65
66.9
66.9
68.8
66.9
68.8
70.8
70.8
76.5
78.4
76.5
82.2
82.2
84.2
88
89.9
91.8
86.1
80.3
88
89.9
91.8
93.7
80.3
76.5
95.6
109
103.3
95.6
97.5
109
105.2
86.1
101.4
112.8
80.3
66.9
60.2
53.5
86.1
84.2
86.1
84.2
78.4
88
82.2
86.1
76.5
78.4
68.8
97.5
80.3
91.8
72.7
80.3
88
86.1
89.9
101.4
97.5
89.9
107.1
110.9
103.3
114.8
89.9
89.9
95.6
93.7
88
66.9
68.8
66.9
74.6
80.3
93.7
68.8
72.7
82.2
86.1
68.8
65
70.8
91.8
70.8
65
76.5
70.8
68.8
78.4
82.2
76.5
73.65
70.8
74.6
72.7
84.2
84.2
88
82.2
72.7
78.4
74.6
78.4
82.2
80.3
78.4
78.4
78.4
78.4
78.4
82.2
86.1
78.4
80.3
76.5
84.2
74.6
76.5
78.4
78.4
78.4
80.3
76.5
80.3
76.5
74.6
76.5
72.7
72.7
68.8
70.8
68.8
61.2
57.4
57.4
45.9
50.7
53.1
55.5
72.7
72.7
72.7
80.3
82.2
80.3
88
89.9
95.6
91.8
89.9
91.8
89.9
91.8
97.5
95.6
99.4
97.5
93.7
93.7
95.6
97.5
95.6
91.8
91.8
91.8
88
88
89.9
99.4
91.8
89.9
63.1
86.1
91.8
89.9
88
88
84.2
80.3
68.8
65
70.8
74.6
70.8
72.7
78.4
87
91.3
95.6
99.4
103.3
97.5
93.7
97.5
101.4
93.7
99.4
95.6
91.8
91.8
95.6
91.8
97.5
93.7
101.4
99.4
93.7
103.3
103.3
103.3
101.4
91.8
97.5
112.8
107.1
107.1
101.4
103.3
93.7
89.9
82.2
84.2
86.1
76.5
72.7
80.3
80.3
76.5
66.9
88
73.65
59.3
63.1
66.9
65
76.5
63.1
70.8
72.7
76.5
68.8
63.1
76.5
53.5
84.2
57.4
74.6
72.7
65
74.6
65
76.5
66.9
68.8
76.5
65
65
70.8
68.8
51.6
44
49.7
44
38.3
36.3
38.3
32.5
23
26.8
28.7
26.8
23
26.8
24.9
28.7
28.7
30.6
28.7
30.6
32.5
32.5
34.4
42.05
45.875
49.7
55.5
53.5
66.9
74.6
72.7
61.2
59.3
74.6
63.1
53.5
57.4
66.9
66.9
63.1
55.5
63.1
66.9
57.4
65
66.9
72.7
70.8
70.8
76.5
74.6
74.6
65
72.7
74.6
84.2
78.4
80.3
74.6
76.5
74.6
72.7
72.7
68.8
68.8
76.5
68.8
65
59.3
65
57.4
68.8
57.4
61.2
66.9
63.1
61.2
66.9
61.2
51.6
57.4
45.9
61.2
57.4
68.8
70.8
70.8
72.7
76.5
76.5
78.4
74.6
66.9
63.1
63.1
61.2
49.7
49.7
42.1
44
42.1
38.3
40.2
42.1
36.3
34.4
36.3
36.3
36.3
40.2
36.3
42.1
36.3
34.4
42.1
57.4
51.6
65
74.6
72.7
71.75
70.8
86.1
91.8
82.2
65
76.5
74.6
93.7
91.8
76.5
65
91.8
89.9
84.2
97.5
97.5
89.9
99.4
91.8
95.6
101.4
93.7
89.9
82.2
86.1
76.5
74.6
76.5
76.5
66.9
57.4
53.5
65
72.7
89.9
72.7
72.7
89.9
89.9
63.1
66.9
82.2
63.1
82.2
70.8
76.5
74.6
88
74.6
68.8
74.6
72.7
72.7
74.6
63.1
66.9
72.7
66.9
76.5
68.8
72.7
72.7
61.2
65
61.2
61.2
59.3
55.5
55.5
59.3
57.4
51.6
49.7
53.5
47.8
49.7
45.9
45.9
42.1
47.8
47.8
53.5
53.5
53.5
55.5
55.5
57.4
51.6
57.4
63.1
59.3
55.5
57.4
51.6
55.45
57.375
59.3
63.1
70.8
65
61.2
63.1
70.8
65
65
76.5
76.5
65
72.7
76.5
76.5
70.8
76.5
80.3
84.2
80.3
80.3
80.3
91.8
74.6
78.4
86.1
76.5
72.7
68.8
86.1
82.2
84.2
82.2
80.3
78.4
66.9
68.8
82.2
88
76.5
80.3
78.4
72.7
82.2
78.4
70.8
65
76.5
82.2
68.8
68.8
74.6
63.1
65
72.7
76.5
68.8
72.7
66.9
63.1
66.9
72.7
61.2
63.1
65
59.3
65
63.1
53.5
57.4
53.5
53.5
51.6
51.6
49.7
45.9
55.5
51.6
53.5
51.6
45.9
51.6
55.5
57.4
57.4
57.4
61.2
59.3
57.4
47.8
36.3
44
47.8
47.8
54.5
57.85
61.2
61.2
49.7
45.9
40.2
51.6
49.7
47.8
55.5
47.8
53.5
49.7
57.4
63.1
63.1
57.4
55.5
61.2
63.1
65
63.1
63.1
63.1
65
61.2
66.9
66.9
65
68.8
63.1
66.9
70.8
61.2
66.9
68.8
66.9
70.8
63.1
66.9
70.8
74.6
72.7
68.8
78.4
72.7
68.8
70.8
68.8
63.1
63.1
61.2
59.3
72.7
63.1
59.3
63.1
59.3
59.3
66.9
68.8
72.7
63.1
66.9
65
68.8
72.7
68.8
68.8
66.9
63.1
63.1
57.4
49.7
53.5
49.7
51.6
45.9
49.7
44
47.8
49.7
47.8
45.9
47.8
44
47.8
45.9
42.1
45.9
51.6
51.6
51.6
51.6
49.7
51.6
52.55
53.5
49.7
53.5
66.9
70.8
63.1
78.4
70.8
70.8
63.1
61.2
74.6
63.1
68.8
66.9
61.2
66.9
65
68.8
82.2
78.4
74.6
76.5
76.5
84.2
88
82.2
78.4
88
89.9
86.1
82.2
82.2
82.2
95.6
88
84.2
95.6
84.2
95.6
88
93.7
91.8
86.1
88
78.4
89.9
88
97.5
95.6
82.2
80.3
86.1
80.3
88
88
91.8
95.6
91.8
89.9
89.9
91.8
95.6
91.8
91.8
93.7
95.6
84.2
80.3
86.1
84.2
82.2
68.8
68.8
65
59.3
66.9
55.5
55.5
55.5
55.5
45.9
45.9
49.7
45.9
44
42.1
44
44
40.2
38.3
45.9
45.9
45.9
48.75
50.175
51.6
61.2
70.8
66.9
66.9
65
65
76.5
63.1
68.8
61.2
61.2
61.2
68.8
72.7
68.8
74.6
61.2
80.3
76.5
70.8
78.4
78.4
76.5
80.3
80.3
82.2
65
74.6
72.7
74.6
80.3
86.1
80.3
80.3
78.4
89.9
88
82.2
93.7
88
88
88
89.9
84.2
80.3
91.8
84.2
76.5
82.2
82.2
82.2
84.2
88
84.2
84.2
91.8
84.2
78.4
89.9
88
82.2
80.3
91.8
84.2
88
84.2
84.2
84.2
78.4
78.4
78.4
72.7
70.8
61.2
61.2
57.4
57.4
53.5
49.7
49.7
47.8
45.9
45.9
45.9
44
51.6
49.7
55.5
57.4
55.5
59.3
55.5
53.5
55.45
56.425
57.4
63.1
70.8
76.5
68.8
70.8
65
68.8
57.4
59.3
59.3
59.3
59.3
65
68.8
66.9
74.6
74.6
70.8
72.7
74.6
78.4
74.6
80.3
80.3
80.3
78.4
76.5
78.4
86.1
86.1
78.4
72.7
68.8
66.9
66.9
70.8
69.8
69.3
68.8
63.1
63.1
57.4
63.1
66.9
66.9
66.9
59.3
61.2
68.8
59.3
59.3
59.3
65
65
68.8
66.9
70.8
66.9
63.1
65
65
65
66.9
63.1
70.8
70.8
66.9
66.9
68.8
65
65
61.2
61.2
57.4
57.4
55.5
55.5
53.5
55.5
57.4
55.5
57.4
53.5
53.5
53.5
53.5
55.5
59.3
61.2
59.3
63.1
63.1
68.8
65
63.1
61.2
66.9
65
66.9
66.9
70.8
70.8
70.8
70.8
68.8
72.7
68.8
76.5
74.6
72.7
70.8
82.2
78.4
80.3
86.1
93.7
84.2
82.2
89.9
89.9
89.9
91.8
76.5
74.6
84.2
84.2
76.5
84.2
93.7
80.3
86.1
84.2
80.3
86.1
82.2
74.6
82.2
99.4
84.2
88
86.1
80.3
72.7
78.4
78.4
84.2
68.8
80.3
76.5
84.2
80.3
82.2
89.9
82.2
82.2
78.4
82.2
78.4
74.6
74.6
70.8
68.8
70.8
65
65
65
66.9
51.6
47.8
45.9
47.8
45.9
42.1
47.8
45.9
49.7
45.9
42.1
40.2
40.2
40.2
42.1
40.2
42.1
44
44
44
40.2
45.9
44
43.05
42.1
49.7
53.5
55.5
49.7
53.5
49.7
57.4
59.3
51.6
59.3
59.3
59.3
61.2
61.2
63.1
66.9
65
63.1
65
63.1
68.8
65
63.1
65
65
63.1
59.3
61.2
66.9
55.5
51.6
55.5
53.5
49.7
49.7
51.6
53.5
40.2
38.3
32.5
38.3
36.3
38.3
40.2
36.3
42.1
34.4
32.5
42.1
47.8
45.9
47.8
45.9
44
55.5
55.5
55.5
59.3
55.5
59.3
59.3
61.2
57.4
66.9
65
59.3
59.3
59.3
59.3
59.3
53.5
47.8
47.8
44
38.3
40.2
32.5
32.5
30.6
34.4
32.5
26.8
34.4
32.5
30.6
34.4
42.1
42.1
42.1
47.8
51.6
53.5
57.4
60.25
61.675
63.1
63.1
66.9
63.1
66.9
63.1
61.2
72.7
66.9
61.2
66.9
70.8
74.6
70.8
72.7
66.9
72.7
72.7
74.6
70.8
68.8
72.7
68.8
68.8
72.7
68.8
66.9
72.7
74.6
76.5
76.5
80.3
76.5
78.4
72.7
66.9
68.8
70.8
61.2
57.4
55.5
61.2
59.3
65
61.2
57.4
51.6
55.5
59.3
53.5
47.8
45.9
49.7
61.2
68.8
66.9
66.9
68.8
59.3
70.8
63.1
59.3
59.3
57.4
61.2
66.9
59.3
63.1
59.3
51.6
63.1
63.1
53.5
59.3
53.5
51.6
65
59.3
53.5
59.3
63.1
57.4
51.6
57.4
61.2
47.8
47.8
51.6
55.5
51.6
57.4
59.3
63.1
63.1
64.05
64.525
65
66.9
68.8
68.8
66.9
68.8
68.8
72.7
72.7
72.7
72.7
70.8
70.8
68.8
68.8
66.9
68.8
70.8
72.7
84.2
84.2
78.4
78.4
74.6
76.5
80.3
76.5
68.8
65
72.7
80.3
86.1
80.3
78.4
76.5
74.6
76.5
68.8
76.5
63.1
68.8
65
61.2
68.8
72.7
63.1
72.7
51.6
61.2
66.9
70.8
70.8
55.5
63.1
66.9
59.3
59.3
70.8
66.9
82.2
68.8
68.8
66.9
61.2
70.8
70.8
76.5
68.8
80.3
63.1
55.5
53.5
47.8
45.9
44
44
45.9
45.9
42.1
40.2
36.3
40.2
42.1
40.2
45.9
47.8
38.3
42.1
51.6
53.5
49.7
49.7
49.7
53.5
53.5
53.5
53.5
55.5
55.5
57.4
61.2
68.8
65
61.2
57.4
61.2
72.7
70.8
68.8
63.1
55.5
68.8
51.6
53.5
57.4
57.4
63.1
53.5
68.8
66.9
66.9
70.8
63.1
61.2
66.9
70.8
72.7
66.9
66.9
74.6
72.7
70.8
74.6
68.8
61.2
65
61.2
55.5
47.8
63.1
65
68.8
63.1
55.5
61.2
53.5
66.9
68.8
80.3
72.7
59.3
63.1
51.6
53.5
53.5
59.3
61.2
65
59.3
59.3
61.2
68.8
61.2
61.2
51.6
42.1
47.8
40.2
42.1
44
36.3
30.6
32.5
26.8
21
19.1
24.9
17.2
19.1
15.3
19.1
21
19.1
23
26.8
28.7
26.8
34.4
30.6
34.4
29.65
27.275
24.9
36.3
44
42.1
44
51.6
59.3
57.4
49.7
55.5
49.7
55.5
55.5
55.5
55.5
49.7
55.5
53.5
49.7
49.7
51.6
51.6
55.5
55.5
57.4
51.6
49.7
49.7
51.6
45.9
51.6
47.8
51.6
47.8
47.8
45.9
47.8
49.7
47.8
49.7
51.6
49.7
55.5
45.9
49.7
51.6
45.9
49.7
55.5
53.5
47.8
49.7
51.6
44
51.6
47.8
49.7
53.5
47.8
57.4
47.8
59.3
57.4
55.5
55.5
59.3
55.5
61.2
51.6
49.7
51.6
51.6
53.5
57.4
55.5
49.7
51.6
51.6
47.8
44
44
44
47.8
44
44
47.8
49.7
45.9
49.7
47.8
45.9
47.8
45.9
49.7
54.5
56.9
59.3
66.9
61.2
61.2
61.2
61.2
65
63.1
63.1
61.2
65
61.2
61.2
61.2
59.3
63.1
66.9
55.5
61.2
61.2
72.7
68.8
63.1
61.2
63.1
66.9
68.8
63.1
66.9
74.6
70.8
61.2
63.1
61.2
61.2
61.2
57.4
55.5
53.5
51.6
55.5
53.5
55.5
59.3
55.5
57.4
51.6
53.5
53.5
51.6
45.9
45.9
47.8
51.6
55.5
53.5
49.7
53.5
55.5
55.5
55.5
53.5
55.5
55.5
55.5
55.5
57.4
57.4
59.3
53.5
57.4
53.5
42.1
45.9
45.9
44
40.2
38.3
36.3
32.5
36.3
38.3
38.3
42.1
45.9
45.9
45.9
45.9
47.8
51.6
51.6
59.3
63.1
59.3
60.25
60.725
61.2
63.1
65
66.9
72.7
72.7
74.6
70.8
74.6
76.5
66.9
63.1
66.9
63.1
70.8
68.8
72.7
68.8
76.5
76.5
76.5
76.5
76.5
78.4
74.6
66.9
68.8
70.8
76.5
74.6
70.8
68.8
76.5
76.5
72.7
72.7
70.8
76.5
72.7
59.3
51.6
55.5
59.3
63.1
65
74.6
70.8
66.9
65
66.9
78.4
74.6
78.4
68.8
68.8
80.3
82.2
88
88
88
88
89.9
89.9
95.6
105.2
107.1
105.2
93.7
89.9
82.2
74.6
66.9
61.2
63.1
68.8
55.5
49.7
59.3
49.7
55.5
57.4
57.4
55.5
55.5
57.4
57.4
59.3
57.4
61.2
61.2
59.3
55.5
59.3
59.3
55.45
53.525
51.6
66.9
59.3
65
53.5
53.5
65
57.4
65
65
68.8
70.8
63.1
76.5
68.8
59.3
66.9
63.1
76.5
68.8
70.8
66.9
68.8
59.3
57.4
61.2
55.5
55.5
53.5
57.4
49.7
51.6
53.5
59.3
51.6
49.7
63.1
65
42.1
40.2
45.9
57.4
49.7
53.5
57.4
51.6
47.8
49.7
38.3
38.3
36.3
36.3
30.6
34.4
28.7
32.5
36.3
32.5
32.5
32.5
32.5
32.5
34.4
34.4
34.4
32.5
34.4
34.4
36.3
32.5
28.7
26.8
26.8
26.8
23
23
23
19.1
17.2
19.1
19.1
19.1
19.1
23
24.9
24.9
28.7
34.4
28.7
26.8
34.4
28.7
28.7
32.5
32.5
32.5
32.5
32.5
34.4
36.3
42.1
40.2
51.6
59.3
63.1
59.3
51.6
51.6
51.6
44
51.6
53.5
49.7
44
42.1
55.5
61.2
66.9
68.8
66.9
59.3
61.2
63.1
63.1
66.9
72.7
70.8
59.3
47.8
44
42.1
38.3
34.4
32.5
34.4
30.6
28.7
36.3
38.3
34.4
34.4
38.3
34.4
28.7
28.7
30.6
23
24.9
24.9
23
24.9
30.6
32.5
34.4
32.5
40.2
32.5
34.4
34.4
42.1
45.9
36.3
38.3
34.4
32.5
26.8
26.8
26.8
23
19.1
15.3
13.4
15.3
15.3
19.1
17.2
17.2
15.3
15.3
17.2
17.2
17.2
17.2
19.1
19.1
19.1
19.1
19.1
24.9
23
23.95
24.425
24.9
24.9
24.9
26.8
32.5
32.5
32.5
38.3
38.3
45.9
51.6
53.5
47.8
49.7
55.5
57.4
59.3
66.9
66.9
68.8
68.8
59.3
51.6
51.6
53.5
55.5
51.6
51.6
53.5
53.5
53.5
61.2
49.7
47.8
44
45.9
45.9
44
38.3
38.3
44
44
40.2
32.5
38.3
32.5
32.5
40.2
42.1
44
49.7
47.8
42.1
44
45.9
49.7
40.2
45.9
45.9
45.9
53.5
55.5
57.4
59.3
59.3
57.4
59.3
55.5
59.3
53.5
53.5
47.8
51.6
55.5
57.4
55.5
49.7
47.8
49.7
47.8
45.9
47.8
44
38.3
38.3
38.3
38.3
36.3
38.3
36.3
38.3
36.3
38.3
40.2
40.2
40.2
40.2
44
55.5
44
45.9
53.5
59.3
51.6
53.5
49.7
53.5
57.4
49.7
51.6
51.6
49.7
47.8
51.6
57.4
65
66.9
72.7
72.7
78.4
70.8
74.6
74.6
78.4
76.5
84.2
88
88
84.2
78.4
84.2
78.4
70.8
68.8
70.8
76.5
68.8
68.8
63.1
63.1
72.7
65
68.8
72.7
74.6
80.3
74.6
74.6
86.1
91.8
82.2
84.2
89.9
91.8
89.9
88
86.1
93.7
97.5
97.5
91.8
88
89.9
88
86.1
80.3
66.9
76.5
59.3
49.7
47.8
59.3
66.9
49.7
51.6
47.8
38.3
36.3
38.3
40.2
51.6
44
40.2
44
45.9
42.1
53.5
59.3
59.3
66.9
72.65
75.525
78.4
82.2
80.3
86.1
84.2
76.5
70.8
59.3
53.5
51.6
61.2
68.8
65
59.3
44
49.7
63.1
70.8
72.7
72.7
68.8
72.7
76.5
72.7
76.5
76.5
72.7
78.4
76.5
80.3
84.2
89.9
93.7
97.5
97.5
101.4
97.5
97.5
101.4
103.3
101.4
95.6
103.3
105.2
118.6
118.6
120.5
124.3
120.5
116.7
103.3
162.60001
166.39999
219.89999
227.60001
204.60001
212.3
214.2
223.8
231.39999
202.7
218
221.89999
118.6
97.5
95.6
101.4
101.4
99.4
97.5
93.7
86.1
82.2
86.1
72.7
80.3
82.2
80.3
76.5
80.3
82.2
78.4
80.3
80.3
78.4
78.4
80.3
80.3
80.3
82.2
74.6
78.4
82.2
84.2
86.1
87.05
88
86.1
86.1
86.1
89.9
95.6
95.6
95.6
95.6
93.7
93.7
93.7
95.6
89.9
93.7
91.8
89.9
86.1
84.2
88
84.2
89.9
89.9
95.6
89.9
86.1
84.2
89.9
88
88
86.1
84.2
86.1
82.2
88
86.1
76.5
76.5
76.5
70.8
76.5
66.9
68.8
65
63.1
61.2
70.8
66.9
65
63.1
63.1
61.2
61.2
57.4
63.1
65
68.8
61.2
74.6
74.6
74.6
72.7
78.4
76.5
72.7
89.9
97.5
82.2
103.3
86.1
78.4
89.9
66.9
61.2
65
63.1
53.5
55.5
57.4
53.5
59.3
59.3
59.3
55.5
61.2
66.9
78.4
82.2
88
82.2
82.2
86.1
86.1
88
81.3
77.95
74.6
74.6
74.6
93.7
89.9
89.9
91.8
89.9
91.8
93.7
95.6
99.4
93.7
89.9
86.1
91.8
89.9
91.8
86.1
95.6
105.2
107.1
97.5
107.1
109
99.4
95.6
110.9
107.1
112.8
112.8
93.7
103.3
103.3
107.1
103.3
95.6
109
86.1
91.8
97.5
91.8
86.1
91.8
91.8
105.2
97.5
95.6
112.8
97.5
107.1
101.4
70.8
78.4
107.1
93.7
93.7
95.6
99.4
101.4
93.7
99.4
120.5
118.6
118.6
114.8
109
103.3
93.7
97.5
105.2
95.6
72.7
63.1
82.2
84.2
80.3
74.6
49.7
65
42.1
45.9
34.4
30.6
36.3
30.6
32.5
30.6
34.4
26.8
30.6
34.4
38.3
40.2
40.2
40.2
40.2
45.9
44
45.9
45.9
51.6
57.4
53.5
59.3
61.2
63.1
65
63.1
68.8
65
65
68.8
70.8
72.7
80.3
80.3
80.3
74.6
72.7
72.7
84.2
84.2
84.2
86.1
74.6
78.4
82.2
80.3
74.6
86.1
74.6
78.4
65
66.9
66.9
59.3
63.1
61.2
61.2
66.9
61.2
61.2
72.7
61.2
66.9
61.2
55.5
61.2
72.7
74.6
70.8
74.6
72.7
72.7
84.2
82.2
88
80.3
91.8
80.3
80.3
74.6
74.6
72.7
70.8
68.8
63.1
55.5
49.7
47.8
44
40.2
30.6
28.7
30.6
24.9
24.9
24.9
26.8
30.6
36.3
38.3
34.4
34.4
28.7
28.7
36.3
42.1
47.8
49.7
50.65
51.6
45.9
45.9
42.1
42.1
45.9
44
44
45.9
45.9
53.5
51.6
45.9
47.8
49.7
47.8
49.7
57.4
59.3
65
63.1
61.2
61.2
65
68.8
66.9
66.9
59.3
66.9
65
63.1
63.1
78.4
82.2
86.1
82.2
99.4
91.8
88
76.5
80.3
76.5
72.7
76.5
80.3
80.3
63.1
55.5
65
65
63.1
66.9
66.9
66.9
59.3
61.2
68.8
66.9
70.8
63.1
68.8
74.6
78.4
76.5
74.6
72.7
74.6
74.6
72.7
72.7
66.9
57.4
53.5
45.9
44
42.1
44
42.1
36.3
34.4
34.4
30.6
30.6
32.5
26.8
30.6
28.7
30.6
28.7
28.7
30.6
34.4
30.6
36.3
39.2
40.65
42.1
42.1
44
70.8
82.2
74.6
65
51.6
45.9
47.8
49.7
49.7
51.6
57.4
59.3
61.2
65
66.9
66.9
66.9
72.7
70.8
72.7
72.7
76.5
70.8
80.3
70.8
68.8
65
49.7
45.9
49.7
51.6
55.5
51.6
55.5
55.5
55.5
51.6
47.8
45.9
55.5
57.4
49.7
47.8
45.9
42.1
47.8
44
49.7
42.1
51.6
44
45.9
49.7
47.8
51.6
49.7
53.5
47.8
55.5
51.6
59.3
57.4
57.4
51.6
59.3
59.3
61.2
59.3
53.5
55.5
49.7
40.2
38.3
36.3
34.4
34.4
34.4
34.4
28.7
24.9
26.8
26.8
30.6
28.7
34.4
38.3
36.3
36.3
34.4
36.3
34.4
39.2
41.6
44
42.1
47.8
47.8
47.8
42.1
42.1
42.1
42.1
42.1
45.9
40.2
40.2
45.9
49.7
45.9
44
45.9
42.1
45.9
51.6
51.6
51.6
51.6
51.6
44
45.9
49.7
63.1
61.2
57.4
45.9
42.1
49.7
51.6
44
44
40.2
32.5
34.4
32.5
24.9
26.8
32.5
24.9
24.9
28.7
26.8
23
24.9
24.9
28.7
26.8
24.9
26.8
32.5
42.1
40.2
34.4
36.3
36.3
34.4
32.5
21
19.1
21
21
21
19.1
19.1
19.1
17.2
15.3
15.3
11.5
17.2
19.1
17.2
19.1
21
26.8
21
19.1
19.1
21
19.1
21
24.9
24.9
24.9
26.8
26.8
26.8
24.9
26.8
27.75
28.7
30.6
26.8
32.5
34.4
42.1
44
51.6
44
44
51.6
51.6
53.5
47.8
51.6
63.1
59.3
61.2
59.3
63.1
57.4
65
63.1
68.8
72.7
74.6
80.3
76.5
76.5
72.7
61.2
66.9
70.8
72.7
72.7
74.6
68.8
68.8
59.3
63.1
57.4
51.6
51.6
49.7
51.6
51.6
44
47.8
47.8
44
40.2
40.2
40.2
47.8
47.8
49.7
53.5
49.7
53.5
57.4
53.5
57.4
51.6
55.5
53.5
61.2
61.2
55.5
53.5
47.8
40.2
40.2
38.3
28.7
28.7
26.8
26.8
24.9
30.6
32.5
32.5
36.3
32.5
36.3
42.1
42.1
36.3
40.2
36.3
36.3
44
47.8
49.7
42.1
50.7
55
59.3
59.3
61.2
72.7
66.9
59.3
65
63.1
63.1
66.9
78.4
82.2
88
86.1
84.2
88
84.2
97.5
91.8
103.3
97.5
86.1
82.2
86.1
86.1
88
89.9
82.2
74.6
68.8
72.7
74.6
82.2
74.6
68.8
68.8
74.6
63.1
68.8
74.6
76.5
89.9
74.6
65
65
70.8
59.3
63.1
68.8
86.1
70.8
76.5
88
89.9
91.8
89.9
97.5
99.4
95.6
86.1
91.8
109
105.2
99.4
84.2
82.2
78.4
78.4
80.3
74.6
86.1
88
68.8
59.3
57.4
51.6
49.7
44
44
44
51.6
55.5
49.7
53.5
44
49.7
53.5
44
45.9
44
45.9
63.1
65
84.2
77.5
74.15
70.8
72.7
66.9
72.7
80.3
70.8
89.9
82.2
86.1
82.2
70.8
74.6
91.8
97.5
89.9
91.8
86.1
93.7
95.6
88
86.1
93.7
84.2
97.5
95.6
91.8
86.1
93.7
99.4
91.8
84.2
95.6
91.8
99.4
86.1
89.9
84.2
91.8
97.5
86.1
93.7
86.1
91.8
88
86.1
97.5
88
95.6
91.8
93.7
80.3
78.4
84.2
88
93.7
80.3
91.8
86.1
82.2
78.4
70.8
68.8
66.9
68.8
70.8
68.8
76.5
72.7
65
66.9
59.3
61.2
55.5
57.4
53.5
57.4
68.8
49.7
55.5
59.3
59.3
44
42.1
38.3
38.3
32.5
40.2
45.9
42.1
42.1
51.6
49.7
47.8
51.6
58.3
61.65
65
74.6
59.3
51.6
61.2
61.2
63.1
74.6
93.7
93.7
91.8
95.6
91.8
97.5
99.4
97.5
99.4
101.4
99.4
99.4
95.6
97.5
97.5
84.2
95.6
88
95.6
93.7
101.4
80.3
91.8
101.4
95.6
89.9
86.1
84.2
97.5
86.1
84.2
84.2
89.9
76.5
76.5
61.2
59.3
58.35
57.4
63.1
61.2
66.9
59.3
57.4
55.5
70.8
66.9
68.8
68.8
78.4
72.7
80.3
80.3
76.5
78.4
82.2
80.3
84.2
80.3
78.4
86.1
86.1
78.4
74.6
68.8
59.3
53.5
49.7
44
42.1
34.4
32.5
36.3
34.4
34.4
36.3
34.4
32.5
32.5
32.5
36.3
26.8
26.8
26.8
28.7
34.4
37.3
38.75
40.2
42.1
55.5
51.6
51.6
51.6
59.3
66.9
72.7
78.4
82.2
78.4
82.2
84.2
88
91.8
93.7
91.8
89.9
91.8
93.7
95.6
95.6
95.6
97.5
95.6
97.5
97.5
103.3
103.3
112.8
105.2
110.9
95.6
97.5
91.8
97.5
93.7
103.3
105.2
109
110.9
112.8
114.8
114.8
116.7
126.2
122.4
120.5
126.2
120.5
114.8
107.1
118.6
118.6
112.8
95.6
112.8
109
86.1
82.2
101.4
97.5
86.1
91.8
91.8
80.3
86.1
84.2
78.4
74.6
72.7
68.8
68.8
68.8
65
55.5
59.3
49.7
47.8
47.8
45.9
49.7
47.8
47.8
49.7
53.5
49.7
47.8
47.8
47.8
45.9
47.8
49.7
53.55
55.475
57.4
57.4
61.2
66.9
63.1
63.1
70.8
63.1
63.1
86.1
74.6
63.1
74.6
61.2
74.6
72.7
65
70.8
70.8
70.8
74.6
74.6
76.5
84.2
66.9
72.7
80.3
74.6
70.8
76.5
95.6
82.2
88
82.2
76.5
72.7
70.8
74.6
74.6
70.8
66.9
74.6
63.1
76.5
65
70.8
65
72.7
68.8
68.8
68.8
61.2
65
72.7
61.2
57.4
68.8
72.7
66.9
72.7
65
72.7
66.9
61.2
65
57.4
55.5
51.6
55.5
53.5
47.8
45.9
45.9
53.5
42.1
32.5
36.3
30.6
30.6
26.8
26.8
23
21
24.9
23
24.9
24.9
26.8
28.7
32.5
34.4
34.4
40.2
47.8
50.65
52.075
53.5
66.9
68.8
68.8
68.8
80.3
82.2
74.6
70.8
72.7
74.6
59.3
55.5
55.5
59.3
70.8
68.8
66.9
66.9
44
53.5
55.5
51.6
61.2
61.2
63.1
53.5
53.5
57.4
57.4
51.6
36.3
47.8
80.3
49.7
40.2
51.6
53.5
53.5
49.7
47.8
45.9
42.1
44
42.1
66.9
80.3
61.2
53.5
57.4
53.5
45.9
68.8
65
61.2
57.4
63.1
63.1
40.2
30.6
34.4
42.1
47.8
49.7
40.2
30.6
65
55.5
45.9
42.1
45.9
47.8
47.8
55.5
55.5
55.5
51.6
55.5
51.6
51.6
61.2
53.5
57.4
55.5
47.8
49.7
57.4
57.4
47.8
53.5
59.3
57.4
49.7
30.6
39.2
43.5
47.8
40.2
32.5
53.5
63.1
66.9
91.8
103.3
84.2
84.2
86.1
76.5
78.4
74.6
63.1
66.9
76.5
82.2
86.1
88
95.6
105.2
97.5
86.1
88
82.2
78.4
74.6
74.6
68.8
76.5
66.9
65
55.5
59.3
59.3
53.5
45.9
45.9
53.5
44
38.3
36.3
32.5
38.3
40.2
30.6
38.3
32.5
34.4
30.6
32.5
30.6
24.9
24.9
26.8
30.6
30.6
32.5
32.5
34.4
34.4
42.1
40.2
36.3
32.5
32.5
38.3
32.5
32.5
32.5
28.7
26.8
26.8
26.8
26.8
21
23
30.6
34.4
32.5
30.6
38.3
34.4
32.5
32.5
42.1
45.9
47.8
45.9
55.5
59.3
61.2
61.2
63.1
64.05
65
55.5
59.3
63.1
63.1
59.3
57.4
61.2
63.1
63.1
65
63.1
61.2
61.2
61.2
63.1
61.2
65
66.9
66.9
66.9
65
66.9
66.9
68.8
72.7
70.8
70.8
74.6
65
72.7
72.7
72.7
70.8
66.9
74.6
68.8
61.2
61.2
49.7
55.5
53.5
47.8
51.6
55.5
51.6
51.6
51.6
45.9
45.9
40.2
36.3
44
47.8
47.8
44
51.6
49.7
44
47.8
49.7
47.8
53.5
59.3
63.1
57.4
59.3
59.3
53.5
45.9
45.9
38.3
36.3
36.3
32.5
30.6
30.6
28.7
26.8
28.7
30.6
30.6
26.8
28.7
28.7
30.6
26.8
26.8
23
26.8
30.6
34.4
42.1
44
47.8
49.7
51.6
57.4
53.5
49.7
51.6
57.4
57.4
59.3
57.4
59.3
55.5
57.4
57.4
59.3
57.4
61.2
65
65
63.1
66.9
70.8
76.5
76.5
76.5
76.5
80.3
76.5
74.6
70.8
70.8
63.1
66.9
59.3
53.5
55.5
61.2
63.1
59.3
63.1
63.1
57.4
53.5
51.6
44
42.1
45.9
53.5
57.4
55.5
44
40.2
38.3
40.2
38.3
44
40.2
42.1
53.5
53.5
53.5
53.5
63.1
57.4
65
65
55.5
65
57.4
57.4
57.4
49.7
44
32.5
28.7
30.6
23
19.1
19.1
21
23
26.8
28.7
26.8
26.8
26.8
23
28.7
30.6
30.6
26.8
34.4
28.7
23
19.1
27.7
32
36.3
38.3
34.4
32.5
32.5
34.4
40.2
36.3
42.1
44
44
44
47.8
42.1
44
47.8
47.8
53.5
53.5
55.5
49.7
55.5
53.5
55.5
53.5
57.4
55.5
59.3
57.4
61.2
57.4
55.5
53.5
55.5
45.9
44
40.2
36.3
38.3
38.3
44
42.1
40.2
36.3
40.2
40.2
40.2
38.3
45.9
38.3
45.9
45.9
44
34.4
38.3
45.9
40.2
40.2
44
51.6
51.6
45.9
44
44
49.7
47.8
55.5
55.5
47.8
42.1
38.3
34.4
28.7
23
21
19.1
13.4
11.5
11.5
9.6
11.5
11.5
11.5
11.5
7.7
7.7
7.7
7.7
7.7
7.7
9.6
7.7
9.6
11.5
11.5
11.5
11.5
11.5
13.4
17.2
17.2
21
21
21
21
19.1
21
19.1
19.1
21
21
21
21
28.7
28.7
32.5
47.8
42.1
38.3
40.2
40.2
38.3
38.3
40.2
34.4
34.4
36.3
38.3
38.3
40.2
38.3
40.2
44
42.1
32.5
40.2
40.2
45.9
44
36.3
34.4
44
36.3
45.9
44
42.1
42.1
38.3
40.2
45.9
42.1
42.1
38.3
38.3
44
42.1
40.2
42.1
44
47.8
45.9
44
40.2
40.2
40.2
40.2
38.3
34.4
32.5
38.3
34.4
34.4
34.4
30.6
24.9
23
21
23
24.9
23
24.9
24.9
21
21
23
23
23
23
19.1
23
25.85
27.275
28.7
30.6
30.6
74.6
68.8
68.8
72.7
72.7
70.8
80.3
78.4
72.7
68.8
70.8
61.2
63.1
68.8
66.9
80.3
78.4
78.4
86.1
88
89.9
80.3
72.7
74.6
63.1
65
66.9
70.8
78.4
78.4
82.2
80.3
88
76.5
74.6
68.8
72.7
70.8
65
53.5
59.3
68.8
68.8
63.1
55.5
61.2
72.7
61.2
72.7
68.8
65
68.8
76.5
66.9
66.9
63.1
70.8
76.5
72.7
80.3
70.8
76.5
72.7
68.8
74.6
74.6
66.9
63.1
61.2
59.3
57.4
55.5
49.7
45.9
44
40.2
44
44
44
38.3
40.2
40.2
42.1
44
44
38.3
42.1
49.7
49.7
49.7
53.5
55.45
56.425
57.4
63.1
74.6
70.8
70.8
72.7
70.8
70.8
65
68.8
68.8
70.8
70.8
72.7
74.6
74.6
84.2
91.8
93.7
99.4
101.4
91.8
93.7
84.2
72.7
76.5
74.6
74.6
72.7
72.7
78.4
72.7
72.7
61.2
57.4
55.5
51.6
49.7
47.8
42.1
57.4
51.6
45.9
49.7
45.9
51.6
49.7
51.6
49.7
47.8
55.5
45.9
49.7
45.9
49.7
51.6
47.8
47.8
38.3
45.9
38.3
44
42.1
44
44
44
44
44
42.1
44
45.9
47.8
45.9
51.6
40.2
36.3
40.2
42.1
44
40.2
32.5
32.5
42.1
47.8
51.6
44
42.1
45.9
42.1
44
40.2
36.3
38.3
40.2
47.85
51.675
55.5
53.5
66.9
66.9
70.8
68.8
63.1
59.3
61.2
63.1
61.2
68.8
74.6
76.5
78.4
78.4
78.4
78.4
82.2
80.3
88
82.2
84.2
76.5
72.7
72.7
72.7
76.5
72.7
74.6
63.1
66.9
68.8
63.1
47.8
38.3
45.9
44
38.3
30.6
32.5
36.3
36.3
30.6
42.1
42.1
38.3
44
47.8
53.5
44
47.8
45.9
42.1
36.3
42.1
44
45.9
45.9
45.9
45.9
53.5
51.6
68.8
66.9
66.9
70.8
53.5
68.8
59.3
47.8
47.8
38.3
38.3
40.2
42.1
47.8
45.9
34.4
34.4
30.6
34.4
30.6
32.5
34.4
34.4
36.3
32.5
28.7
34.4
36.3
42.1
44
38.3
39.25
39.725
40.2
44
49.7
51.6
51.6
61.2
68.8
55.5
57.4
59.3
57.4
57.4
59.3
68.8
82.2
76.5
74.6
57.4
74.6
61.2
61.2
49.7
47.8
47.8
47.8
53.5
59.3
66.9
68.8
70.8
70.8
65
57.4
49.7
61.2
51.6
55.5
55.5
55.5
59.3
57.4
51.6
53.5
45.9
45.9
40.2
42.1
40.2
40.2
45.9
47.8
45.9
49.7
49.7
53.5
49.7
51.6
53.5
61.2
59.3
57.4
55.5
59.3
53.5
59.3
61.2
63.1
55.5
55.5
51.6
51.6
47.8
57.4
57.4
42.1
42.1
38.3
38.3
38.3
36.3
34.4
36.3
34.4
34.4
34.4
36.3
34.4
36.3
34.4
40.2
44
42.1
38.3
42.1
44
44.95
45.9
49.7
44
49.7
57.4
53.5
53.5
45.9
45.9
47.8
49.7
47.8
45.9
49.7
61.2
61.2
68.8
68.8
68.8
70.8
76.5
74.6
72.7
65
66.9
70.8
72.7
68.8
63.1
65
78.4
70.8
78.4
72.7
84.2
76.5
80.3
70.8
68.8
74.6
68.8
80.3
76.5
82.2
82.2
70.8
80.3
66.9
101.4
70.8
109
68.8
84.2
72.7
70.8
80.3
76.5
76.5
101.4
84.2
86.1
78.4
78.4
82.2
86.1
72.7
66.9
63.1
70.8
76.5
78.4
76.5
68.8
57.4
65
53.5
44
44
34.4
38.3
28.7
24.9
24.9
24.9
28.7
28.7
28.7
24.9
24.9
24.9
23
26.8
24.9
28.7
35.4
38.75
42.1
42.1
44
40.2
40.2
51.6
51.6
49.7
49.7
53.5
51.6
51.6
53.5
51.6
49.7
57.4
59.3
61.2
61.2
65
65
63.1
66.9
66.9
65
66.9
68.8
70.8
68.8
68.8
53.5
53.5
49.7
47.8
57.4
57.4
45.9
53.5
66.9
59.3
47.8
44
45.9
47.8
49.7
45.9
44
49.7
42.1
47.8
47.8
40.2
42.1
45.9
40.2
44
44
42.1
59.3
57.4
57.4
59.3
65
65
65
66.9
63.1
63.1
57.4
53.5
49.7
47.8
44
42.1
38.3
36.3
32.5
32.5
26.8
26.8
26.8
24.9
23
24.9
28.7
23
24.9
24.9
28.7
26.8
24.9
30.6
32.5
30.6
35.4
37.8
40.2
47.8
55.5
45.9
51.6
45.9
40.2
45.9
45.9
44
45.9
45.9
47.8
47.8
51.6
55.5
55.5
55.5
59.3
63.1
59.3
61.2
61.2
66.9
68.8
74.6
68.8
66.9
68.8
70.8
61.2
70.8
84.2
88
82.2
78.4
70.8
99.4
78.4
67.9
57.4
57.4
55.5
53.5
61.2
61.2
65
70.8
65
65
57.4
49.7
47.8
45.9
51.6
51.6
49.7
55.5
57.4
57.4
59.3
61.2
65
68.8
68.8
65
65
63.1
61.2
59.3
57.4
51.6
42.1
42.1
40.2
32.5
36.3
36.3
36.3
30.6
32.5
28.7
26.8
30.6
30.6
28.7
28.7
30.6
38.3
45.9
51.6
42.1
44
51.6
53.55
54.525
55.5
55.5
59.3
66.9
55.5
55.5
61.2
76.5
61.2
57.4
63.1
61.2
61.2
61.2
55.5
66.9
74.6
74.6
78.4
78.4
76.5
74.6
68.8
68.8
65
70.8
65
61.2
61.2
63.1
65
65
55.5
59.3
55.5
53.5
61.2
61.2
55.5
51.6
59.3
55.5
44
51.6
42.1
65
86.1
51.6
49.7
53.5
45.9
45.9
47.8
61.2
72.7
63.1
55.5
51.6
66.9
70.8
63.1
72.7
70.8
74.6
74.6
78.4
76.5
74.6
66.9
66.9
65
51.6
45.9
42.1
42.1
38.3
32.5
30.6
26.8
23
23
23
23
24.9
17.2
19.1
13.4
15.3
15.3
17.2
17.2
23
23
24.9
25.85
26.325
26.8
32.5
28.7
28.7
30.6
30.6
28.7
26.8
28.7
32.5
30.6
30.6
30.6
30.6
40.2
30.6
32.5
34.4
34.4
40.2
44
51.6
51.6
57.4
45.9
49.7
42.1
42.1
36.3
32.5
30.6
36.3
32.5
36.3
32.5
28.7
28.7
28.7
30.6
24.9
30.6
38.3
36.3
34.4
32.5
45.9
26.8
24.9
30.6
28.7
24.9
23
24.9
23
26.8
26.8
26.8
26.8
30.6
26.8
30.6
32.5
26.8
26.8
30.6
30.6
28.7
30.6
26.8
24.9
24.9
19.1
26.8
26.8
26.8
40.2
36.3
40.2
42.1
32.5
38.3
38.3
47.8
49.7
51.6
42.1
45.9
49.7
57.4
53.5
57.4
49.7
47.8
53.5
52.55
52.075
51.6
51.6
44
44
51.6
53.5
55.5
59.3
65
65
63.1
63.1
70.8
70.8
68.8
74.6
74.6
78.4
80.3
84.2
80.3
74.6
78.4
82.2
88
86.1
82.2
74.6
68.8
72.7
74.6
82.2
91.8
84.2
66.9
66.9
84.2
66.9
61.2
42.1
49.7
38.3
49.7
49.7
53.5
47.8
59.3
63.1
51.6
42.1
45.9
44
47.8
47.8
51.6
44
44
47.8
44
47.8
47.8
53.5
51.6
49.7
51.6
45.9
51.6
55.5
49.7
44
47.8
49.7
47.8
49.7
49.7
51.6
49.7
49.7
53.5
53.5
49.7
49.7
45.9
49.7
45.9
45.9
44
47.8
42.1
42.1
44
44
42.1
42.1
41.15
40.675
40.2
42.1
38.3
40.2
44
45.9
44
44
42.1
44
44
42.1
47.8
47.8
49.7
49.7
51.6
49.7
53.5
55.5
63.1
61.2
61.2
57.4
59.3
63.1
59.3
65
63.1
65
63.1
66.9
65
61.2
59.3
59.3
57.4
51.6
53.5
53.5
47.8
55.5
51.6
44
49.7
49.7
55.5
55.5
57.4
53.5
51.6
55.5
59.3
51.6
47.8
51.6
47.8
55.5
59.3
59.3
61.2
55.5
59.3
61.2
63.1
59.3
57.4
59.3
53.5
51.6
51.6
53.5
51.6
59.3
51.6
53.5
51.6
49.7
49.7
44
44
45.9
42.1
44
45.9
44
42.1
42.1
45.9
45.9
55.5
57.4
59.3
55.5
55.5
55.5
55.5
55.5
55.5
57.4
59.3
57.4
59.3
59.3
65
68.8
70.8
70.8
70.8
65
68.8
70.8
74.6
76.5
74.6
72.7
76.5
78.4
78.4
68.8
68.8
74.6
72.7
78.4
84.2
76.5
68.8
61.2
55.5
61.2
53.5
45.9
45.9
59.3
51.6
34.4
36.3
38.3
36.3
36.3
32.5
28.7
36.3
32.5
34.4
40.2
53.5
51.6
76.5
74.6
84.2
76.5
74.6
70.8
99.4
110.9
112.8
103.3
89.9
95.6
91.8
86.1
84.2
86.1
82.2
70.8
68.8
65
57.4
57.4
53.5
55.5
53.5
49.7
44
44
44
42.1
38.3
40.2
44
47.8
55.5
51.6
53.5
49.7
51.6
55.5
57.4
55.5
54.5
54
53.5
61.2
63.1
63.1
66.9
65
65
66.9
70.8
66.9
68.8
72.7
68.8
63.1
63.1
63.1
65
65
72.7
70.8
72.7
76.5
80.3
80.3
74.6
78.4
70.8
57.4
57.4
86.1
82.2
82.2
70.8
65
63.1
65
66.9
65
63.1
68.8
70.8
78.4
84.2
80.3
78.4
80.3
84.2
86.1
78.4
74.6
65
66.9
65
76.5
80.3
68.8
65
68.8
65
65
66.9
70.8
68.8
65
70.8
63.1
57.4
55.5
55.5
55.5
49.7
49.7
47.8
42.1
40.2
40.2
42.1
40.2
32.5
36.3
32.5
30.6
28.7
28.7
30.6
34.4
38.3
40.2
42.1
42.1
44
44
45.9
49.7
51.6
52.55
53.5
51.6
51.6
55.5
59.3
66.9
66.9
68.8
66.9
72.7
66.9
74.6
78.4
74.6
74.6
76.5
78.4
78.4
76.5
84.2
80.3
82.2
82.2
76.5
68.8
72.7
66.9
70.8
65
55.5
66.9
68.8
61.2
53.5
57.4
55.5
63.1
51.6
49.7
47.8
55.5
59.3
68.8
36.3
47.8
47.8
49.7
47.8
47.8
49.7
47.8
47.8
42.1
45.9
47.8
49.7
51.6
53.5
53.5
57.4
59.3
61.2
59.3
63.1
68.8
65
63.1
57.4
57.4
57.4
57.4
49.7
47.8
42.1
47.8
45.9
44
44
36.3
42.1
38.3
34.4
42.1
45.9
45.9
53.5
53.5
55.5
61.2
59.3
55.5
55.5
53.5
57.4
60.25
61.675
63.1
59.3
65
65
61.2
70.8
70.8
74.6
86.1
84.2
84.2
89.9
93.7
103.3
86.1
86.1
103.3
109
91.8
80.3
84.2
80.3
74.6
72.7
68.8
93.7
76.5
76.5
76.5
76.5
68.8
65
72.7
45.9
42.1
53.5
44
44
57.4
49.7
68.8
63.1
42.1
45.9
44
72.7
61.2
36.3
55.5
65
42.1
42.1
51.6
42.1
53.5
61.2
42.1
51.6
63.1
49.7
51.6
59.3
57.4
61.2
59.3
61.2
61.2
55.5
57.4
49.7
45.9
44
42.1
38.3
34.4
32.5
28.7
30.6
26.8
21
21
24.9
21
21
19.1
21
21
21
19.1
21
21
24.9
19.1
19.1
23.9
26.3
28.7
28.7
28.7
28.7
28.7
28.7
26.8
36.3
36.3
36.3
34.4
36.3
32.5
32.5
32.5
30.6
32.5
36.3
36.3
38.3
36.3
42.1
44
42.1
44
47.8
42.1
44
44
40.2
34.4
34.4
34.4
30.6
30.6
30.6
26.8
26.8
23
24.9
19.1
21
23
23
19.1
23
23
24.9
21
23
24.9
17.2
17.2
24.9
23
19.1
23
23
24.9
24.9
21
23
23
23
17.2
23
26.8
19.1
19.1
19.1
21
19.1
19.1
15.3
13.4
15.3
13.4
13.4
13.4
13.4
13.4
13.4
15.3
17.2
17.2
15.3
17.2
17.2
17.2
15.3
19.1
19.1
19.1
19.1
22
23.45
24.9
21
28.7
28.7
26.8
30.6
32.5
28.7
32.5
34.4
36.3
34.4
34.4
34.4
32.5
32.5
32.5
26.8
26.8
30.6
30.6
30.6
45.9
45.9
44
45.9
45.9
42.1
44
42.1
45.9
40.2
40.2
34.4
30.6
36.3
28.7
26.8
26.8
26.8
28.7
28.7
28.7
28.7
24.9
30.6
28.7
32.5
30.6
30.6
32.5
36.3
34.4
40.2
40.2
42.1
42.1
38.3
40.2
40.2
45.9
45.9
51.6
42.1
42.1
44
45.9
40.2
44
42.1
42.1
44
40.2
44
40.2
38.3
40.2
36.3
30.6
34.4
30.6
34.4
30.6
30.6
28.7
32.5
32.5
32.5
30.6
32.5
36.3
38.3
36.3
32.5
36.35
38.275
40.2
40.2
40.2
