"x"
69.8
49.25
31.575
22.475
17.2
17.2
15.3
16.4875
13.4
13.875
11.7375
23.9375
27.7375
15.3
13.6375
13.6375
9.125
8.1625
10.075
17.4375
25.3625
27.2625
41.5875
56.425
40.6375
20.075
21.525
19.1125
13.875
10.3125
12.2125
22.9625
36.8125
55.9375
57.1375
51.35
29.675
26.8
28.2125
17.2
13.875
15.0625
13.875
15.7875
30.85
32.975
24.4125
24.978125
18.6625
19.6125
22.0125
21.05
20.325
12.925
15.775
34.425
39.9375
34.9125
57.125
46.1375
34.925
31.075
27.4875
16.9625
11.5
18.6375
23.4375
19.125
15.5375
8.1625
9.125
9.8375
13.4
22.95
30.6
16.0125
15.3
16.5
68.1125
51.1625
32.975
16.0125
11.975
16.071875
25.8125
25.375
17.925
13.625
8.175
9.6
47.3375
94.9125
97.7875
89.8875
100.65
83.49375
52.1
38.2625
28.225
16.7375
13.4
17.7
44.45
72.6625
85.825
58.0875
75.5375
86.309375
73.6375
64.05
33.95
22.4625
20.3
26.5125
32.5
44.6875
61.875
51.6375
35.85
21.7
22
37.3
37.7625
24.175
22.4875
15.775
19.35
21.9875
31.075
23.425
13.4
20.075
31.55
42.1
42.325
19.85
22.25
41.35
48.3125
79.3875
95.3875
55.475
42.575
49.13125
33.4625
28.2125
31.7875
23.9
12.45
17.4375
36.825
58.325
44.9375
23.6625
16.0125
17.259375
25.5875
34.9125
37.3
29.8875
31.3125
23.225
32.0375
54.2625
53.3
44.95
63.3625
81.509375
65.025
54.525
44.0125
22.9625
24.65
39.2
35.8625
43.0375
37.275
39.2125
35.375
57.8625
58.325
53.0625
36.8
19.1375
12.45
17.2
14.23125
16.25
29.4
27.0375
24.8875
38.728125
46.85
38.725
32.99375
25.6125
23.2
18.65
24.3875
30.1375
36.8125
16.0375
7.7
10.3125
49.7
61.2
65.95
53.55
40.2
30.6
26.8
23.95
22.95
17.2
16.25
19.1
10.55
18.2
23.95
35.4
40.2
37.3
40.15
56.4
22.95
4.75
0
1.9
2.85
20.05
21.05
22
22
48.75
53.55
44.95
39.2
28.7
37.3
48.75
31.55
31.55
38.25
33.5
18.2
14.35
19.15
25.85
35.35
27.75
31.55
39.25
44.95
59.3
66.95
38.25
25.85
20.05
19.1
23.95
12.45
4.8
3.8
13.4
19.15
17.2
17.2
19.1
15.3
14.35
11.5
9.6
7.7
9.6
9.6
10.55
14.35
26.8
31.55
16.25
18.15
17.2
22
22.95
18.15
12.45
12.45
21
34.45
36.3
40.2
44.95
37.3
27.75
27.75
34.45
23.9
17.2
22.95
28.7
26.8
38.25
44
45.9
46.85
41.15
50.7
62.15
54.5
22
13.4
35.4
56.45
56.45
50.7
29.65
21.05
14.35
29.65
19.1
16.25
12.45
7.7
17.2
46.85
43.05
41.15
44.95
50.65
50.65
43.05
40.2
40.2
46.85
49.7
50.65
62.15
64.05
83.2
85.1
73.65
71.2453125
69.8
74.6
65.95
55.5
66
74.6
74.6
72.7
70.8
71.75
66.9
60.25
58.35
66.95
67.9
58.35
65
70.75
62.15
65
65
61.2
48.75
34.4
49.75
58.35
43
20.1
17.2
24.9
36.3
41.15
46.85
48.75
36.35
30.6
34.45
40.15
34.45
18.15
16.25
18.15
30.6
31.55
35.4
37.3
31.55
28.7
30.6
32.5
33.45
23
23
24.9
30.6
36.3
38.3
38.25
39.25
39.25
39.25
43.05
47.8
46.85
49.7
53.5
53.5
55.5
55.45
52.55
44
48.75
47.8
49.7
46.85
45.9
46.85
50.65
46.85
46.85
46.85
44
45.9
46.85
45.9
45.9
48.75
46.85
45.9
47.8
50.65
52.55
55.5
52.55
47.8
44
49.7
49.7
52.55
52.55
54.5
58.35
56.45
58.35
55.5
53.5
46.85
40.2
39.25
43.05
44.95
44
45.9
50.65
46.85
46.85
44
44.95
41.15
33.45
25.85
31.55
30.6
20.05
16.25
21
29.65
31.55
39.2
44.95
38.25
29.65
26.8
36.3
26.75
18.15
21.05
30.6
38.25
31.55
30.6
26.8
33.45
31.55
26.8
27.75
18.15
12.45
11.5
14.35
22
22
28.7
28.7
29.65
30.6
33.45
26.8
22
10.55
13.4
21
16.25
19.1
23.9
29.65
26.8
27.75
22
32.5
23.9
20.1
27.75
35.35
44.95
52.55
59.3
56.4
36.35
25.85
32.5
54.5
45.9
23.9
17.2
24.9
28.7
33.45
43.05
48.75
33.5
40.15
47.8
51.6
49.7
44.95
50.65
60.25
64.05
72.7
72.7
58.35
48.75
43.05
51.65
60.25
51.65
21.05
12.45
19.1
36.35
42.1
45.9
39.2
21.05
14.35
20.33203125
26.8
20.1
6.7
0.95
2.85
19.1
29.65
26.8
29.65
23.95
23.9
29.65
22
18.15
16.25
17.2
32.5
26.8
37.3
52.6
47.8
45.9
47.8
44
37.3
28.7
29.65
40.15
49.7
46.85
50.65
48.75
47.8
48.75
37.3
39.25
58.35
66.9
53.55
48.75
60.25
65.95
80.35
77.45
72.7
33.5
27.75
29.65
61.2
53.55
26.8
22.95
29.65
40.2
44
51.6
55.45
48.690625
44.0556640625
43.05
51.6
34.45
20.05
19.1
37.3
47.8
54.5
69.8
69.8
33.5
33.45
64.05
83.2
58.35
57.4
60.25
54.5
44
43.05
58.35
60.25
50.7
43.05
41.15
52.6
46.85
44
59.3
64.05
66.9
86.05
90.85
59.25
60.25
38.25
33.45
52.6
65.95
52.6
58.35
60.25
65
67.9
75.55
61.15
24.9
27.75
50.65
50.7
41.1
38.25
26.75
21.05
31.55
44.95
52.6
70.8
43.05
35.4
26.8
62.15
50.65
19.1
14.35
31.55
62.15
75.55
68.85
47.85
59.3
48.75
45.9
44.95
44
34.4
39.2
51.65
40.2
44.95
45.9
46.85
44
36.35
36.35
44
36.35
14.35
18.15
36.35
47.8
62.15
62.15
58.35
36.35
36.35
47.85
61.2
45.9
41.15
40.2
44
57.35
65.95
76.5
87.95
132
132.900005
95.65
74.55
59.3
59.3
58.35
59.3
48.75
52.6
48.75
43.05
31.55
29.65
31.55
34.4
37.3
37.3
44
46.85
46.85
45.9
50.65
52.55
60.25
50.65
52.55
50.7
46.85
50.65
59.25
74.6
88.9
88
80.3
81.3
47.42265625
35.35
57.4
66
65.05
36.35
39.2
64.05
57.35
41.1
64.1
45.9
35.4
21
15.3
20.05
9.6
13.4
31.55
24.85
22.95
41.1
67.9
67.9
42.05
20.05
37.3
63.1
59.25
43.05
25.8
47.8
65
67.9
74.6
70.75
37.3
42.05
41.1
49.75
43
19.15
15.3
18.15
31.6
56.4
65.05
48.75
27.75
20.1
24.9
59.3
67.9
28.65
27.75
52.6
65
41.1
37.3
44
33.45
41.1
52.0453125
44
41.15
47.8
46.85
44.95
72.65
87.05
77.5
70.75
43.05
44.95
43.05
55.45
48.75
31.55
19.1
27.75
16.25
28.7
23
17.2
23.9
28.7
33.5
59.3
44
35.4
34.4
47.8
57.4
62.15
66.9
44.9
23.9
15.3
18.15
32.55
53.55
22.95
12.45
15.3
25.85
35.4
64.1
71.7
54.5
56.4
42.05
35.4
23.9
11.5
11.5
16.25
15.3
27.75
33.45
48.75
43
41.1
56.4
81.3
64.05
56.4
73.65
86.05
151.10001
138.700005
109
82.25
37.3
22.95
26.8
60.2
63.1
31.55
30.6
48.8
50.65
70.75
59.25
51.6
19.15
10.55
13.4
21.05
14.35
4.8
2.85
5.75
19.15
22.95
47.85
58.35
55.5
45.9
54.5
56.4
53.55
32.55
17.2
16.25
16.25
25.85
47.8
39.2
37.3
27.7
36.6140625
55.27587890625
55.45
41.1
57.4
69.8
81.25
87.05
85.15
89.9
83.2
78.4
75.55
71.75
55.5
44
44.95
48.75
59.3
68.8
75.55
66.95
54.5
52.55
46.85
45.9
36.35
20.1
21
33.45
33.45
56.4
64.05
68.85
43
32.5
41.15
46.85
56.4
36.35
42.05
83.2
88
96.55
94.65
73.65
23.9
21.05
35.4
55.45
52.6
25.85
21
22
28.7
24.9
18.15
12.45
6.7
6.7
3.8
4.75
3.8
3.8
2.85
3.8
16.25
57.35
66.9
53.55
21.05
13.4
12.45
15.3
14.35
7.65
3.8
3.8
7.7
12.45
35.35
35.4
26.8
34.4
29.65
37.3
37.3
19.1
19.1
32.55
47.8
69.8
61.2
56.4
34.4
41.15
66.95
101.35
90.85
50.7
33.45
28.7
29.65
27.75
42.05
30.65
17.2
9.6
8.6
18.2
34.45
14.35
0.95
0.95
13.4
27.7
55.45
51.65
33.45
29.65
34.45
41.15
47.8
21.05
13.4
19.1
40.15
51.6
62.15
50.7
31.55
32.5
47.85
73.65
67.9
55.45
51.6
57.4
45.9
44.95
33.5
45.9
46.85
59.3
67.85
66.9
67.85
65.95
73.6
72.65
84.15
91.8
78.4
72.65
28.65
26.8
43.05
52.55
51.6
48.75
50.65
54.5
61.2
71.7
81.3
65
41.15
42.05
55.5
68.85
58.3
42.1
40.2
48.75
56.4
65.95
68.85
55.45
30.6
27.75
29.65
44
53.5
49.7
43.05
33.45
43.05
44
40.2
35.35
29.65
26.51796875
23.95
31.55
39.2
20.05
12.45
8.65
11.5
20.1
20.05
19.1
41.1
54.5
52.55
58.35
48.75
31.55
30.6
35.4
50.65
57.4
55.45
55.45
40.2
37.3
36.3
35.35
31.55
18.15
16.25
22.95
18.15
27.75
26.8
27.75
35.4
47.8
59.3
52.6
48.75
36.35
35.35
46.85
57.4
66.9
74.6
44
23.9
23
40.15
49.7
53.5
48.75
50.65
59.3
68.85
73.65
65
52.55
41.15
33.45
27.75
32.5
44.95
33.45
31.55
33.45
31.55
32.5
33.45
38.25
35.35
24.9
20.05
30.6
35.35
27.75
23.95
29.65
41.15
51.6
50.65
42.1
25.85
22.95
26.8
42.1
49.7
50.65
51.6
51.6
58.35
61.2
70.75
46.85
25.85
23
22.95
64.05
71.75
65
55.45
61.2
52.55
72.65
86.05
91.8
45.9
38.25
61.2
87.05
67.9
57.4
56.45
64.05
53.55
28.7
45.9
29.65
11.5
7.65
8.65
9.6
9.6
4.75
3.8
6.7
19.1
20.05
43.05
37.3
23
22
32.55
44
42.1
43.05
48.75
55.5
54.5
57.4
65
36.35
15.3
9.6
33.212109375
43.95
47.85
32.5
34.4
34.45
37.3
54.5
67.9
36.3
16.25
20.33203125
16.25
36.35
44.95
20.1
25.85
28.7
50.7
71.7
68.85
39.2
24.9
28.7
34.45
78.45
86.1
76.5
77.45
86.1
94.65
102.35
113.8
89.9
53.55
53.55
124.3
91.8
76.5
71.75
66.9
66.775
77.45
90.85
87.95
44.95
21.05
27.75
66
84.15
58.35
53.5
59.3
65.95
66.95
80.3
68.85
17.2
7.7
7.65
11.45
44
44
47.8
49.7
57.35
65.95
70.8
70.75
29.65
27.75
22.95
39.2
62.31640625
54.5
46.85
51.65
65.95
59.25
51.6
54.5
51.65
37.3
38.25
34.4
52.6
49.7
37.3
38.25
49.7
59.3
65.95
64.05
33.5
11.5
4.75
5.7
16.3
28.7
17.25
7.7
8.65
20.1
44
58.35
34.45
21
14.35
22
44
52.55
44.95
28.65
34.45
49.7
46.85
60.2
28.7
12.45
10.55
9.6
21.05
53.55
28.65
15.3
18.15
28.7
30.6
28.7
20.1
9.6
5.75
5.7
11.45
27.75
11.5
3.8
3.8
7.7
15.3
20.1
10.55
7.65
6.7
5.7
5.7
17.2
10.55
7.7
28.7
63.1
70.8
73.65
25.8
10.55
9.6
13.4
25.8
46.85
46.85
47.8
61.2
65
67.9
60.2
32.5
18.15
14.35
25.8
41.15
41.15
20.1
11.5
15.3
28.7
36.3
52.6
28.7
15.3
10.55
12.45
19.15
34.4
12.45
5.75
8.65
14.35
30.6
45.9
33.45
17.2
11.5
11.5
20.1
42.1
18.2
8.65
20.1
26.8
35.4
47.8
40.15
28.7
16.25
11.5
22.95
45.9
37.3
23.95
10.55
10.55
21.05
33.45
18.15
16.25
10.55
9.6
21.05
57.4
39.2
15.3
15.35
13.4
15.3
16.25
12.45
6.7
6.7
8.65
10.55
8.65
2.85
0
0.95
13.4
12.45
18.15
17.2
14.35
11.5
14.35
13.4
24.9
4.75
5.75
9.6
4.75
14.35
28.7
16.25
8.65
8.65
10.55
16.25
27.75
14.35
7.7
5.7
11.5
14.35
22
11.5
7.65
7.65
10.55
18.2
33.45
34.45
19.1
11.45
3.8
10.55
17.2
19.15
16.25
11.5
12.45
52.55
49.7
29.65
38.25
37.3
49.7
64.05
58.35
14.35
6.7
2.85
7.65
35.4
41.1
28.65
18.15
23.95
21.05
19.15
24.85
60.25
45.9
19.15
21.05
28.7
33.45
27.75
42.1
51.6
55.45
44
21.05
6.7
3.8
3.8
2.85
24.85
33.5
30.6
39.2
43.05
42.1
50.7
24.85
14.35
12.45
11.5
11.5
18.15
19.1
8.65
9.6
11.5
10.55
15.3
19.1
13.4
8.65
10.55
16.25
26.75
39.2
14.35
7.7
8.65
11.5
21.05
23.9
8.65
11.5
10.55
22.95
51.6
43.05
44
57.35
77.45
86.1
80.35
53.55
36.35
33.740625
17.4085571289062
17.2008146762848
17.2000031823292
17.200000012431
17.2000000000486
17.2000000000002
17.2
17.2
17.2
17.2
17.2
17.2
17.2
24.85
33.45
36.3
18.2
11.5
12.45
16.25
31.6
24.85
14.290625
8.6
9.6
17.25
36.35
48.75
44
44
53.9390625
68.85
41.1
32.55
9.6
6.7
4.75
10.55
10.55
17.2
21.05
22
21.485595703125
21
28.7
25.8
12.45
7.92265625
3.8
4.75
3.8
3.8
10.55
4.75
0.66796875
11.45
22
17.2
11.5
17.2
16.25
14.35
16.25
23.9
14.35
9.6
23.95
26.8
34.4
23.9
14.35
10.55
13.23671875
19.0260711669922
21.05
19.1
25.85
44.95
47.8
57.35
66.9
56.4
27.75
14.35
10.55
5.75
16.25
25.85
11.5
4.8
17.2
57.4
46.85
25.85
17.2
16.25
15.3
9.6
14.35
16.25
10.55
3.8
2.12265625
5.75
11.5
14.35
8.65
6.7
6.7
5.75
5.75
9.6
7.65
3.8
4.8
6.7
10.55
8.6
5.75
1.9
3.8
3.8
3.8
4.75
11.5
19.1
18.15
23.9
28.7
22
11.5
8.6
5.7
5.75
13.4
27.75
34.4
39.2
48.75
43.95
44.95
27.75
10.55
5.75
7.7
21.20703125
42.05
38.25
37.3
31.55
31.55
46.85
56.4
33.45
24.9
14.35
18.15
31.6
28.7
33.45
34.4
41.15
44
39.2
51.65
58.3
20.1
11.5
11.5
7.19296875
14.35
31.55
26.8
18.15
20.1
34.45
48.75
48.75
33.5
19.1
13.4
14.35
20.1
22.95
19.15
15.3
25.85
31.55
23.9
23.9
16.25
14.35
8.65
30.6
31.55
26.8
18.2
14.35
23.9
41.1
44.95
22.95
17.2
12.45
10.55
20.05
15.3
6.7
10.5
31.55
22.95
36.35
38.25
29.65
14.35
6.7
2.85
10.55
63.1
56.4
58.35
63.1
63.1
19.1
21.05
24.9
30.6
35.4
34.4
27.75
31.55
26.8
11.5
6.7
12.45
19.15
17.2
24.85
26.8
28.7
31.55
41.1
52.6
47.8
36.35
25.85
41.1
82.25
73.65
47.8
26.8
34.4
19.1
18.15
43
56.4
34.4
30.6
31.55
27.75
32.5
13.4
9.6
10.55
15.3
9.6
9.6
12.45
28.7
44.95
51.6
44
37.3
21.05
9.6
8.65
10.55
11.5
12.45
12.45
18.15
22.95
33.5
39.25
29.65
13.4
9.6
11.5
20.1
11.5
13.4
17.2
8.65
7.7
15.3
29.65
25.85
14.35
6.7
4.75
6.7
10.55
10.55
18.15
16.25
2.85
3.8
20.1
26.8
23.95
21.05
20.05
13.4
18.2
16.25
23.95
13.4
9.6
10.55
20.05
14.35
9.6
10.55
3.8
6.7
4.75
7.65
17.2
10.55
6.7
12.45
16.25
20.1
18.15
8.65
6.20703125
3.8
11.45
22
32.5
28.7
23.9
27.75
44
49.7
22
20.05
18.15
15.3
14.35
11.5
11.5
14.35
17.2
17.2
15.3
18.15
18.15
9.6
4.75
6.7
12.45
22.95
42.05
46.85
42.05
43
40.15
22.95
18.15
23.95
26.8
26.8
36.35
44.95
40.2
29.65
26.8
34.45
37.3
25.85
20.1
12.45
12.45
6.7
8.65
14.35
26.8
18.15
28.7
32.5
29.65
28.7
25.85
22
12.45
11.5
9.6
10.55
20.1
18.15
19.1
19.1
33.5
43.05
21.05
16.25
11.5
12.45
18.15
19.15
39.25
62.15
67.85
71.75
78.4
71.7
21.05
12.45
8.65
9.6
17.2
37.3
49.7
51.6
61.2
69.8
92.75
60.25
23.9
13.4
12.45
12.45
11.5
15.3
23.9
41.15
39.2
54.5
64.05
36.35
14.35
7.65
0.95
1.9
1.9
10.5
18.15
22
29.65
37.3
44.95
50.65
48.75
49.7
29.65
17.2
21.05
26.75
28.7
22
26.8
24.85
26.8
48.75
24.85
20.05
6.7
3.8
3.8
3.85
12.45
8.65
18.15
14.35
14.35
22
14.35
5.7
18.15
4.75
2.85
2.85
14.35
10.55
6.7
15.3
32.5
16.3
10.55
8.65
4.75
3.8
14.175
20.1
22.95
6.7
12.45
15.35
29.65
32.5
29.65
24.85
24.9
19.1
17.2
21
21.05
9.6
9.6
7.7
13.4
17.2
15.3
7.7
15.3
18.15
18.15
15.3
16.25
14.35
9.6
15.3
46.85
31.55
26.75
18.15
17.2
15.3
15.3
15.3
15.3
9.6
9.6
8.65
17.25
61.2
47.8
33.5
22.95
26.8
24.9
27.75
30.6
14.35
9.6
10.55
15.3
18.15
22.95
21.05
16.25
14.35
14.35
12.45
17.2
14.35
10.55
14.63203125
26.75
51.6
46.85
26.75
23.9
25.85
14.35
19.15
33.45
11.5
9.6
19.15
20.05
22
29.65
19.1
11.5
11.5
9.6
11.5
14.35
12.45
9.6
8.65
11.5
15.3
21.05
15.3
17.2
13.4
12.45
32.55
35.4
16.25
9.6
10.3421875
15.3
16.25
25.85
18.15
11.5
12.45
9.6
8.65
10.55
16.25
21.05
31.38671875
22.95
18.15
12.45
4.75
4.75
2.85
5.75
7.7
6.7
12.4
23.9
32.384375
32.55
30.65
10.55
11.5
12.45
5.7
11.5
12.45
18.15
8.65
0.95
1.9
12.45
14.35
9.6
8.65
5.75
5.75
7.7
4.75
9.6
6.7
0.95
1.9
10.55
27.75
18.15
12.45
9.6
8.65
12.45
21.05
26.8
34.4
35.4
45.009375
59.3
45.9
25.85
22
23
12.45
12.45
15.3
26.8
29.65
25.85
24.9
24.9
24.85
13.4
10.55
7.65
9.6
8.65
9.6
23.95
18.15
1.9
3.8
12.45
22.95
9.6
6.7
0.95
4.75
1.9
0.95
1.9
6.7
9.6
10.55
8.65
9.6
14.35
11.5
10.55
4.75
5.7
7.65
8.65
5.75
6.7
15.3
12.45
24.85
12.45
3.8
0
0
6.7
23.9
22.95
18.15
22
43.21640625
32.55
26.8
15.3
6.7
4.75
6.7
44.28203125
48.75
39.2
23
24.85
42.65234375
69.8
65
19.15
9.6
6.7
3.8
10.55
10.55
26.8
22
9.6
23.9
22.95
18.15
13.4
12.45
9.6
8.65
28.7
36.35
28.7
18.15
20.05
27.79765625
39.25
35.4
18.2
15.3
17.2
12.45
19.1
28.7
35.35
36.3
26.8
30.6
42.1
38.3
26.8
21
16.25
19.1
16.25
17.2
19.1
10.55
11.5
18.43203125
9.6
10.55
20.05
13.4
8.65
4.8
7.65
7.7
7.65
9.6
2.85
0.95
5.75
17.2
27.75
28.7
21.05
11.5
7.65
7.65
16.25
8.65
9.6
13.4
23.9
19.1
25.85
16.25
9.6
5.75
7.7
22.95
38.25
13.35
3.8
6.7
17.2
16.25
15.3
17.2
14.35
11.5
11.5
15.3
31.55
33.45
35.4
43.33203125
33.5
15.3
11.5
5.7
4.75
2.85
1.9
4.8
13.4
14.35
10.55
16.25
40.15
22.95
13.4
8.65
10.55
13.4
3.8
10.55
14.35
10.55
3.85
5.75
12.45
43
17.2
11.5
10.55
7.65
2.85
4.75
7.7
1.9
9.55
19.1
13.4
11.5
21.05
10.5
6.7
9.6
22
36.35
25.85
28.7
47.8
51.37734375
28.7
28.7
31.55
20.05
14.35
11.5
18.15
22
21
11.5
18.15
26.1203125
38.25
48.75
39.2
26.8
28.7
21.6796875
19.1
14.35
14.35
11.5
4.75
2.85
3.85
18.2
27.75
27.75
26.8
15.3
10.55
11.5
14.35
6.7
20.1
34.9640625
65.05
62.15
38.25
19.15
14.35
5.7
8.65
15.3
22.95
9.6
4.8
11.5
7.7
11.5
11.5
10.55
9.6
9.6
9.6
8.65
1.9
4.8
4.8
26.75
44.95
38.25
20.1
6.7
2.85
4.8
23.9
28.7
30.6
34.4
29.65
32.0546875
32.5
18.2
12.45
6.7
1.9
2.85
1.9
6.7
26.8
38.25
38.25
52.38671875
75.55
82.25
32.55
17.2
15.3
11.5
8.65
11.5
21.05
18.15
12.45
31.9390625
57.4
48.75
42.05
24.85
17.2
15.3
13.4
16.25
24.9
16.25
11.5
19.1
35.4
15.3
10.55
8.65
6.7
7.7
5.7
7.7
11.5
6.7
0
2.85
7.7
20.1
17.2
12.45
16.25
15.3
12.45
11.5
19.1
15.3
12.45
21.875
35.4
27.75
22
11.5
6.7
3.8
7.65
19.15
53.5
37.3
17.2
30.484375
54.48203125
42.1
25.85
10.55
12.45
10.55
8.6
1.9
6.7
2.85
1.9
4.75
3.8
6.7
8.65
2.85
0.95
6.7
5.75
2.85
2.85
7.7
1.9
5.75
11.5
19.1
19.15
13.4
11.5
6.7
8.65
11.5
18.15
5.75
2.85
5.75
8.65
10.55
9.6
7.7
8.65
8.65
15.3
15.3
15.3
6.7
0
2.85
4.8
12.45
8.65
8.65
6.7
2.85
6.7
8.65
16.25
7.65
0
4.8
6.7
27.7
28.7
18.2
11.5
6.15703125
6.7
12.45
16.25
12.45
8.65
14.35
13.4
20.1
13.4
3.8
2.85
3.8
2.85
3.8
17.2
10.5
3.8
7.7
10.55
12.45
11.5
10.55
8.65
7.65
7.7
7.7
10.55
5.75
3.8
11.5
19.1
19.1
11.5
9.6
6.7
10.55
10.55
17.2
12.45
4.8
11.45
29.475
12.45
5.75
7.65
8.6
4.75
4.75
10.5
36.35
44
22.95
9.6
17.2
29.65
40.15
55.45
36.3
23.9
19.15
49.75
58.3
54.5
40.15
44
44.22265625
32.55
26.8
19.1
8.65
10.55
7.7
7.65
11.5
19.1
11.45
2.85
6.7
13.4
21.05
16.25
16.25
10.55
9.6
10.55
10.55
21
14.35
6.7
9.6
6.7
27.7
28.7
32.5
23.95
19.15
15.3
19.1
21.05
11.5
9.6
16.25
28.7
20.1
5.75
0
10.5
24.85
53.55
31.55
17.2
16.25
20.1
14.35
31.55
29.65
37.3
19.1
16.25
18.15
20.05
21.05
22
18.15
17.2
19.1
21.05
23.95
30.6
22
13.4
11.5
13.4
18.15
22
7.65
3.8
3.8
33.45
30.6
29.65
26.8
21
19.1
19.15
24.9
22.95
11.5
5.75
3.8
0.95
8.6
10.55
8.65
6.7
4.75
10.77265625
12.45
19.1
23.9
19.1
24.2203125
45.9
45.9
33.45
29.65
15.3
23.9
22.95
24.85
21.05
5.75
0.95
1.9
25.8
32.5
18.2
8.65
10.55
12.45
12.45
9.6
11.5
4.8
0
3.8
6.7
9.6
11.5
10.55
8.65
7.7
7.7
2.85
9.6
18.15
19.1
36.05
50.65
46.85
32.55
20.05
19.1
16.25
17.2
18.15
27.75
28.7
26.8
21.90234375
22
47.8
8.6
11.5
8.6
4.75
2.85
15.3
22
13.4
7.7
12.45
69.8
63.1
44
29.65
26.75
11.5
13.4
32.5
53.5
45.9
43.05
54.15234375
70.75
67.9
38.25
22
18.15
16.25
14.35
16.25
29.65
23.9
17.2
20.05
23.9
22.95
28.7
42.1
38.25
13.4
10.55
16.25
18.15
11.5
3.8
4.8
12.45
14.35
11.5
15.3
6.7
7.65
8.65
11.5
16.25
4.8
0
6.7
2.85
8.6
10.55
9.6
6.7
5.75
6.7
4.75
11.5
9.6
0.95
1.9
13.4
25.8
31.55
13.4
12.45
14.35
12.45
13.4
17.2
20.05
19.1
13.4
9.6
16.25
13.4
13.4
11.5
21.05
28.7
27.75
31.55
15.3
12.45
22
56.45
68.85
40.15
21.05
13.4
13.4
9.6
14.35
26.8
22
19.1
42.05
37.3
51.6
31.55
9.55
14.35
22.95
16.25
14.35
10.5
3.8
15.3
17.25
26.8
38.25
21.05
9.6
11.5
10.55
19.82734375
24.85
38.3
22
0.95
8.65
17.2
16.25
9.6
5.75
3.8
7.7
10.55
38.25
64.1
45.9
20.05
19.1
24.9
24.9
11.5
1.9
0
0
5.75
11.45
28.65
26.8
26.75
34.4
39.25
22
17.2
12.45
5.75
6.7
26.8
53.55
60.25
35.35
33.45
48.75
66.95
62.15
56.4
27.75
20.05
9.6
12.45
32.55
43.05
27.7
24.9
28.7
50.7
65
46.85
30.6
6.7
2.85
4.8
14.35
41.15
28.7
5.75
2.85
16.25
22
13.4
4.8
0.95
1.9
16.3
45.9
65.95
50.65
52.55
56.45
47.8
34.4
26.8
17.2
10.55
8.65
14.35
54.55
65.95
37.3
41.15
54.5
56.45
56.4
35.4
22
9.55
9.55
13.4
15.3
24.9
16.25
7.65
21.05
58.3
57.35
29.65
11.5
4.75
1.9
3.8
13.4
35.4
37.3
37.3
35.35
32.55
24.9
26.8
19.1
9.6
14.35
14.35
13.4
14.35
12.45
9.6
9.6
0.95
9.6
13.4
9.6
10.55
5.75
5.7
21.05
23.95
9.6
5.75
20.05
27.75
37.3
22.95
15.3
11.5
8.65
6.7
11.45
34.45
17.25
5.75
0.95
2.85
11.5
12.45
8.65
7.7
4.75
5.75
13.4
23.9
6.7
0
0
0.95
7.65
14.35
11.5
9.6
9.6
3.8
10.55
26.75
31.6
7.65
9.6
23.9
66.9
36.35
13.4
13.4
9.6
12.45
16.25
36.35
20.1
3.8
3.8
2.85
9.55
13.4
9.6
6.7
6.7
10.55
9.6
12.45
9.55
4.75
9.6
4.75
7.65
11.5
9.6
2.85
7.65
8.65
8.65
15.3
8.6
8.65
16.25
0.95
12.45
22
18.15
12.45
15.3
14.35
10.55
11.5
14.35
1.9
15.3
43.05
61.2
47.8
13.4
8.65
10.55
19.1
16.25
23.9
31.55
41.15
64.05
77.45
89.9
83.2
40.15
9.6
10.55
18.2
63.1
61.2
46.85
27.75
42.1
62.15
53.55
29.65
21.05
9.55
15.3
39.5234375
67.9
69.8
47.8
27.7
15.3
33.45
32.5
20.05
9.6
4.75
2.85
7.7
15.3
14.35
4.8
0
6.7
6.7
29.65
36.35
10.55
15.3
12.45
4.75
11.45
39.2
46.85
64.05
50.65
49.75
61.2
34.45
7.7
5.75
6.7
34.4
112.85
77.5
64.05
63.1
79.96171875
70.75
56.45
44.95
24.85
25.85
22.95
39.2
41.15
39.2
36.3
39.2
48.75
61.2
73.65
43.05
27.75
16.25
22
24.85
41.1
29.65
26.8
26.8
38.25
59.3
62.15
61.2
27.75
23
22
18.15
22.95
51.65
47.8
54.5
64.5546875
71.75
66
56.4
13.4
9.6
4.8
6.7
17.2
21.05
9.55
12.45
41.15
56.4
52.55
67.9
28.65
22.95
22.95
34.4
53.55
62.15
52.6
39.2
71.7890625
75.55
64.05
58.35
15.3
8.65
4.75
3.8
7.65
16.25
63.1
38.25
42.1
53.55
34.45
31.55
25.85
22.95
25.85
34.4
30.6
7.65
2.85
11.5
20.1
54.5
69.8
58.3
25.8
18.15
13.4
20.1
52.6
54.5
22.95
14.35
29.65
31.55
43.05
44.95
21.05
10.55
9.55
9.6
24.85
33.5
5.75
3.8
5.75
3.8
17.2
40.15
53.55
25.85
16.25
18.15
36.35
38.25
8.6
3.8
3.8
29.65
51.65
42.1
37.3
16.25
8.65
12.4
34.45
34.45
5.75
2.85
5.75
5.75
7.7
7.65
5.75
11.5
12.45
23.95
25.8
19.15
7.65
0
6.7
17.2
24.85
21.05
9.55
2.85
3.8
8.6
25.85
29.65
20.1
53.55
72.0203125
74.6
84.15
87.05
49.7
16.25
13.4
16.25
24.85
28.7
20.1
38.25
68.32734375
62.15
68.85
53.55
38.25
31.55
29.65
27.75
27.75
19.15
9.6
18.15
26.8
36.3
31.55
32.5
33.45
24.85
18.15
12.45
17.2
14.35
5.7
8.65
8.65
18.15
22
26.8
26.8
23.95
18.15
20.05
29.65
19.15
4.8
2.85
10.55
4.8
31.6
35.4
29.65
27.75
36.6203125
40.2
40.2
44.95
36.35
36.35
47.8
72.65
72.65
57.35
43
22.95
16.25
23.9
67.9
48.75
10.55
4.8
7.65
12.45
16.25
15.3
9.6
10.55
11.5
9.6
9.6
15.3
22
34.45
28.7
36.3
35.4
27.75
9.6
4.75
6.7
15.3
36.35
56.4
20.1
3.8
7.65
9.55
29.65
22.95
13.4
11.5
9.55
21.05
44
56.45
52.55
64.05
63.32265625
74.6
73.6
55.45
22.95
10.55
9.6
8.65
21.05
28.65
7.65
4.8
7.65
10.55
20.1
30.6
28.7
21
24.9
20.05
28.7
25.8
10.55
5.75
20.1
44
60.25
68.85
38.25
21.05
8.65
34.4
64.05
56.4
41.1
62.15
51.2703125
35.4
30.6
38.25
25.85
13.4
21.05
14.35
30.65
22
6.7
19.15
41.1
65
67.85
65.95
29.65
17.2
15.3
13.4
15.3
37.3
34.45
32.55
56.921826171875
62.15
59.3
39.25
27.75
22
11.5
27.75
47.8
39.2
20.1
22
45.9
47.8
50.65
42.05
16.25
9.55
11.5
19.1
29.65
48.8
40.2
41.15
53.55
68.85
79.35
76.5
36.35
15.3
13.4
12.45
38.25
30.6
6.7
4.8
9.6
19.15
27.75
38.25
27.7
12.45
9.6
8.65
17.25
18.15
3.85
0.95
11.78203125
16.25
20.1
35.35
35.4
23.9
16.25
16.25
20.05
16.25
9.6
9.6
11.5
13.4
23.9
30.6
28.7
21.958740234375
20.05
24.9
41.15
37.3
4.8
5.75
4.8
9.6
19.15
34.45
56.4
28.7
27.75
18.15
25.85
29.65
18.15
0.95
4.8
6.7
18.2
18.15
13.4
9.6
6.7
8.65
9.6
10.55
0.95
0
7.7
9.6
15.3
25.85
12.45
9.6
11.5
14.35
19.1
10.55
4.8
3.8
10.55
24.9
31.55
31.55
33.5
24.9
33.5
36.35
28.7
19.1
12.45
5.75
1.9
8.6
16.25
18.15
11.5
12.45
9.6
10.55
19.15
13.4
6.7
3.8
4.75
9.6
14.35
33.5
29.65
21.05
16.25
17.2
21.05
12.45
8.65
6.7
10.55
6.7
24.85
20.05
7.65
1.9
2.85
3.8
15.3
9.55
1.9
3.8
9.6
26.75
28.7
31.55
23
24.85
17.2
17.2
13.4
14.35
13.4
17.2
17.2
17.2
18.15
17.2
6.7
3.8
3.8
7.65
18.15
13.4
3.85
7.65
16.25
16.25
22
22
15.3
10.55
13.4
26.8
28.7
16.25
11.5
5.75
6.7
31.55
30.6
30.6
22
15.3
14.35
22
30.6
22.95
8.65
5.75
9.6
0
6.7
20.1
17.2
15.3
14.35
18.15
16.25
13.4
8.65
6.7
9.6
23.9
43.05
57.35
31.55
18.15
16.25
16.25
26.75
21.05
5.75
3.8
7.65
12.45
20.05
18.15
24.9
23.95
22
25.85
27.75
20.1
5.75
3.8
6.7
16.25
24.9
21.05
27.75
22
14.35
15.3
14.35
8.65
5.75
4.8
9.6
5.75
10.55
24.85
11.5
4.75
8.65
12.45
15.3
10.55
3.8
3.8
7.7
13.4
26.8
31.55
35.35
40.2
28.7
36.35
41.15
27.75
6.7
7.7
12.45
20.1
24.9
44.95
35.4
22
20.1
39.2
57.35
30.6
22.95
18.15
17.42265625
15.3
18.15
19.1
17.2
9.6
7.7
8.6
25.85
22.95
8.65
5.75
17.2
43.05
35.4
48.8
36.35
25.85
23.95
31.55
44
31.55
16.25
17.2
18.87734375
19.1
17.2
18.15
17.2
11.5
8.6
17.2
46.85
46.85
11.5
6.7
4.75
13.4
14.35
40.15
41.15
25.85
20.1
9.6
5.75
4.75
2.85
15.3
15.52265625
40.2
20.1
18.15
25.85
17.2
17.2
17.2
16.25
8.65
7.7
7.7
8.65
0.95
5.7
10.55
15.3
16.25
19.1
23.95
29.65
22
9.6
21.05
43.884375
55.45
31.55
6.7
7.65
7.7
8.6
28.65
50.65
29.65
8.65
9.6
18.15
44.9
80.35
91.8
71.7
43.76103515625
40.2139102935791
40.2000543370843
40.2000002122542
40.2000000008291
40.2000000000032
40.2
40.2
40.2
40.2
40.2
40.2
40.2
40.2
46.85
56.4
44.95
8.6
0
3.8
23.9
39.25
32.5
30.6
14.35
13.4
16.25
21.05
26.8
6.7
4.75
8.6
13.4
20.05
21.05
25.85
31.55
58.35
46.85
60.25
38.25
17.2
11.5
15.3
20.1
37.3
34.45
32.5
17.2
15.3
20.05
14.35
13.4
10.55
7.7
6.7
11.5
20.05
23.9
29.65
33.45
50.65
52.6
72.65
72.7
53.5
56.45
58.35
64.05
45.9
39.2
42.1
26.75
18.15
23.9
42.1
26.75
8.6
9.6
13.4
13.4
21
27.75
21
20.05
28.7
30.6
35.35
23.9
9.55
5.7
13.4
19.15
31.55
51.6
40.2
18.15
13.4
16.25
33.45
24.9
12.45
10.55
11.5
17.2
21.05
31.55
31.55
26.3546875
28.6704284667969
28.6998912811279
36.35
29.65
10.55
6.7
15.3
40.15
29.65
19.1
25.8
35.4
25.85
21
15.3
15.3
13.4
15.3
30.6
44
57.4
47.8
28.7
16.25
15.3
13.4
23.9
21.05
9.6
10.5
22.95
22
22
32.5
32.5
37.3
46.85
87
75.55
61.2
54.5
58.35
59.3
65.95
63.1
71.7
64.05
40.15
33.45
33.45
43.05
40.15
20.05
17.2
26.8
36.35
51.65
65.95
68.8
67.9
66
80.35
84.2
63.15
50.65
53.5
63.1
63.1
76.5
70.75
47.85
37.3
38.25
44.95
49.7
50.65
36.35
26.8
37.3
39.2
37.3
33.45
40.2
36.35
35.35
38.25
44
42.1
18.15
18.15
24.85
50.7
54.5
59.3
57.35
39.2
38.25
39.2
28.7
22.95
21
22.95
29.65
30.6
33.45
44.95
38.3
31.55
43.05
44.95
65
43
30.6
32.5
53.55
73.65
101.35
90.85
61.2
48.75
45.9
45.9
45.9
40.2
40.2
40.2
44
51.65
64.05
61.2
60.25
47.8
38.25
49.7
60.25
54.5
51.6
53.55
66.9
67.9
73.65
74.6
68.8
66
53.5
59.3
62.15
56.45
48.75
51.6
48.75
52.55
55.45
56.45
54.5
37.3
35.35
39.2
51.6
46.85
49.7
64.05
65.4453125
67.85
70.75
67.85
54.5
57.4
57.4
56.45
55.5
36.35
35.35
47.8
39.25
39.25
42.1
53.5
56.45
45.9
44.95
47.8
42.1
44
39.25
41.15
48.75
53.55
61.2
58.35
60.25
52.6
43.05
44.95
47.8
44.95
42.1
46.85
53.55
58.35
53.5
54.5
53.55
45.9
56.45
50.7
70.8
59.3
55.5
57.4
64.05
74.6
66.9
66.9
65
61.2
60.25
65.9537109375
66.8965209960938
65
61.2
67.85
70.8
69.8
68.8
70.8
67.85
64.05
56.45
59.3
58.35
54.5
58.35
66.9
122.916415078125
109.95
87.05
107.1
89.85
84.15
80.3
101.4
105.15
81.3
74.6
77.45
76.5
