"x"
0
0
0
3.8
3.8
3.8
3.8
9.6
3.8
3.8
3.8
3.8
3.8
3.8
3.8
13.4
13.4
9.6
9.6
13.4
13.4
13.4
17.2
13.4
13.4
13.4
9.6
9.6
13.4
13.4
13.4
13.4
13.4
13.4
13.4
13.4
13.4
13.4
13.4
13.4
9.6
9.6
3.8
9.6
9.6
9.6
13.4
13.4
17.2
17.2
30.6
38.3
34.4
30.6
28.7
28.7
44
32.5
34.4
38.3
34.4
34.4
28.7
38.3
38.3
34.4
21
24.9
21
28.7
21
21
17.2
13.4
17.2
13.4
9.6
3.8
3.8
0
3.8
3.8
0
3.8
3.8
13.4
3.8
13.4
13.4
13.4
13.4
13.4
13.4
13.4
13.4
7.7
17.2
17.2
17.2
17.2
26.8
26.8
17.2
17.2
26.8
30.6
21
30.6
34.4
34.4
26.8
30.6
26.8
21
21
26.8
26.8
21
23
26.8
23
26.8
38.3
26.8
17.2
17.2
13.4
26.8
21
26.8
17.2
9.6
9.6
5.7
9.6
9.6
17.2
13.4
9.6
9.6
9.6
9.6
26.8
17.2
9.6
9.6
9.6
9.6
13.4
17.2
13.4
17.2
17.2
17.2
17.2
21
17.2
26.8
21
26.8
21
17.2
26.8
26.8
17.2
17.2
17.2
9.6
9.6
3.8
3.8
0
3.8
0
9.6
3.8
3.8
3.8
9.6
3.8
3.8
0
0
9.6
9.6
17.2
17.2
15.3
14.35
13.4
13.4
17.2
17.2
17.2
17.2
55.5
47.8
34.4
21
26.8
38.3
34.4
42.1
51.6
42.1
38.3
38.3
45.9
49.7
55.5
59.3
49.7
49.7
42.1
32.5
44
30.6
32.5
32.5
34.4
24.9
24.9
23
26.8
23
23
17.2
7.7
13.4
13.4
13.4
7.7
13.4
13.4
7.7
13.4
17.2
11.5
17.2
23
17.2
17.2
21
17.2
17.2
23
34.4
42.1
38.3
38.3
42.1
38.3
34.4
28.7
24.9
24.9
26.8
17.2
26.8
21
23
23
17.2
21
9.6
9.6
9.6
3.8
9.6
0
0
3.8
9.6
9.6
3.8
3.8
0
0
0
3.8
0
3.8
3.8
3.8
3.8
3.8
3.8
3.8
3.8
0
9.6
9.6
9.6
9.6
9.6
9.6
13.4
9.6
9.6
13.4
17.2
17.2
17.2
17.2
17.2
17.2
26.8
21
26.8
26.8
26.8
17.2
26.8
26.8
17.2
26.8
26.8
26.8
30.6
34.4
30.6
30.6
30.6
24.9
34.4
30.6
26.8
26.8
26.8
26.8
17.2
19.1
20.05
20.525
20.7625
20.88125
20.940625
20.9703125
20.98515625
20.992578125
20.9962890625
20.99814453125
20.999072265625
20.9995361328125
21
17.2
21
23
26.8
21
30.6
26.8
17.2
21
17.2
17.2
17.2
13.4
13.4
9.6
9.6
9.6
9.6
3.8
0
0
0
3.8
0
0
0
0
0
0
0
0
9.6
0
9.6
7.65
6.675
5.7
9.6
3.8
3.8
7.7
7.7
7.7
7.7
7.7
3.8
7.7
17.2
17.2
17.2
17.2
13.4
13.4
13.4
13.4
21
24.9
24.9
30.6
21
21
21
24.9
21
24.9
42.1
47.8
51.6
51.6
42.1
38.3
30.6
21
21
17.2
21
24.9
17.2
23
30.6
34.4
34.4
30.6
34.4
38.3
38.3
34.4
34.4
38.3
38.3
34.4
32.5
38.3
38.3
42.1
45.9
47.8
59.3
66.9
72.7
68.8
72.7
66.9
65
49.7
51.6
44
34.4
30.6
24.9
17.2
17.2
13.4
13.4
3.8
0
0
0
7.7
7.7
7.7
7.7
3.8
3.8
0
0
7.7
7.7
7.7
7.7
3.85
1.925
0
0
3.8
7.7
7.7
3.8
3.8
7.7
7.7
7.7
7.7
7.7
0
7.7
7.7
7.7
7.7
13.4
13.4
13.4
7.7
13.4
13.4
17.2
13.4
17.2
17.2
13.4
7.7
13.4
17.2
17.2
7.7
7.7
13.4
13.4
13.4
13.4
13.4
13.4
17.2
21
21
17.2
17.2
24.9
30.6
21
21
21
17.2
17.2
21
24.9
24.9
17.2
21
17.2
17.2
17.2
13.4
13.4
17.2
17.2
17.2
17.2
13.4
13.4
13.4
13.4
17.2
13.4
7.7
7.7
7.7
7.7
7.7
7.7
7.7
7.7
7.7
3.8
7.7
7.7
7.7
7.7
7.7
17.2
17.2
21
21
21
30.6
34.4
40.15
43.025
45.9
51.6
59.3
59.3
55.5
47.8
51.6
34.4
34.4
38.3
42.1
42.1
38.3
42.1
42.1
42.1
47.8
47.8
51.6
47.8
51.6
47.8
51.6
47.8
47.8
47.8
47.8
42.1
38.3
28.7
30.6
30.6
32.5
38.3
38.3
38.3
38.3
30.6
57.4
63.1
63.1
55.5
63.1
72.7
66.9
66.9
76.5
72.7
70.8
63.1
55.5
47.8
47.8
55.5
45.9
55.5
59.3
55.5
47.8
51.6
47.8
51.6
47.8
47.8
47.8
55.5
59.3
63.1
63.1
55.5
55.5
55.5
55.5
38.3
34.4
34.4
24.9
24.9
24.9
30.6
34.4
34.4
38.3
42.1
45.9
45.9
47.8
47.8
44
47.8
47.8
55.5
47.8
47.8
47.8
47.8
47.8
34.4
38.3
34.4
30.6
34.4
34.4
24.9
28.7
24.9
24.9
24.9
28.7
17.2
13.4
17.2
13.4
17.2
13.4
21
17.2
24.9
34.4
44
44
34.4
24.9
24.9
24.9
38.3
44
51.6
45.9
47.8
55.5
44
59.3
59.3
49.7
47.8
44
30.6
26.8
21
13.4
17.2
13.4
17.2
13.4
9.6
7.7
13.4
17.2
17.2
17.2
17.2
34.4
45.9
45.9
42.1
51.6
44
44
49.7
55.5
45.9
38.3
34.4
30.6
24.9
17.2
21
34.4
21
17.2
9.6
7.7
7.7
3.8
3.8
7.7
3.8
3.8
0
3.8
0
3.8
7.7
7.7
13.4
17.2
17.2
17.2
24.9
16.3
12
7.7
17.2
17.2
34.4
38.3
38.3
34.4
34.4
42.1
34.4
42.1
34.4
47.8
42.1
42.1
34.4
38.3
42.1
30.6
34.4
34.4
34.4
38.3
38.3
38.3
38.3
32.5
30.6
34.4
38.3
38.3
34.4
30.6
32.5
34.4
24.9
24.9
21
26.8
30.6
26.8
21
24.9
21
21
24.9
21
24.9
21
24.9
21
21
15.3
15.3
24.9
21
21
24.9
24.9
24.9
30.6
30.6
30.6
28.7
34.4
30.6
34.4
30.6
24.9
21
21
17.2
17.2
13.4
17.2
9.6
9.6
9.6
9.6
3.8
3.8
0
0
3.8
3.8
3.8
3.8
3.8
3.8
0
0
3.8
3.8
9.6
4.8
2.4
0
0
9.6
0
0
17.2
24.9
7.7
17.2
7.7
17.2
17.2
7.7
3.8
13.4
13.4
7.7
7.7
7.7
3.8
7.7
3.8
3.8
7.7
7.7
7.7
7.7
13.4
17.2
21
17.2
17.2
13.4
17.2
21
24.9
17.2
17.2
17.2
24.9
17.2
21
21
24.9
21
30.6
26.8
34.4
34.4
26.8
34.4
34.4
30.6
34.4
36.35
37.325
37.8125
38.05625
38.178125
38.3
34.4
34.4
34.4
34.4
34.4
34.4
44
44
34.4
44
38.3
38.3
30.6
30.6
34.4
21
17.2
21
24.9
28.7
34.4
38.3
38.3
42.1
34.4
28.7
24.9
21
24.9
28.7
28.7
34.4
34.4
34.4
34.4
34.4
34.4
34.4
42.1
51.6
47.8
44
38.3
47.8
38.3
47.8
51.6
49.7
51.6
47.8
53.5
51.6
45.9
49.7
47.8
38.3
38.3
32.5
28.7
32.5
32.5
28.7
24.9
17.2
17.2
21
26.8
21
9.6
13.4
13.4
13.4
13.4
13.4
9.6
9.6
13.4
9.6
5.7
3.8
3.8
3.8
9.6
9.6
9.6
9.6
13.4
17.2
21
21
21
11.5
11.5
15.3
21
21
21
21
21
21
24.9
21
24.9
21
21
17.2
17.2
13.4
13.4
21
21
24.9
26.8
21
17.2
13.4
9.6
3.8
3.8
0
3.8
0
3.8
3.8
3.8
3.8
9.6
3.8
9.6
13.4
8.6
6.2
3.8
9.6
17.2
9.6
9.6
9.6
9.6
9.6
13.4
17.2
17.2
9.6
17.2
9.6
9.6
17.2
21
21
26.8
30.6
34.4
34.4
34.4
26.8
26.8
26.8
17.2
13.4
38.3
26.8
13.4
34.4
30.6
26.8
34.4
42.1
34.4
26.8
34.4
26.8
26.8
26.8
23
17.2
17.2
13.4
13.4
13.4
17.2
17.2
13.4
9.6
9.6
9.6
9.6
9.6
13.4
13.4
13.4
9.6
17.2
13.4
13.4
9.6
13.4
13.4
13.4
13.4
17.2
17.2
17.2
17.2
17.2
17.2
17.2
9.6
9.6
9.6
9.6
9.6
9.6
9.6
9.6
3.8
9.6
0
9.6
9.6
13.4
9.6
9.6
9.6
9.6
13.4
11.5
10.55
9.6
3.8
3.8
3.8
3.8
3.8
13.4
13.4
7.7
13.4
13.4
21
21
21
24.9
21
21
17.2
21
21
13.4
13.4
13.4
13.4
13.4
13.4
13.4
7.7
3.8
13.4
7.7
7.7
7.7
7.7
13.4
13.4
13.4
13.4
7.7
13.4
13.4
13.4
13.4
13.4
13.4
13.4
13.4
13.4
13.4
13.4
13.4
13.4
13.4
13.4
13.4
21
21
21
21
17.2
21
17.2
21
21
24.9
21
30.6
24.9
21
21
21
30.6
30.6
24.9
21
13.4
21
21
21
21
17.2
13.4
7.7
7.7
3.8
0
3.8
3.8
3.8
3.8
3.8
3.8
7.7
13.4
8.6
6.2
3.8
3.8
3.8
3.8
3.8
3.8
3.8
3.8
3.8
0
0
3.8
0
9.6
9.6
9.6
9.6
9.6
9.6
13.4
9.6
9.6
9.6
9.6
9.6
9.6
9.6
7.7
9.6
9.6
17.2
17.2
13.4
5.7
17.2
17.2
9.6
9.6
9.6
13.4
9.6
9.6
9.6
9.6
13.4
17.2
13.4
17.2
9.6
9.6
9.6
9.6
13.4
17.2
23
11.5
17.2
23
26.8
30.6
24.9
17.2
13.4
9.6
9.6
9.6
9.6
9.6
13.4
3.8
0
0
9.6
9.6
3.8
3.8
0
0
0
0
0
0
0
0
0
0
0
0
0
0
0
0
0
0
1.9
2.85
3.8
3.8
0
0
13.4
3.8
3.8
3.8
7.7
3.8
3.8
13.4
7.7
7.7
13.4
13.4
7.7
13.4
17.2
13.4
17.2
17.2
17.2
13.4
21
21
21
21
21
21
21
21
21
21
21
21
21
21
21
17.2
21
21
17.2
17.2
21
21
21
30.6
24.9
26.8
26.8
26.8
34.4
30.6
26.8
38.3
34.4
44
38.3
34.4
30.6
34.4
34.4
34.4
38.3
42.1
47.8
47.8
42.1
38.3
38.3
38.3
34.4
30.6
30.6
26.8
21
13.4
13.4
17.2
13.4
13.4
13.4
10.55
7.7
13.4
7.7
3.8
13.4
13.4
17.2
17.2
17.2
21
17.2
15.3
13.4
13.4
7.7
13.4
13.4
13.4
17.2
24.9
30.6
30.6
30.6
38.3
45.9
47.8
61.2
55.5
65
72.7
72.7
63.1
59.3
59.3
61.2
55.5
63.1
55.5
65
65
72.7
76.5
72.7
80.3
82.2
82.2
76.5
68.8
65
45.9
38.3
21
38.3
30.6
30.6
30.6
30.6
38.3
26.8
30.6
21
21
23
26.8
34.4
30.6
30.6
30.6
30.6
32.5
38.3
47.8
45.9
51.6
55.5
55.5
55.5
55.5
49.7
47.8
38.3
38.3
34.4
24.9
21
21
17.2
17.2
21
13.4
13.4
13.4
13.4
7.7
3.8
3.8
7.7
7.7
13.4
13.4
17.2
17.2
13.4
13.4
17.2
21
21
21
21
21
21
13.4
21
17.2
21
21
21
24.9
34.4
40.2
47.8
44
44
47.8
47.8
47.8
44
45.9
51.6
49.7
55.5
51.6
51.6
51.6
51.6
51.6
47.8
47.8
51.6
55.5
55.5
57.4
51.6
47.8
45.9
42.1
42.1
42.1
42.1
47.8
45.9
38.3
42.1
45.9
49.7
44
38.3
38.3
38.3
30.6
30.6
40.2
34.4
34.4
30.6
30.6
34.4
38.3
38.3
34.4
28.7
38.3
32.5
38.3
38.3
38.3
38.3
38.3
34.4
30.6
30.6
26.8
30.6
26.8
26.8
26.8
24.9
24.9
26.8
30.6
44
40.2
44
40.2
44
42.1
47.8
38.3
44
44
47.8
44
39.2
36.8
34.4
34.4
30.6
17.2
9.6
9.6
9.6
9.6
9.6
13.4
17.2
17.2
17.2
9.6
17.2
17.2
17.2
17.2
17.2
17.2
21
26.8
21
21
17.2
17.2
26.8
26.8
30.6
34.4
44
44
40.2
40.2
34.4
30.6
30.6
34.4
26.8
26.8
26.8
23
30.6
26.8
23
30.6
26.8
36.3
40.2
51.6
55.5
51.6
51.6
47.8
47.8
53.5
61.2
61.2
61.2
61.2
61.2
68.8
78.4
86.1
82.2
82.2
86.1
86.1
82.2
82.2
78.4
72.7
74.6
65
68.8
61.2
47.8
44
47.8
51.6
44
34.4
44
44
44
47.8
47.8
47.8
47.8
44
38.3
34.4
26.8
26.8
30.6
32.5
34.4
40.2
51.6
9.6
61.2
57.4
61.2
65
65
72.7
82.2
78.4
61.2
72.7
82.2
86.1
78.4
82.2
88
78.4
82.2
72.7
72.7
78.4
78.4
88
88
86.1
82.2
82.2
86.1
82.2
78.4
86.1
86.1
78.4
70.8
61.2
57.4
47.8
57.4
51.6
53.5
47.8
51.6
47.8
47.8
53.5
53.5
57.4
55.5
44
30.6
21
23
21
26.8
34.4
30.6
30.6
30.6
26.8
26.8
26.8
26.8
23
30.6
34.4
26.8
23
23
23
21
17.2
17.2
17.2
9.6
9.6
9.6
5.7
3.8
3.8
0
0
0
3.8
0
9.6
3.8
3.8
0
9.6
9.6
9.6
9.6
9.6
9.6
9.6
9.6
51.6
9.6
9.6
9.6
13.4
17.2
13.4
9.6
9.6
9.6
17.2
13.4
13.4
17.2
17.2
17.2
17.2
17.2
17.2
23
17.2
17.2
17.2
17.2
17.2
17.2
21
26.8
26.8
26.8
26.8
26.8
26.8
26.8
26.8
23
26.8
26.8
30.6
26.8
26.8
26.8
23
23
23
23
26.8
30.6
34.4
36.3
38.3
44
51.6
47.8
55.5
51.6
51.6
51.6
57.4
53.5
61.2
61.2
61.2
55.5
61.2
61.2
61.2
59.3
57.4
53.5
61.2
61.2
61.2
61.2
61.2
61.2
61.2
61.2
61.2
55.5
59.3
61.2
61.2
61.2
65
55.5
65
65
68.8
65
65
65
65
65
68.8
70.8
3.8
68.8
78.4
72.7
78.4
72.7
68.8
72.7
68.8
76.5
78.4
76.5
78.4
78.4
76.5
76.5
72.7
78.4
74.6
72.7
72.7
72.7
72.7
82.2
72.7
76.5
68.8
68.8
68.8
55.5
59.3
51.6
47.8
28.7
24.9
28.7
17.2
17.2
17.2
13.4
23
23
17.2
17.2
17.2
17.2
11.5
13.4
11.5
21
11.5
17.2
17.2
24.9
26.8
30.6
44
57.4
55.5
51.6
51.6
55.5
61.2
51.6
55.5
57.4
51.6
51.6
47.8
51.6
44
51.6
42.1
40.2
38.3
34.4
34.4
42.1
42.1
44
44
44
51.6
51.6
51.6
47.8
47.8
51.6
51.6
55.5
51.6
51.6
51.6
51.6
51.6
61.2
68.8
59.3
61.2
51.6
51.6
57.4
55.5
61.2
55.5
61.2
59.3
55.5
55.5
51.6
61.2
65
65
65
65
68.8
68.8
68.8
59.3
61.2
51.6
47.8
42.1
42.1
42.1
45.9
42.1
44
42.1
51.6
47.8
47.8
38.3
42.1
38.3
34.4
34.4
34.4
24.9
28.7
24.9
28.7
34.4
34.4
34.4
47.8
68.8
78.4
86.1
93.7
95.6
103.3
103.3
107.1
103.3
97.5
86.1
86.1
95.6
86.1
82.2
78.4
65
59.3
47.8
44
26.8
30.6
34.4
47.8
30.6
26.8
26.8
17.2
17.2
19.1
21
17.2
13.4
13.4
13.4
17.2
17.2
17.2
17.2
17.2
26.8
20.1
16.75
13.4
17.2
26.8
55.5
21
17.2
17.2
26.8
17.2
23
23
26.8
21
26.8
26.8
26.8
26.8
30.6
34.4
34.4
38.3
38.3
44
34.4
44
30.6
26.8
9.6
26.8
26.8
26.8
21
17.2
21
21
17.2
17.2
13.4
17.2
13.4
13.4
21
26.8
17.2
17.2
24.9
21
23
13.4
21
17.2
21
17.2
26.8
17.2
30.6
21
30.6
30.6
34.4
38.3
51.6
59.3
51.6
57.4
40.2
30.6
17.2
17.2
34.4
34.4
26.8
17.2
26.8
17.2
9.6
9.6
9.6
3.8
3.8
3.8
0
3.8
9.6
9.6
0
9.6
3.8
9.6
9.6
9.6
3.8
3.8
9.6
9.6
9.6
9.6
9.6
9.6
26.8
13.4
17.2
17.2
17.2
30.6
34.4
38.3
44
47.8
51.6
47.8
51.6
51.6
57.4
57.4
55.5
65
59.3
57.4
51.6
59.3
59.3
63.1
65
72.7
55.5
47.8
42.1
34.4
34.4
30.6
26.8
21
21
21
17.2
17.2
17.2
17.2
17.2
17.2
17.2
17.2
17.2
17.2
17.2
17.2
17.2
21
17.2
20.1
21.55
22.275
22.6375
22.81875
22.909375
23
26.8
30.6
24.9
44
34.4
30.6
34.4
26.8
21
21
17.2
17.2
17.2
9.6
13.4
9.6
3.8
3.8
0
0
3.8
3.8
9.6
9.6
9.6
9.6
9.6
9.6
9.6
9.6
9.6
9.6
13.4
11.5
10.55
9.6
9.6
9.6
9.6
13.4
9.6
13.4
17.2
9.6
17.2
21
17.2
13.4
13.4
26.8
30.6
24.9
26.8
26.8
34.4
34.4
26.8
34.4
38.3
38.3
38.3
38.3
38.3
34.4
30.6
34.4
44
47.8
47.8
47.8
34.4
34.4
34.4
30.6
23
17.2
34.4
26.8
21
24.9
26.8
34.4
40.2
38.3
38.3
34.4
28.7
26.8
17.2
30.6
26.8
30.6
21
17.2
21
26.8
21
21
26.8
26.8
26.8
23
17.2
13.4
17.2
17.2
13.4
17.2
9.6
9.6
3.8
9.6
3.8
3.8
3.8
9.6
9.6
0
0
3.8
3.8
3.8
3.8
9.6
9.6
9.6
9.6
9.6
9.6
6.7
5.25
3.8
3.8
9.6
13.4
9.6
9.6
9.6
13.4
17.2
9.6
17.2
17.2
21
21
26.8
17.2
17.2
17.2
17.2
17.2
26.8
34.4
34.4
26.8
34.4
40.2
44
30.6
34.4
40.2
44
40.2
40.2
38.3
42.1
40.2
40.2
38.3
44
40.2
40.2
30.6
42.1
38.3
40.2
26.8
17.2
17.2
21
17.2
17.2
17.2
13.4
17.2
17.2
17.2
23
24.9
28.7
34.4
38.3
34.4
38.3
40.2
40.2
44
34.4
40.2
42.1
42.1
42.1
24.9
30.6
21
24.9
21
13.4
13.4
9.6
3.8
3.8
3.8
3.8
9.6
9.6
13.4
13.4
9.6
17.2
17.2
17.2
17.2
17.2
21
17.2
15.3
13.4
13.4
9.6
9.6
9.6
13.4
17.2
21
17.2
26.8
38.3
34.4
21
26.8
26.8
17.2
17.2
17.2
34.4
34.4
34.4
38.3
30.6
34.4
26.8
26.8
30.6
30.6
40.2
34.4
30.6
26.8
47.8
34.4
26.8
26.8
26.8
26.8
17.2
17.2
9.6
13.4
17.2
13.4
13.4
17.2
13.4
9.6
9.6
13.4
13.4
23
17.2
17.2
13.4
17.2
23
13.4
17.2
13.4
13.4
13.4
13.4
21
17.2
9.6
9.6
9.6
9.6
9.6
3.8
9.6
9.6
0
0
3.8
0
0
0
0
3.8
3.8
3.8
0
0
0
0
3.8
0
3.8
3.8
9.6
9.6
13.4
11.5
10.55
9.6
9.6
9.6
13.4
17.2
9.6
17.2
9.6
17.2
21
24.9
26.8
28.7
40.2
40.2
38.3
40.2
40.2
44
44
42.1
59.3
68.8
59.3
57.4
61.2
59.3
57.4
51.6
47.8
55.5
57.4
57.4
59.3
51.6
47.8
38.3
34.4
30.6
38.3
34.4
34.4
34.4
38.3
38.3
30.6
26.8
26.8
23
26.8
26.8
26.8
30.6
28.7
38.3
34.4
42.1
47.8
55.5
55.5
55.5
65
74.6
72.7
68.8
65
61.2
61.2
55.5
51.6
44
34.4
30.6
30.6
26.8
26.8
26.8
17.2
17.2
17.2
17.2
17.2
21
17.2
17.2
17.2
17.2
17.2
17.2
17.2
17.2
17.2
17.2
17.2
17.2
17.2
17.2
17.2
21
9.6
21
26.8
21
17.2
26.8
26.8
34.4
26.8
26.8
34.4
17.2
26.8
26.8
26.8
26.8
26.8
26.8
30.6
34.4
26.8
34.4
34.4
40.2
34.4
34.4
34.4
38.3
30.6
34.4
34.4
34.4
30.6
34.4
38.3
34.4
28.7
34.4
34.4
30.6
30.6
28.7
34.4
38.3
34.4
34.4
38.3
42.1
42.1
42.1
42.1
42.1
34.4
34.4
34.4
34.4
34.4
34.4
34.4
34.4
34.4
42.1
45.9
47.8
42.1
38.3
42.1
34.4
28.7
26.8
26.8
17.2
17.2
17.2
13.4
13.4
9.6
9.6
9.6
9.6
17.2
13.4
9.6
9.6
13.4
13.4
13.4
13.4
13.4
17.2
17.2
13.4
11.5
9.6
9.6
9.6
21
9.6
17.2
17.2
17.2
17.2
17.2
21
17.2
21
26.8
26.8
30.6
34.4
34.4
40.2
42.1
44
42.1
51.6
42.1
51.6
57.4
51.6
59.3
59.3
61.2
61.2
61.2
61.2
57.4
61.2
55.5
51.6
51.6
51.6
47.8
44
40.2
24.9
28.7
30.6
34.4
24.9
28.7
34.4
34.4
30.6
34.4
34.4
30.6
26.8
23
28.7
30.6
34.4
34.4
34.4
42.1
47.8
59.3
65
68.8
61.2
61.2
59.3
59.3
57.4
45.9
47.8
34.4
38.3
26.8
34.4
26.8
26.8
17.2
17.2
17.2
13.4
17.2
17.2
9.6
9.6
13.4
17.2
17.2
26.8
34.4
34.4
26.8
26.8
26.8
26.8
34.4
38.3
17.2
44
44
44
40.2
38.3
38.3
44
51.6
68.8
68.8
76.5
80.3
78.4
78.4
72.7
72.7
72.7
76.5
72.7
68.8
68.8
72.7
63.1
59.3
65
76.5
74.6
68.8
63.1
61.2
57.4
61.2
51.6
47.8
47.8
45.9
45.9
42.1
42.1
34.4
42.1
44
51.6
42.1
38.3
42.1
34.4
38.3
38.3
34.4
44
51.6
57.4
68.8
68.8
68.8
72.7
68.8
72.7
68.8
68.8
78.4
78.4
74.6
68.8
68.8
63.1
65
68.8
55.5
59.3
51.6
40.2
21
23
17.2
9.6
9.6
9.6
9.6
9.6
13.4
13.4
9.6
17.2
17.2
17.2
17.2
23
26.8
37.3
42.55
47.8
57.4
68.8
44
59.3
61.2
59.3
76.5
78.4
76.5
76.5
68.8
65
68.8
59.3
59.3
65
78.4
82.2
82.2
91.8
86.1
80.3
80.3
86.1
91.8
86.1
82.2
80.3
80.3
76.5
86.1
80.3
76.5
72.7
57.4
59.3
51.6
42.1
44
42.1
40.2
34.4
28.7
42.1
38.3
42.1
42.1
34.4
34.4
42.1
42.1
42.1
47.8
45.9
42.1
51.6
51.6
55.5
55.5
51.6
51.6
45.9
42.1
42.1
42.1
42.1
38.3
38.3
40.2
40.2
30.6
26.8
26.8
21
21
21
26.8
21
17.2
17.2
13.4
17.2
9.6
13.4
17.2
17.2
13.4
9.6
9.6
17.2
17.2
26.8
17.2
17.2
17.2
17.2
17.2
17.2
63.1
17.2
17.2
17.2
26.8
26.8
21
26.8
21
17.2
24.9
26.8
26.8
30.6
30.6
40.2
44
44
40.2
38.3
47.8
57.4
47.8
51.6
57.4
47.8
44
34.4
34.4
30.6
44
40.2
34.4
34.4
34.4
26.8
26.8
21
21
26.8
17.2
13.4
17.2
23
26.8
17.2
26.8
23
26.8
26.8
24.9
34.4
34.4
26.8
23
30.6
34.4
34.4
30.6
44
34.4
30.6
30.6
34.4
30.6
30.6
26.8
23
17.2
17.2
17.2
13.4
9.6
13.4
9.6
9.6
9.6
9.6
9.6
9.6
9.6
9.6
9.6
9.6
9.6
9.6
9.6
9.6
9.6
13.4
13.4
15.3
16.25
17.2
17.2
17.2
21
13.4
17.2
17.2
17.2
17.2
17.2
17.2
17.2
21
17.2
17.2
17.2
26.8
21
26.8
21
26.8
26.8
26.8
26.8
26.8
30.6
26.8
30.6
30.6
34.4
30.6
34.4
34.4
34.4
26.8
30.6
26.8
26.8
26.8
26.8
47.8
68.8
65
68.8
65
55.5
38.3
34.4
34.4
59.3
55.5
47.8
38.3
26.8
21
26.8
21
23
17.2
30.6
34.4
34.4
26.8
17.2
13.4
9.6
17.2
9.6
13.4
13.4
17.2
17.2
9.6
17.2
13.4
9.6
9.6
9.6
9.6
9.6
9.6
9.6
17.2
13.4
13.4
17.2
17.2
17.2
21
21
26.8
26.8
26.8
26.8
32.55
35.425
38.3
44
47.8
7.7
3.8
13.4
21
24.9
21
30.6
21
17.2
13.4
30.6
34.4
44
51.6
59.3
47.8
38.3
42.1
47.8
47.8
55.5
68.8
66.9
55.5
38.3
44
38.3
44
42.1
44
47.8
44
38.3
38.3
38.3
30.6
23
21
23
30.6
17.2
21
17.2
17.2
17.2
13.4
17.2
17.2
13.4
17.2
17.2
13.4
13.4
23
17.2
23
30.6
34.4
30.6
30.6
34.4
34.4
44
47.8
47.8
47.8
42.1
30.6
30.6
30.6
21
3.8
7.7
13.4
7.7
7.7
3.8
3.8
3.8
3.8
5.75
7.7
3.8
3.8
3.8
3.8
7.7
7.7
13.4
7.7
13.4
13.4
13.4
13.4
13.4
13.4
3.8
13.4
13.4
17.2
13.4
13.4
17.2
17.2
17.2
17.2
17.2
17.2
17.2
21
21
24.9
24.9
24.9
21
21
24.9
24.9
17.2
17.2
21
24.9
24.9
24.9
21
26.8
21
21
21
21
21
21
21
13.4
17.2
24.9
21
17.2
17.2
21
13.4
17.2
9.6
17.2
13.4
9.6
17.2
13.4
13.4
23
34.4
24.9
26.8
23
24.9
26.8
34.4
44
38.3
42.1
38.3
42.1
38.3
34.4
24.9
21
17.2
7.7
7.7
0
0
13.4
7.7
3.8
7.7
3.8
3.8
0
0
0
3.8
0
3.8
13.4
17.2
17.2
17.2
17.2
17.2
17.2
17.2
17.2
7.7
21
17.2
21
24.9
30.6
34.4
45.9
51.6
51.6
51.6
61.2
55.5
55.5
61.2
51.6
47.8
51.6
59.3
55.5
55.5
55.5
51.6
55.5
55.5
51.6
51.6
47.8
44
51.6
51.6
47.8
44
44
34.4
34.4
30.6
26.8
26.8
24.9
17.2
17.2
17.2
17.2
28.7
34.4
38.3
34.4
34.4
42.1
42.1
47.8
51.6
51.6
57.4
65
68.8
82.2
114.8
124.3
116.7
116.7
109
116.7
118.6
112.8
109
109
89.9
95.6
78.4
65
66.9
68.8
55.5
45.9
51.6
55.5
51.6
61.2
63.1
72.7
78.4
74.6
74.6
78.4
84.2
91.8
95.6
103.3
89.9
95.65
98.525
101.4
95.6
86.1
17.2
93.7
86.1
107.1
93.7
84.2
88
97.5
88
97.5
93.7
99.4
120.5
97.5
97.5
97.5
114.8
95.6
82.2
91.8
74.6
78.4
74.6
76.5
78.4
86.1
86.1
80.3
86.1
76.5
68.8
63.1
59.3
44
38.3
30.6
26.8
21
17.2
21
21
17.2
13.4
21
17.2
17.2
17.2
13.4
9.6
17.2
17.2
17.2
23
23
28.7
34.4
28.7
38.3
47.8
51.6
61.2
61.2
55.5
51.6
42.1
44
44
38.3
34.4
30.6
30.6
21
17.2
21
17.2
17.2
7.7
17.2
17.2
13.4
7.7
7.7
7.7
13.4
7.7
14.35
21
24.9
24.9
24.9
24.9
24.9
24.9
24.9
24.9
24.9
89.9
21
17.2
24.9
17.2
17.2
21
34.4
34.4
34.4
34.4
45.9
51.6
55.5
59.3
55.5
55.5
51.6
42.1
38.3
44
51.6
51.6
47.8
47.8
44
47.8
44
34.4
34.4
34.4
34.4
38.3
34.4
30.6
30.6
30.6
26.8
24.9
21
30.6
26.8
34.4
30.6
30.6
34.4
34.4
26.8
26.8
34.4
47.8
50.65
52.075
52.7875
53.5
61.2
51.6
51.6
57.4
61.2
65
65
53.5
49.7
38.3
44
42.1
44
42.1
45.9
51.6
47.8
47.8
47.8
42.1
42.1
42.1
44
38.3
38.3
42.1
42.1
40.2
44
44
44
44
40.2
42.1
44
53.5
48.75
46.375
44
53.5
61.2
24.9
51.6
53.5
55.5
51.6
57.4
68.8
65
74.6
74.6
82.2
82.2
80.3
80.3
76.5
70.8
74.6
84.2
70.8
74.6
80.3
74.6
70.8
88
74.6
55.5
68.8
59.3
70.8
61.2
65
59.3
59.3
59.3
55.5
55.5
55.5
65
59.3
72.7
65
57.4
57.4
51.6
51.6
45.9
47.8
44
47.8
51.6
51.6
55.5
51.6
51.6
51.6
51.6
61.2
70.8
65
70.8
61.2
70.8
74.6
70.8
70.8
61.2
70.8
84.2
63.1
61.2
66.9
57.4
53.5
47.8
44
47.8
55.5
55.5
51.6
51.6
51.6
61.2
61.2
70.8
72.7
82.2
99.4
93.7
101.4
109
122.4
111.9
106.65
101.4
105.2
105.2
51.6
116.7
105.2
112.8
109
95.6
103.3
118.6
120.5
128.10001
132
107.1
97.5
91.8
97.5
89.9
97.5
78.4
101.4
84.2
78.4
76.5
76.5
76.5
72.7
78.4
86.1
78.4
68.8
72.7
72.7
68.8
72.7
72.7
72.7
68.8
59.3
42.1
38.3
34.4
38.3
45.9
47.8
42.1
47.8
51.6
51.6
55.5
55.5
61.2
68.8
63.1
61.2
63.1
65
55.5
61.2
57.4
61.2
57.4
51.6
51.6
47.8
44
47.8
44
38.3
40.2
40.2
44
42.1
44
36.3
38.3
34.4
40.2
40.2
36.3
40.2
34.4
34.4
34.4
34.4
34.4
38.3
38.3
34.4
40.2
44
53.5
51.6
46.85
44.475
42.1
47.8
47.8
109
51.6
51.6
61.2
59.3
55.5
59.3
65
70.8
68.8
63.1
68.8
61.2
68.8
68.8
68.8
68.8
68.8
68.8
65
66.9
68.8
59.3
59.3
68.8
63.1
59.3
51.6
44
34.4
34.4
30.6
21
21
17.2
17.2
17.2
13.4
13.4
9.6
13.4
5.7
13.4
13.4
5.7
13.4
13.4
9.6
9.6
13.4
17.2
34.4
30.6
32.5
32.5
38.3
32.5
47.8
42.1
40.2
47.8
47.8
34.4
38.3
38.3
34.4
36.3
42.1
38.3
40.2
34.4
34.4
30.6
36.3
36.3
34.4
34.4
38.3
34.4
34.4
34.4
44
44
44
44
47.8
47.8
53.5
51.6
61.2
68.8
65
63.1
61.2
68.8
66.9
44
82.2
82.2
84.2
84.2
82.2
78.4
74.6
80.3
82.2
82.2
82.2
82.2
88
91.8
82.2
86.1
86.1
80.3
82.2
82.2
89.9
89.9
89.9
93.7
86.1
82.2
80.3
72.7
72.7
55.5
49.7
45.9
30.6
32.5
30.6
26.8
23
23
17.2
13.4
23
13.4
13.4
17.2
26.8
28.7
28.7
34.4
38.3
30.6
47.8
47.8
51.6
57.4
61.2
61.2
66.9
70.8
74.6
68.8
61.2
63.1
66.9
61.2
63.1
57.4
53.5
49.7
53.5
47.8
51.6
57.4
49.7
57.4
51.6
49.7
49.7
44
49.7
49.7
57.4
51.6
51.6
51.6
53.5
61.2
57.4
55.5
61.2
65
65.95
66.425
66.9
74.6
76.5
72.7
80.3
74.6
80.3
84.2
89.9
93.7
107.1
120.5
132
105.2
114.8
91.8
107.1
101.4
91.8
91.8
86.1
82.2
78.4
78.4
82.2
89.9
65
68.8
86.1
80.3
72.7
78.4
72.7
76.5
72.7
63.1
59.3
47.8
38.3
28.7
38.3
38.3
34.4
30.6
26.8
32.5
38.3
28.7
42.1
34.4
38.3
38.3
38.3
42.1
47.8
45.9
55.5
65
65
59.3
57.4
61.2
63.1
63.1
76.5
86.1
82.2
82.2
89.9
74.6
70.8
63.1
68.8
78.4
68.8
55.5
61.2
55.5
53.5
51.6
59.3
66.9
63.1
63.1
63.1
63.1
53.5
59.3
63.1
66.9
68.8
63.1
68.8
68.8
68.8
68.8
68.8
68.8
68.8
78.4
68.8
65
65
72.7
72.7
68.8
68.8
72.7
72.7
65
72.7
72.7
82.2
76.5
82.2
80.3
76.5
76.5
80.3
76.5
78.4
86.1
80.3
72.7
78.4
86.1
82.2
66.9
63.1
44
30.6
30.6
21
21
21
21
13.4
17.2
17.2
17.2
13.4
13.4
13.4
13.4
13.4
13.4
13.4
26.8
21
28.7
28.7
38.3
38.3
38.3
38.3
38.3
51.6
55.5
57.4
51.6
51.6
57.4
61.2
59.3
59.3
61.2
65
65
59.3
55.5
59.3
55.5
49.7
51.6
51.6
47.8
42.1
47.8
42.1
42.1
42.1
45.9
42.1
38.3
38.3
42.1
42.1
47.8
47.8
51.6
51.6
51.6
51.6
55.5
55.5
66.9
47.8
51.6
47.8
51.6
55.5
59.3
59.3
59.3
65
55.5
59.3
55.5
55.5
47.8
51.6
51.6
49.7
55.5
59.3
63.1
59.3
55.5
55.5
55.5
47.8
34.4
30.6
30.6
30.6
44
38.3
38.3
26.8
21
17.2
21
21
13.4
13.4
17.2
13.4
13.4
17.2
17.2
13.4
13.4
17.2
21
21
21
21
17.2
15.3
21
21
26.8
21
21
28.7
38.3
34.4
38.3
42.1
42.1
38.3
38.3
38.3
38.3
30.6
28.7
24.9
17.2
17.2
17.2
17.2
21
17.2
9.6
13.4
13.4
17.2
13.4
13.4
13.4
13.4
13.4
13.4
13.4
13.4
13.4
13.4
13.4
13.4
17.2
34.4
51.6
21
21
21
21
28.7
24.9
21
17.2
17.2
21
30.6
42.1
45.9
38.3
44
42.1
44
34.4
34.4
24.9
24.9
24.9
24.9
21
24.9
21
17.2
13.4
17.2
13.4
13.4
13.4
13.4
17.2
17.2
13.4
13.4
13.4
9.6
13.4
17.2
13.4
13.4
13.4
13.4
13.4
13.4
13.4
7.7
9.6
13.4
7.7
9.6
5.7
13.4
13.4
13.4
17.2
13.4
21
21
13.4
13.4
21
17.2
21
13.4
17.2
13.4
13.4
7.7
3.8
3.8
3.8
3.8
0
3.8
3.8
3.8
3.8
0
0
3.8
3.8
3.8
3.8
3.8
3.8
3.8
3.8
3.8
3.8
3.8
3.8
3.8
17.2
7.7
3.8
9.6
3.8
13.4
13.4
13.4
15.3
17.2
30.6
45.9
53.5
45.9
42.1
45.9
45.9
45.9
45.9
45.9
45.9
45.9
47.8
47.8
47.8
44
44
42.1
42.1
38.3
44
38.3
42.1
47.8
44
47.8
38.3
34.4
34.4
34.4
34.4
26.8
30.6
30.6
24.9
30.6
30.6
30.6
30.6
26.8
30.6
30.6
38.3
42.1
42.1
47.8
51.6
51.6
55.5
55.5
55.5
55.5
61.2
55.5
55.5
45.9
47.8
38.3
42.1
38.3
45.9
47.8
44.95
43.525
42.8125
42.45625
42.1
38.3
34.4
38.3
34.4
38.3
42.1
40.2
38.3
38.3
42.1
42.1
55.5
55.5
55.5
60.25
62.625
65
66.9
65
3.8
55.5
55.5
63.1
70.8
70.8
76.5
80.3
86.1
86.1
95.6
82.2
72.7
82.2
91.8
82.2
89.9
80.3
86.1
89.9
66.9
59.3
65
63.1
42.05
31.525
26.2625
21
21
21
21
13.4
17.2
21
17.2
17.2
13.4
13.4
13.4
7.7
13.4
13.4
9.6
13.4
13.4
13.4
13.4
9.6
11.5
12.45
12.925
13.4
13.4
3.8
7.7
9.6
13.4
13.4
13.4
9.6
7.7
13.4
7.7
7.7
13.4
17.2
21
28.7
21
24.9
21
21
21
21
21
13.4
7.7
3.8
3.8
3.8
3.8
3.8
3.8
3.8
3.8
7.7
13.4
7.7
13.4
13.4
7.7
5.75
4.775
3.8
13.4
3.8
65
3.8
7.7
17.2
13.4
21
21
13.4
13.4
13.4
13.4
21
21
24.9
21
21
21
24.9
24.9
24.9
21
21
17.2
21
13.4
21
24.9
21
21
21
21
13.4
13.4
13.4
13.4
13.4
17.2
21
17.2
17.2
21
17.2
21
21
13.4
17.2
17.2
21
21
21
24.9
28.7
24.9
28.7
38.3
47.8
47.8
34.4
34.4
38.3
28.7
38.3
38.3
42.1
42.1
45.9
38.3
24.9
21
21
21
21
21
17.2
21
21
21
21
17.2
13.4
21
21
28.7
45.9
47.8
51.6
51.6
51.6
55.5
59.3
59.3
61.2
62.15
63.1
65
63.1
3.8
65
68.8
72.7
65
68.8
72.7
82.2
72.7
78.4
68.8
68.8
66.9
68.8
80.3
66.9
72.7
70.8
72.7
76.5
63.1
59.3
65
55.5
59.3
66.9
68.8
55.5
47.8
45.9
34.4
34.4
30.6
28.7
28.7
24.9
21
30.6
30.6
21
17.2
21
26.8
28.7
28.7
32.5
32.5
38.3
42.1
38.3
45.9
49.7
47.8
47.8
55.5
63.1
65
65
63.1
59.3
59.3
59.3
55.5
66.9
59.3
55.5
55.5
55.5
55.5
59.3
59.3
53.5
51.6
47.8
45.9
38.3
45.9
42.1
38.3
38.3
28.7
21
21
13.4
17.2
13.4
13.4
13.4
13.4
13.4
17.2
19.1
20.05
21
21
21
53.5
55.5
49.7
55.5
63.1
63.1
55.5
63.1
59.3
63.1
59.3
72.7
57.4
63.1
63.1
66.9
70.8
80.3
70.8
70.8
72.7
78.4
76.5
72.7
80.3
76.5
70.8
59.3
49.7
42.1
28.7
21
17.2
13.4
13.4
21
17.2
17.2
17.2
17.2
13.4
13.4
17.2
13.4
13.4
21
17.2
13.4
24.9
28.7
28.7
28.7
38.3
38.3
38.3
42.1
42.1
45.9
42.1
45.9
45.9
45.9
45.9
47.8
49.7
47.8
51.6
47.8
55.5
42.1
42.1
45.9
42.1
45.9
45.9
42.1
32.5
34.4
24.9
24.9
21
21
21
21
7.7
3.8
7.7
3.8
3.8
3.8
3.8
1.9
0.95
0
0
7.7
55.5
3.8
13.4
13.4
13.4
21
21
21
13.4
21
28.7
38.3
38.3
38.3
38.3
34.4
38.3
34.4
49.7
59.3
55.5
55.5
63.1
63.1
49.7
49.7
49.7
57.4
55.5
45.9
38.3
34.4
38.3
38.3
34.4
42.1
42.1
45.9
49.7
45.9
45.9
49.7
45.9
55.5
47.8
63.1
53.5
55.5
55.5
55.5
45.9
51.6
53.5
55.5
53.5
55.5
55.5
59.3
59.3
53.5
53.5
53.5
53.5
53.5
53.5
53.5
57.4
59.3
59.3
59.3
55.5
53.5
51.6
59.3
49.7
55.5
55.5
49.7
45.9
45.9
45.9
45.9
49.7
49.7
45.9
49.7
49.7
51.6
55.5
55.5
53.5
54.5
55
55.5
55.5
55.5
3.8
57.4
57.4
53.5
53.5
53.5
53.5
63.1
63.1
59.3
59.3
63.1
63.1
63.1
55.5
59.3
63.1
63.1
63.1
63.1
63.1
63.1
45.9
45.9
45.9
42.1
38.3
38.3
38.3
32.5
28.7
30.6
32.5
34.4
28.7
24.9
24.9
21
17.2
17.2
13.4
13.4
9.6
13.4
13.4
13.4
21
21
13.4
13.4
13.4
21
17.2
13.4
21
13.4
21
21
28.7
38.3
38.3
32.5
38.3
34.4
38.3
38.3
38.3
36.3
38.3
38.3
32.5
34.4
28.7
34.4
28.7
24.9
21
17.2
13.4
21
38.3
38.3
38.3
32.5
38.3
38.3
38.3
38.3
28.7
28.7
28.7
39.2
44.45
49.7
49.7
49.7
53.5
45.9
38.3
32.5
38.3
42.1
49.7
57.4
59.3
59.3
61.2
53.5
57.4
53.5
59.3
55.5
49.7
55.5
59.3
57.4
55.5
53.5
57.4
55.5
55.5
45.9
38.3
30.6
34.4
28.7
21
17.2
17.2
21
17.2
21
21
13.4
17.2
17.2
17.2
21
17.2
21
21
21
17.2
13.4
21
21
21
21
21
13.4
13.4
17.2
21
24.9
24.9
28.7
34.4
38.3
34.4
30.6
30.6
38.3
38.3
42.1
38.3
38.3
42.1
49.7
42.1
38.3
38.3
30.6
21
13.4
3.8
3.8
3.8
3.8
3.8
3.8
3.8
3.8
3.8
3.8
3.8
3.8
3.8
3.8
3.8
3.8
3.8
3.8
49.7
35.35
28.175
21
21
21
24.9
21
24.85
28.7
42.1
45.9
45.9
36.3
32.5
36.3
42.1
36.3
36.3
36.3
32.5
36.3
28.65
21
17.2
11.5
11.5
11.5
17.2
21
11.5
7.7
3.8
3.8
3.8
3.8
3.8
3.8
3.8
3.8
3.8
3.8
3.8
3.8
3.8
3.8
11.5
11.5
3.8
11.5
3.8
3.8
7.7
7.7
3.8
13.4
13.4
28.7
28.7
28.7
32.5
42.1
44
45.9
42.1
49.7
44
44
36.3
45.9
45.9
36.3
36.3
32.5
24.9
32.5
24.9
28.7
28.7
21
24.9
21
21
21
28.7
24.9
34.4
38.3
42.1
36.3
36.3
41.1
43.5
45.9
42.1
42.1
45.9
49.7
49.7
57.4
61.2
61.2
57.4
61.2
66.9
63.1
53.5
49.7
45.9
34.4
38.3
36.3
49.7
70.8
57.4
49.7
36.3
53.5
53.5
49.7
49.7
42.1
42.1
32.5
21
17.2
21
13.4
7.7
15.3
11.5
11.5
7.7
7.7
3.8
3.8
7.7
7.7
7.7
7.7
7.7
3.8
3.8
7.7
7.7
7.7
7.7
7.7
3.8
7.7
7.7
3.8
3.8
3.8
13.4
13.4
13.4
13.4
13.4
13.4
13.4
17.2
21
21
21
21
11.5
17.2
11.5
17.2
11.5
7.7
3.8
5.75
7.7
3.8
3.8
0
0
3.8
3.8
3.8
3.8
0
3.8
1.9
0.95
0.475
0.2375
0
3.8
3.8
45.9
3.8
9.6
11.5
11.5
17.2
11.5
11.5
11.5
11.5
11.5
11.5
13.4
7.7
11.5
28.7
17.2
21
13.4
17.2
17.2
11.5
7.7
11.5
11.5
11.5
11.5
17.2
21
21
17.2
11.5
17.2
11.5
11.5
7.7
11.5
11.5
17.2
11.5
13.4
17.2
17.2
11.5
21
21
21
13.4
11.5
9.6
17.2
13.4
21
21
21
21
24.9
21
24.9
21
21
24.9
24.9
24.9
28.7
28.7
28.7
28.7
24.9
24.9
21
24.9
13.4
17.2
17.2
13.4
11.5
3.8
7.7
3.8
3.8
3.8
0
0
0
3.8
3.8
3.8
3.8
3.8
3.8
5.75
6.725
7.7
7.7
11.5
7.7
11.5
11.5
11.5
21
36.3
40.2
45.9
45.9
36.3
21
17.2
11.5
21
32.5
42.1
36.3
28.7
28.7
32.5
28.7
24.9
21
21
28.7
32.5
32.5
42.1
49.7
45.9
36.3
36.3
28.7
24.9
32.5
28.7
24.9
24.9
28.7
24.9
24.9
21
21
21
24.9
21
17.2
21
17.2
21
28.7
28.7
36.3
36.3
40.2
36.3
40.2
40.2
44
40.2
44
44
49.7
53.5
57.4
57.4
53.5
49.7
51.6
45.9
51.6
53.5
53.5
45.9
40.2
44
40.2
36.3
36.3
42.1
44
40.2
44
40.2
44
44
49.7
44
45.9
49.7
45.9
47.8
48.75
49.7
47.8
49.7
7.7
49.7
49.7
53.5
51.6
61.2
53.5
61.2
61.2
61.2
65
68.8
65
72.7
72.7
76.5
74.6
65
70.8
72.7
68.8
68.8
68.8
68.8
68.8
61.2
53.5
42.1
28.7
21
17.2
9.6
11.5
11.5
9.6
11.5
13.4
17.2
17.2
9.6
9.6
13.4
7.7
7.7
7.7
13.4
7.7
13.4
11.5
7.7
11.5
9.6
13.4
7.7
3.8
9.6
28.7
24.9
28.7
36.3
44
45.9
45.9
45.9
49.7
49.7
53.5
53.5
51.6
55.5
53.5
47.8
45.9
45.9
32.5
28.7
21
24.9
21
21
21
17.2
17.2
14.35
11.5
11.5
7.7
11.5
11.5
7.7
3.8
3.8
3.8
3.8
7.7
3.8
51.6
27.7
3.8
3.8
3.8
11.5
11.5
11.5
11.5
17.2
21
17.2
24.9
21
21
36.3
36.3
32.5
28.7
32.5
40.2
45.9
36.3
28.7
28.7
21
28.7
28.7
36.3
36.3
36.3
28.7
24.9
17.2
21
17.2
21
13.4
17.2
17.2
13.4
17.2
17.2
7.7
7.7
3.8
7.7
7.7
3.8
3.8
7.7
7.7
9.6
7.7
7.7
3.8
7.7
17.2
21
23
26.8
36.3
36.3
36.3
38.3
36.3
38.3
36.3
36.3
36.3
36.3
44
36.3
36.3
36.3
32.5
36.3
32.5
32.5
32.5
28.7
28.7
28.7
28.7
24.9
28.7
32.5
32.5
28.7
36.3
32.5
36.35
38.275
40.2
36.3
36.3
7.7
44
44
53.5
49.7
53.5
49.7
49.7
53.5
49.7
53.5
53.5
57.4
53.5
57.4
53.5
57.4
61.2
72.7
72.7
68.8
68.8
68.8
65
61.2
57.4
49.7
40.2
36.3
45.9
65
72.7
61.2
40.2
32.5
32.5
28.7
36.3
32.5
32.5
21
15.3
15.3
11.5
21
24.9
21
21
21
24.9
28.7
24.9
17.2
24.9
21
17.2
24.9
24.9
21
15.3
24.9
24.9
28.7
24.9
32.5
40.2
36.3
40.2
40.2
32.5
24.9
28.7
21
15.3
11.5
9.6
7.7
7.7
7.7
3.8
0
0
0
0
3.8
3.8
3.8
0
3.8
0
0
0
0
0
0
0
47.8
11.5
21
21
21
19.1
13.4
11.5
13.4
11.5
7.7
11.5
7.7
11.5
15.3
11.5
11.5
11.5
11.5
11.5
11.5
7.7
11.5
11.5
11.5
7.7
7.7
3.8
7.7
7.7
7.7
3.8
3.8
3.8
7.7
3.8
3.8
7.7
11.5
7.7
11.5
11.5
11.5
11.5
11.5
11.5
11.5
7.7
3.8
0
3.8
11.5
15.3
11.5
7.7
3.8
11.5
11.5
7.7
11.5
11.5
11.5
7.7
11.5
7.7
7.7
7.7
11.5
11.5
15.3
11.5
3.8
3.8
3.8
3.8
3.8
3.8
3.8
3.8
3.8
3.8
3.8
7.7
7.7
3.8
7.7
11.5
11.5
11.5
11.5
15.3
18.15
19.575
21
21
21
3.8
17.2
28.7
24.9
21
24.9
24.9
32.5
30.6
24.9
24.9
24.9
32.5
28.7
28.7
28.7
32.5
32.5
32.5
28.7
32.5
28.7
24.9
24.9
28.7
24.9
17.2
17.2
11.5
11.5
17.2
7.7
7.7
7.7
13.4
17.2
7.7
7.7
7.7
3.8
0
7.7
13.4
7.7
3.8
3.8
7.7
7.7
3.8
3.8
7.7
9.6
7.7
7.7
7.7
13.4
17.2
23
32.5
40.2
36.3
36.3
36.3
36.3
40.2
36.3
40.2
40.2
32.5
24.9
17.2
21
17.2
17.2
11.5
17.2
21
24.9
24.9
24.9
24.9
24.9
17.2
11.5
7.7
11.5
11.5
17.2
17.2
7.7
7.7
16.3
20.6
24.9
28.7
32.5
17.2
44
55.5
65
51.6
49.7
40.2
40.2
44
40.2
32.5
32.5
24.9
24.9
24.9
32.5
28.7
24.9
24.9
17.2
17.2
11.5
17.2
17.2
13.4
17.2
24.9
24.9
24.9
21
21
24.9
21
24.9
32.5
24.9
17.2
11.5
17.2
11.5
7.7
11.5
13.4
11.5
7.7
3.8
7.7
7.7
7.7
7.7
7.7
3.8
17.2
7.7
17.2
21
21
24.9
21
32.5
28.7
36.3
44
47.8
47.8
47.8
47.8
40.2
36.3
36.3
36.3
40.2
24.9
24.9
28.7
32.5
28.7
21
11.5
11.5
11.5
7.7
7.7
7.7
7.7
7.7
7.7
7.7
17.2
17.2
17.2
19.1
20.05
21
24.9
32.5
32.5
28.7
32.5
24.9
32.5
40.2
32.5
26.8
32.5
32.5
32.5
32.5
40.2
47.8
47.8
44
36.3
40.2
32.5
32.5
28.7
24.9
24.9
24.9
32.5
24.9
21
21
24.9
24.9
21
21
17.2
11.5
21
15.3
11.5
13.4
17.2
17.2
21
11.5
15.3
17.2
17.2
17.2
21
24.9
32.5
36.3
28.7
28.7
24.9
28.7
28.7
32.5
28.7
28.7
28.7
21
21
24.9
24.9
32.5
40.2
38.3
40.2
32.5
32.5
32.5
28.7
24.9
15.3
21
11.5
7.7
7.7
7.7
0
3.8
0
0
0
0
0
0
0
0
0
0
0
0
0
0
0
3.8
32.5
0
3.8
7.7
7.7
15.3
17.2
15.3
15.3
11.5
11.5
15.3
21
21
15.3
15.3
15.3
24.9
24.9
21
15.3
15.3
15.3
15.3
11.5
15.3
11.5
15.3
15.3
15.3
7.7
7.7
7.7
7.7
7.7
7.7
3.8
3.8
7.7
7.7
3.8
7.7
3.8
3.8
3.8
7.7
3.8
3.8
3.8
3.8
7.7
7.7
11.5
7.7
13.4
17.2
32.5
30.6
38.3
44
47.8
45.9
47.8
47.8
47.8
47.8
59.3
51.6
42.1
42.1
38.3
38.3
32.5
24.9
24.9
21
15.3
7.7
11.5
15.3
11.5
15.3
24.9
24.9
24.9
36.3
40.2
47.8
47.8
45.9
51.6
51.6
51.6
51.6
51.6
51.6
3.8
55.5
51.6
55.5
55.5
63.1
65
65
70.8
78.4
72.7
63.1
59.3
63.1
65
59.3
70.8
66.9
57.4
63.1
63.1
63.1
59.3
70.8
57.4
51.6
44
36.3
32.5
24.9
15.3
21
17.2
15.3
17.2
21
24.9
21
11.5
26.8
34.45
38.275
40.1875
41.14375
41.621875
41.8609375
41.98046875
42.040234375
42.0701171875
42.08505859375
42.092529296875
42.0962646484375
42.0981323242188
42.0990661621094
42.0995330810547
42.0997665405273
42.0998832702637
42.0999416351318
42.0999708175659
42.099985408783
42.0999927043915
42.0999963521957
42.0999981760979
42.0999990880489
42.1
49.7
38.3
40.2
38.3
47.8
38.3
34.4
32.5
30.6
34.4
30.6
32.5
32.5
24.9
24.9
24.9
24.9
15.3
19.1
15.3
19.1
15.3
24.9
24.9
28.7
32.5
34.4
35.35
36.3
28.7
32.5
40.2
59.3
55.5
63.1
55.5
72.7
68.8
59.3
63.1
63.1
66.9
70.8
63.1
65
65
61.2
61.2
59.3
57.4
61.2
61.2
47.8
55.5
51.6
47.8
40.2
44
40.2
32.5
40.2
47.8
47.8
47.8
47.8
51.6
44
40.2
40.2
47.8
42.1
38.3
34.4
26.8
30.6
32.5
32.5
24.9
28.7
21
21
17.2
24.9
23
30.6
30.6
34.4
34.4
40.2
44
40.2
36.3
47.8
44
47.8
57.4
51.6
47.8
51.6
59.3
61.2
61.2
59.3
55.5
55.5
47.8
47.8
47.8
47.8
47.8
47.8
47.8
47.8
55.5
59.3
63.1
63.1
72.7
84.2
95.6
95.6
103.3
106.15
107.575
109
109
112.8
55.5
109
120.5
120.5
116.7
116.7
116.7
110.9
114.8
118.6
112.8
107.1
103.3
110.9
95.6
91.8
76.5
63.1
55.5
55.5
44
32.5
32.5
32.5
32.5
28.7
28.7
21
24.9
24.9
15.3
15.3
21
11.5
15.3
15.3
15.3
15.3
15.3
21
24.9
21
24.9
15.3
15.3
15.3
15.3
32.5
44
78.4
88
99.4
88
103.3
120.5
120.5
116.7
112.8
105.2
110.9
107.1
105.2
112.8
112.8
107.1
103.3
99.4
99.4
95.6
95.6
88
88
88
88
88
84.2
84.2
80.3
84.2
84.2
80.3
80.3
80.3
80.3
88
84.2
91.8
91.8
95.6
95.6
95.6
95.6
95.6
95.6
99.4
103.3
110.9
91.8
80.3
63.1
63.1
72.7
55.5
63.1
72.7
59.3
51.6
51.6
47.8
68.8
80.3
68.8
51.6
47.8
47.8
55.5
47.8
36.3
24.9
24.9
21
19.1
15.3
15.3
15.3
15.3
7.7
11.5
11.5
11.5
11.5
11.5
11.5
7.7
7.7
7.7
7.7
7.7
7.7
7.7
24.9
32.5
32.5
32.5
32.5
40.2
44
32.5
44
51.6
44
44
47.8
44
30.6
40.2
32.5
23
23
19.1
24.9
24.9
21
26.8
26.8
30.6
30.6
28.7
32.5
24.9
28.7
24.9
32.5
32.5
36.3
36.3
36.3
36.3
40.2
44
44
40.2
40.2
32.5
28.7
40.2
32.5
30.6
29.65
28.7
32.5
36.3
99.4
32.5
32.5
51.6
44
40.2
32.5
40.2
47.8
61.2
72.7
76.5
72.7
47.8
32.5
24.9
24.9
24.9
24.9
24.9
21
15.3
15.3
15.3
11.5
7.7
11.5
15.3
11.5
15.3
7.7
7.7
7.7
7.7
7.7
7.7
7.7
7.7
11.5
15.3
15.3
21
15.3
15.3
17.2
17.2
17.2
21
17.2
24.9
24.9
24.9
24.9
17.2
17.2
21
24.9
28.7
24.9
36.3
38.3
40.2
38.3
34.4
38.3
40.2
40.2
34.4
40.2
36.3
36.3
40.2
36.3
36.3
32.5
32.5
32.5
32.5
32.5
32.5
28.7
24.9
24.9
24.9
24.9
24.9
28.7
28.7
24.9
24.9
40.2
44
45.9
47.8
40.2
40.2
32.5
40.2
40.2
32.5
28.7
32.5
24.9
24.9
21
24.9
19.1
21
15.3
15.3
15.3
15.3
15.3
7.7
7.7
15.3
15.3
7.7
7.7
15.3
7.7
7.7
7.7
7.7
7.7
0
7.7
7.7
7.7
3.8
3.8
7.7
7.7
7.7
7.7
7.7
7.7
7.7
3.8
7.7
3.8
3.8
3.8
7.7
0
7.7
7.7
7.7
0
11.5
7.7
13.4
13.4
11.5
11.5
17.2
7.7
11.5
17.2
21
30.6
44
44
47.8
47.8
61.2
57.4
51.6
44
40.2
44
40.2
40.2
40.2
36.3
32.5
40.2
36.3
32.5
32.5
40.2
36.3
40.2
40.2
44
47.8
44
45.9
46.85
47.8
47.8
47.8
36.3
32.5
24.9
32.5
15.3
24.9
15.3
15.3
15.3
15.3
15.3
11.5
11.5
11.5
11.5
15.3
15.3
24.9
24.9
24.9
32.5
21
15.3
15.3
21
21
21
21
11.5
11.5
11.5
7.7
17.2
7.7
11.5
7.7
7.7
7.7
7.7
11.5
7.7
7.7
3.8
3.8
3.8
0
3.8
3.8
3.8
3.8
7.7
7.7
3.8
3.8
7.7
7.7
3.8
7.7
11.5
7.7
7.7
13.4
17.2
21
21
17.2
24.9
21
17.2
21
21
21
21
21
21
15.3
15.3
11.5
15.3
15.3
7.7
7.7
3.8
7.7
7.7
11.5
3.8
3.8
3.8
0
0
0
0
0
0
3.8
44
19.1
11.5
19.1
19.1
24.9
28.7
36.3
40.2
44
36.3
36.3
32.5
36.3
40.2
40.2
44
40.2
44
44
40.2
28.7
28.7
24.9
19.1
24.9
24.9
24.9
15.3
15.3
15.3
19.1
19.1
19.1
19.1
15.3
11.5
11.5
15.3
11.5
11.5
11.5
11.5
11.5
15.3
15.3
15.3
11.5
17.2
11.5
7.7
7.7
11.5
13.4
17.2
17.2
21
17.2
21
21
21
21
24.9
17.2
21
28.7
32.5
28.7
36.3
36.3
36.3
36.3
28.7
28.7
32.5
28.7
28.7
28.7
28.7
28.7
19.1
19.1
15.3
15.3
24.9
19.1
19.1
19.1
19.1
19.1
19.1
23.9
26.3
28.7
28.7
28.7
11.5
28.7
28.7
28.7
36.3
40.2
36.3
40.2
40.2
36.3
44
49.7
51.6
57.4
57.4
51.6
51.6
49.7
44
40.2
36.3
36.3
28.7
24.9
28.7
15.3
19.1
15.3
11.5
17.2
11.5
11.5
7.7
11.5
7.7
11.5
7.7
7.7
7.7
7.7
11.5
11.5
11.5
11.5
11.5
7.7
11.5
15.3
21
15.3
15.3
17.2
21
24.9
28.7
24.9
21
21
21
24.9
24.9
19.1
21
19.1
23
24.9
24.9
24.9
28.7
24.9
28.7
26.8
26.8
21
24.9
28.7
24.9
28.7
24.9
19.1
19.1
24.9
24.9
19.1
19.1
19.1
19.1
19.1
24.9
24.9
24.9
22
20.55
19.1
24.9
19.1
32.5
24.9
21
24.9
28.7
32.5
32.5
24.9
15.3
15.3
11.5
7.7
11.5
15.3
15.3
24.9
24.9
21
24.9
15.3
21
21
15.3
11.5
7.7
15.3
15.3
11.5
11.5
7.7
7.7
7.7
7.7
3.8
7.7
3.8
7.7
11.5
3.8
11.5
11.5
7.7
7.7
3.8
3.8
3.8
3.8
7.7
7.7
7.7
3.8
0
7.7
7.7
7.7
7.7
13.4
11.5
21
17.2
21
24.9
21
24.9
21
24.9
28.7
36.3
32.5
24.9
24.9
21
24.9
24.9
28.7
24.9
15.3
15.3
7.7
7.7
7.7
7.7
7.7
3.8
0
0
3.8
0
0
0
3.8
3.8
3.8
3.8
3.8
3.8
24.9
7.7
3.8
7.7
7.7
7.7
3.8
11.5
7.7
7.7
7.7
11.5
11.5
11.5
7.7
7.7
11.5
7.7
7.7
0
3.8
3.8
3.8
0
0
0
0
0
0
0
0
0
0
0
0
0
0
0
0
0
0
0
0
0
0
0
0
0
0
3.8
0
0
0
0
0
0
0
0
0
3.8
3.8
3.8
7.7
3.8
0
0
0
3.8
7.7
7.7
3.8
3.8
3.8
7.7
7.7
7.7
7.7
0
3.8
0
0
0
0
0
0
3.8
0
0
0
0
0
0
0
0
7.7
3.8
3.8
17.2
7.7
7.7
7.7
7.7
7.7
7.7
7.7
17.2
17.2
24.9
21
17.2
17.2
11.5
7.7
17.2
17.2
7.7
0
7.7
7.7
3.8
7.7
0
7.7
3.8
3.8
0
3.8
7.7
7.7
0
0
0
0
0
3.8
0
3.8
7.7
7.7
7.7
7.7
3.8
3.8
3.8
3.8
3.8
7.7
9.6
13.4
13.4
13.4
13.4
13.4
13.4
13.4
13.4
17.2
17.2
17.2
17.2
17.2
13.4
17.2
17.2
21
24.9
17.2
21
21
17.2
24.9
24.9
17.2
17.2
21
7.7
7.7
7.7
7.7
3.8
7.7
11.5
11.5
17.2
24.9
28.7
36.3
30.6
27.75
24.9
24.9
24.9
7.7
28.7
28.7
28.7
24.9
24.9
24.9
32.5
47.8
47.8
40.2
36.3
32.5
28.7
32.5
32.5
28.7
24.9
24.9
24.9
28.7
32.5
28.7
28.7
28.7
21
17.2
17.2
17.2
9.6
11.5
17.2
7.7
7.7
13.4
13.4
21
21
17.2
17.2
21
17.2
13.4
17.2
17.2
17.2
17.2
17.2
17.2
17.2
17.2
17.2
17.2
21
24.9
28.7
28.7
28.7
32.5
32.5
26.8
32.5
32.5
42.1
42.1
40.2
40.2
42.1
45.9
47.8
44
44
36.3
32.5
24.9
21
17.2
7.7
7.7
7.7
7.7
7.7
7.7
7.7
11.5
7.7
7.7
11.5
24.9
21
21
19.1
18.15
17.2
21
24.9
32.5
21
24.9
21
17.2
17.2
24.9
24.9
28.7
24.9
24.9
24.9
24.9
24.9
24.9
28.7
24.9
17.2
24.9
24.9
24.9
32.5
24.9
21
17.2
13.4
17.2
7.7
11.5
11.5
17.2
7.7
17.2
11.5
21
13.4
17.2
17.2
21
3.8
7.7
3.8
7.7
3.8
7.7
3.8
3.8
7.7
7.7
7.7
13.4
7.7
3.8
0
7.7
3.8
3.8
9.6
9.6
13.4
13.4
9.6
17.2
21
17.2
24.9
24.9
24.9
24.9
28.7
32.5
32.5
24.9
24.9
17.2
11.5
11.5
11.5
3.8
3.8
0
0
3.8
0
0
0
0
0
0
0
0
1.9
2.85
3.8
0
7.7
21
7.7
7.7
11.5
24.9
40.2
32.5
24.9
28.7
28.7
24.9
21
17.2
24.9
24.9
24.9
21
21
24.9
21
24.9
28.7
24.9
17.2
17.2
7.7
7.7
7.7
7.7
7.7
7.7
13.4
9.6
7.7
7.7
3.8
3.8
3.8
0
0
3.8
3.8
3.8
3.8
0
0
0
0
0
3.8
3.8
0
6.7
10.05
11.725
12.5625
12.98125
13.190625
13.2953125
13.34765625
13.373828125
13.4
13.4
13.4
9.6
21
24.9
32.5
32.5
38.3
32.5
32.5
32.5
28.7
32.5
24.9
24.9
17.2
17.2
11.5
17.2
11.5
11.5
7.7
3.8
7.7
7.7
7.7
3.8
7.7
7.7
7.7
7.7
7.7
7.7
7.7
7.7
7.7
7.7
17.2
24.9
24.9
24.9
28.7
24.9
17.2
7.7
21
24.9
32.5
32.5
24.9
32.5
40.2
32.5
32.5
21
24.9
24.9
17.2
17.2
13.4
13.4
7.7
7.7
0
7.7
7.7
9.6
7.7
3.8
3.8
7.7
17.2
9.6
7.7
7.7
3.8
3.8
0
3.8
7.7
9.6
0
0
3.8
3.8
0
0
3.8
3.8
0
0
3.8
3.8
3.8
0
9.6
3.8
3.8
13.4
13.4
9.6
17.2
21
15.3
17.2
17.2
21
17.2
21
17.2
11.5
17.2
7.7
3.8
7.7
3.8
7.7
0
3.8
7.7
3.8
0
0
0
3.8
3.8
3.8
3.8
7.7
3.8
7.7
7.7
7.7
7.7
11.5
11.5
17.2
24.9
17.2
15.3
7.7
17.2
17.2
17.2
24.9
28.7
32.5
24.9
24.9
24.9
21
17.2
7.7
7.7
7.7
3.8
7.7
7.7
3.8
7.7
3.8
3.8
3.8
3.8
0
0
0
0
0
0
0
0
0
7.7
7.7
0
0
0
3.8
3.8
0
0
0
0
0
3.8
7.7
3.8
3.8
7.7
0
0
7.7
7.7
7.7
3.8
7.7
13.4
0
11.5
11.5
7.7
0
0
3.8
0
3.8
3.8
0
0
0
0
11.5
7.7
11.5
24.9
24.9
32.5
32.5
28.7
17.2
17.2
17.2
17.2
17.2
17.2
3.8
24.9
24.9
15.3
15.3
15.3
21
24.9
24.9
32.5
40.2
40.2
47.8
57.4
47.8
44
40.2
32.5
28.7
24.9
15.3
7.7
7.7
11.5
3.8
3.8
3.8
0
0
0
0
0
3.8
0
0
0
0
0
0
0
3.8
3.8
7.7
3.8
3.8
3.8
3.8
3.8
3.8
3.8
3.8
7.7
3.8
3.8
3.8
0
3.8
0
3.8
3.8
3.8
0
0
7.7
7.7
3.8
7.7
3.8
7.7
7.7
11.5
15.3
15.3
21
24.9
21
21
15.3
15.3
7.7
7.7
3.8
7.7
7.7
7.7
3.8
3.8
7.7
15.3
7.7
15.3
11.5
9.6
7.7
11.5
15.3
11.5
7.7
7.7
7.7
7.7
3.8
7.7
7.7
7.7
7.7
7.7
7.7
7.7
11.5
15.3
15.3
11.5
15.3
15.3
7.7
7.7
3.8
7.7
11.5
11.5
11.5
11.5
11.5
7.7
15.3
11.5
11.5
7.7
15.3
7.7
7.7
7.7
3.8
7.7
7.7
7.7
3.8
3.8
3.8
0
7.7
3.8
7.7
7.7
7.7
3.8
7.7
7.7
0
7.7
11.5
7.7
7.7
7.7
7.7
7.7
11.5
15.3
15.3
15.3
7.7
11.5
11.5
7.7
7.7
7.7
3.8
7.7
3.8
3.8
7.7
3.8
7.7
0
7.7
3.8
7.7
7.7
3.8
7.7
3.8
3.8
7.7
3.8
3.8
7.7
7.7
7.7
7.7
7.7
7.7
3.8
7.7
7.7
7.7
7.7
3.8
7.7
7.7
7.7
7.7
7.7
7.7
11.5
15.3
15.3
19.1
19.1
15.3
15.3
15.3
15.3
15.3
19.1
15.3
15.3
15.3
11.5
15.3
11.5
11.5
11.5
7.7
7.7
11.5
7.7
7.7
7.7
7.7
11.5
7.7
3.8
7.7
7.7
7.7
11.5
3.8
7.7
7.7
7.7
7.7
3.8
7.7
11.5
7.7
15.3
11.5
7.7
7.7
7.7
7.7
7.7
7.7
7.7
3.8
7.7
11.5
15.3
15.3
15.3
7.7
11.5
15.3
11.5
11.5
15.3
15.3
7.7
7.7
7.7
7.7
5.75
3.8
3.8
0
0
0
0
3.8
0
0
3.8
1.9
0.95
0
0
0
7.7
0
0
0
7.7
0
3.8
3.8
3.8
3.8
7.7
15.3
11.5
7.7
11.5
15.3
23
15.3
11.5
15.3
15.3
11.5
11.5
7.7
7.7
7.7
11.5
7.7
7.7
7.7
7.7
3.8
3.8
7.7
3.8
0
7.7
3.8
3.8
7.7
7.7
3.8
7.7
0
7.7
3.8
3.8
3.8
7.7
3.8
0
3.8
0
0
0
11.5
7.7
7.7
11.5
11.5
3.8
3.8
7.7
15.3
7.7
15.3
11.5
19.1
15.3
19.1
23
19.1
19.1
19.1
15.3
11.5
11.5
7.7
7.7
7.7
3.8
0
0
3.8
3.8
0
3.8
0
0
3.8
0
0
0
0
0
3.8
0
11.5
3.8
9.55
15.3
15.3
19.1
19.1
23
26.8
34.4
30.6
26.8
23
23
23
26.8
26.8
26.8
23
15.3
19.1
15.3
15.3
11.5
15.3
19.1
15.3
19.1
11.5
15.3
11.5
11.5
11.5
11.5
7.7
11.5
11.5
11.5
7.7
11.5
11.5
3.8
11.5
11.5
11.5
11.5
11.5
7.7
11.5
7.7
7.7
11.5
11.5
3.8
7.7
7.7
11.5
7.7
11.5
11.5
15.3
19.1
19.1
15.3
26.8
26.8
23
23
23
23
23
23
19.1
11.5
11.5
11.5
11.5
11.5
11.5
11.5
19.1
26.8
26.8
26.8
26.8
23
19.1
19.1
15.3
11.5
15.3
17.2
19.1
19.1
26.8
11.5
19.1
19.1
19.1
26.8
34.4
38.3
44
34.4
38.3
44
44
59.3
51.6
47.8
34.4
34.4
30.6
26.8
26.8
30.6
23
26.8
15.3
15.3
11.5
19.1
15.3
11.5
19.1
11.5
11.5
7.7
7.7
11.5
15.3
11.5
19.1
15.3
19.1
11.5
11.5
7.7
11.5
7.7
7.7
7.7
11.5
7.7
11.5
11.5
11.5
11.5
11.5
7.7
11.5
11.5
7.7
11.5
11.5
11.5
11.5
15.3
19.1
26.8
28.7
36.3
30.6
36.3
36.3
32.5
36.3
28.7
26.8
23
23
26.8
26.8
26.8
26.8
34.4
30.6
34.4
26.8
19.1
11.5
15.3
15.3
26.8
35.4
39.7
41.85
42.925
44
47.8
47.8
19.1
26.8
26.8
26.8
26.8
19.1
19.1
15.3
19.1
19.1
15.3
19.1
19.1
19.1
19.1
19.1
15.3
15.3
19.1
11.5
15.3
15.3
19.1
15.3
19.1
19.1
26.8
23
23
26.8
26.8
26.8
19.1
23
23
23
19.1
23
26.8
19.1
23
19.1
23
19.1
15.3
15.3
19.1
19.1
15.3
15.3
19.1
19.1
23
23
19.1
19.1
19.1
19.1
23
26.8
17.2
23
19.1
19.1
15.3
23
15.3
19.1
15.3
15.3
23
23
23
23
23
23
19.1
19.1
15.3
11.5
13.4
15.3
15.3
15.3
15.3
19.1
15.3
15.3
19.1
15.3
19.1
19.1
19.1
19.1
11.5
15.3
38.3
23
23
19.1
34.4
51.6
74.6
70.8
68.8
76.5
66.9
59.3
51.6
59.3
38.3
42.1
42.1
42.1
38.3
30.6
19.1
19.1
15.3
19.1
11.5
11.5
11.5
11.5
7.7
7.7
11.5
11.5
11.5
11.5
11.5
11.5
11.5
15.3
11.5
11.5
11.5
15.3
11.5
11.5
11.5
7.7
11.5
7.7
11.5
15.3
11.5
11.5
11.5
7.7
11.5
7.7
7.7
11.5
3.8
11.5
11.5
11.5
15.3
15.3
19.1
15.3
19.1
23
34.4
34.4
38.3
38.3
42.1
45.9
42.1
42.1
38.3
42.1
49.7
61.2
61.2
65
61.2
61.2
63.1
66.9
66.9
66.9
70.8
70.8
66.9
68.85
69.825
70.8
66.9
59.3
19.1
59.3
59.3
51.6
59.3
66.9
59.3
70.8
63.1
59.3
59.3
51.6
38.3
42.1
42.1
34.4
34.4
26.8
19.1
19.1
23
26.8
26.8
26.8
26.8
19.1
19.1
19.1
15.3
15.3
19.1
15.3
19.1
19.1
19.1
19.1
19.1
19.1
19.1
19.1
19.1
15.3
19.1
19.1
15.3
19.1
23
23
19.1
23
23
23
30.6
26.8
26.8
36.3
36.3
40.2
40.2
40.2
42.1
38.3
45.9
45.9
49.7
49.7
53.5
57.4
61.2
61.2
55.5
49.7
53.5
49.7
49.7
45.9
49.7
49.7
49.7
49.7
51.6
53.5
49.7
49.7
63.1
59.3
59.3
59.3
59.3
66.9
66.9
66.9
66.9
66.9
66.9
66.9
59.3
72.7
80.3
76.5
74.6
74.6
74.6
70.8
70.8
66.9
70.8
65
74.6
72.7
66.9
59.3
59.3
51.6
34.4
34.4
34.4
26.8
26.8
23
19.1
26.8
26.8
23
23
23
19.1
19.1
19.1
19.1
23
19.1
19.1
26.8
19.1
23
26.8
23
23
26.8
26.8
30.6
26.8
19.1
19.1
23
19.1
11.5
19.1
15.3
15.3
19.1
19.1
19.1
19.1
11.5
15.3
15.3
19.1
19.1
26.8
30.6
36.3
36.3
36.3
34.4
38.3
36.3
30.6
44
40.2
30.6
26.8
26.8
34.4
34.4
19.1
26.8
26.8
30.6
26.8
26.8
34.4
30.6
26.8
30.6
26.8
30.6
32.5
34.4
38.3
42.1
72.7
34.4
38.3
30.6
26.8
26.8
30.6
26.8
23
19.1
26.8
26.8
30.6
30.6
26.8
30.6
34.4
30.6
26.8
26.8
19.1
19.1
19.1
15.3
15.3
11.5
15.3
19.1
15.3
19.1
19.1
11.5
11.5
11.5
11.5
11.5
15.3
11.5
15.3
11.5
11.5
7.7
7.7
7.7
7.7
11.5
3.8
11.5
7.7
3.8
7.7
11.5
11.5
11.5
11.5
15.3
7.7
15.3
7.7
11.5
7.7
11.5
11.5
19.1
19.1
15.3
11.5
19.1
11.5
15.3
11.5
15.3
11.5
11.5
7.7
7.7
7.7
3.8
7.7
3.8
7.7
3.8
3.8
3.8
3.8
3.8
0
3.8
0
3.8
3.8
3.8
3.8
3.8
3.8
7.7
38.3
3.8
3.8
3.8
3.8
3.8
3.8
3.8
3.8
7.7
7.7
3.8
3.8
11.5
3.8
11.5
11.5
11.5
11.5
3.8
11.5
7.7
7.7
7.7
7.7
11.5
7.7
7.7
7.7
3.8
3.8
3.8
1.9
0.95
0.475
0.2375
0.11875
0.059375
0.0296875
0.01484375
0
0
3.8
3.8
3.8
0
3.8
0
7.7
7.7
0
3.8
3.8
3.8
3.8
3.8
3.8
7.7
7.7
3.8
7.7
3.8
7.7
7.7
3.8
7.7
11.5
15.3
19.1
15.3
19.1
15.3
15.3
19.1
15.3
19.1
11.5
15.3
11.5
7.7
7.7
7.7
7.7
11.5
3.8
3.8
3.8
7.7
7.7
3.8
3.8
5.75
6.725
7.7
3.8
7.7
3.8
3.8
7.7
7.7
3.8
0
3.8
0
0
0
0
0
0
7.7
7.7
3.8
3.8
3.8
7.7
0
0
3.8
3.8
11.5
7.7
7.7
3.8
0
3.8
7.7
3.8
7.7
7.7
3.8
3.8
3.8
3.8
3.8
0
7.7
0
3.8
0
3.8
3.8
3.8
0
3.8
3.8
3.8
3.8
3.8
3.8
7.7
7.7
3.8
0
3.8
7.7
7.7
7.7
7.7
3.8
7.7
11.5
19.1
15.3
11.5
15.3
15.3
15.3
11.5
15.3
15.3
11.5
7.7
11.5
7.7
7.7
3.8
0
7.7
7.7
7.7
15.3
7.7
0
0
0
3.8
0
0
0
0
3.8
0
3.8
3.8
3.8
11.5
3.8
7.7
0
0
0
11.5
7.7
11.5
7.7
11.5
7.7
7.7
7.7
7.7
7.7
7.7
7.7
7.7
11.5
7.7
7.7
7.7
7.7
7.7
7.7
3.8
0
3.8
7.7
3.8
7.7
3.8
0
3.8
7.7
3.8
15.3
15.3
7.7
7.7
7.7
15.3
19.1
15.3
7.7
7.7
7.7
7.7
11.5
11.5
11.5
7.7
7.7
7.7
15.3
7.7
11.5
7.7
15.3
15.3
15.3
11.5
11.5
15.3
15.3
19.1
7.7
15.3
7.7
15.3
11.5
7.7
7.7
7.7
7.7
7.7
3.8
3.8
3.8
0
3.8
3.8
7.7
7.7
0
7.7
3.8
5.75
6.725
7.7
3.8
7.7
3.8
11.5
15.3
15.3
15.3
15.3
23
19.1
26.8
23
19.1
19.1
19.1
23
23
23
23
15.3
15.3
11.5
11.5
7.7
7.7
3.8
0
7.7
7.7
7.7
7.7
3.8
3.8
3.8
0
0
3.8
3.8
0
0
3.8
0
3.8
7.7
0
0
7.7
3.8
3.8
0
0
7.7
0
3.8
0
0
0
0
3.8
3.8
3.8
7.7
0
3.8
0
7.7
0
3.8
0
7.7
7.7
3.8
7.7
7.7
7.7
15.3
11.5
7.7
7.7
3.8
7.7
3.8
3.8
0
0
0
0
0
0
0
0
0
0
0
0
0
7.7
7.7
11.5
7.7
7.7
7.7
7.7
7.7
7.7
7.7
7.7
7.7
7.7
15.3
15.3
7.7
11.5
11.5
7.7
7.7
7.7
11.5
7.7
7.7
7.7
3.8
3.8
7.7
7.7
7.7
3.8
3.8
7.7
7.7
3.8
0
7.7
0
3.8
3.8
7.7
0
0
3.8
7.7
0
3.8
7.7
0
3.8
3.8
7.7
7.7
7.7
7.7
7.7
7.7
7.7
11.5
7.7
7.7
7.7
15.3
34.4
34.4
36.3
26.8
26.8
23
34.4
30.6
26.8
30.6
30.6
30.6
30.6
34.4
38.3
38.3
38.3
42.1
42.1
45.9
45.9
34.4
38.3
38.3
45.9
45.9
45.9
53.5
42.1
38.3
36.35
35.375
34.4
19.1
23
7.7
15.3
19.1
23
23
26.8
26.8
23
26.8
30.6
38.3
45.9
38.3
30.6
30.6
30.6
26.8
26.8
23
23
15.3
23
15.3
15.3
11.5
7.7
7.7
11.5
7.7
7.7
7.7
7.7
7.7
7.7
7.7
7.7
7.7
7.7
7.7
7.7
7.7
3.8
7.7
7.7
7.7
7.7
0
7.7
7.7
15.3
11.5
19.1
19.1
15.3
15.3
15.3
19.1
19.1
15.3
26.8
30.6
26.8
30.6
30.6
26.8
30.6
26.8
26.8
26.8
23
23
26.8
26.8
26.8
23
23
23
15.3
15.3
23
23
23
23
23
23
23
15.3
19.1
15.3
15.3
15.3
15.3
15.3
15.3
15.3
15.3
19.1
15.3
23
23
30.6
38.3
45.9
42.1
45.9
45.9
42.1
38.3
42.1
38.3
38.3
45.9
45.9
53.5
57.4
57.4
38.3
45.9
38.3
38.3
38.3
26.8
15.3
19.1
34.4
30.6
23
23
23
15.3
7.7
7.7
7.7
7.7
15.3
19.1
23
26.8
23
15.3
23
19.1
23
23
26.8
26.8
42.1
49.7
57.4
53.5
49.7
57.4
61.2
65
45.9
42.1
30.6
34.4
34.4
30.6
34.4
34.4
38.3
38.3
34.4
38.3
38.3
38.3
34.4
34.4
30.6
30.6
30.6
26.8
30.6
34.4
23
11.5
11.5
11.5
15.3
23
15.3
15.3
15.3
7.7
7.7
9.6
10.55
11.5
7.7
11.5
74.6
15.3
15.3
11.5
15.3
19.1
19.1
19.1
23
11.5
15.3
15.3
11.5
11.5
15.3
23
23
15.3
11.5
11.5
11.5
11.5
15.3
15.3
7.7
7.7
7.7
7.7
7.7
3.8
0
3.8
3.8
7.7
7.7
7.7
7.7
7.7
7.7
7.7
7.7
3.8
7.7
7.7
7.7
11.5
11.5
7.7
7.7
11.5
7.7
7.7
11.5
7.7
11.5
11.5
11.5
7.7
7.7
11.5
15.3
11.5
11.5
11.5
11.5
15.3
11.5
15.3
15.3
15.3
15.3
15.3
11.5
7.7
7.7
7.7
7.7
11.5
7.7
7.7
7.7
3.8
7.7
7.7
3.8
7.7
3.8
7.7
7.7
11.5
11.5
9.6
8.65
7.7
7.7
7.7
15.3
7.7
7.7
11.5
7.7
11.5
11.5
7.7
11.5
15.3
15.3
15.3
11.5
15.3
7.7
11.5
11.5
11.5
15.3
11.5
11.5
7.7
7.7
11.5
15.3
15.3
11.5
7.7
7.7
7.7
7.7
7.7
7.7
7.7
11.5
7.7
7.7
7.7
7.7
7.7
7.7
7.7
3.8
7.7
7.7
3.8
3.8
3.8
3.8
7.7
3.8
3.8
7.7
3.8
0
3.8
3.8
3.8
7.7
3.8
3.8
5.75
6.725
7.2125
7.45625
7.578125
7.6390625
7.66953125
7.684765625
7.6923828125
7.69619140625
7.698095703125
7.6990478515625
7.69952392578125
7.69976196289062
7.69988098144531
7.69994049072266
7.69997024536133
7.69998512268066
7.69999256134033
7.69999628067017
7.69999814033508
7.69999907016754
7.69999953508377
7.69999976754189
7.69999988377094
7.69999994188547
7.69999997094274
7.69999998547137
7.69999999273568
7.69999999636784
7.69999999818392
7.69999999909196
7.69999999954598
7.69999999977299
7.6999999998865
7.7
7.7
7.7
7.7
7.7
7.7
7.7
7.7
7.7
7.7
7.7
7.7
7.7
7.7
7.7
7.7
7.7
7.7
7.7
7.7
7.7
7.7
7.7
7.7
7.7
7.7
7.7
7.7
7.7
7.7
7.7
7.7
7.7
7.7
7.7
7.7
7.7
7.7
7.7
7.7
7.7
7.7
7.7
7.7
7.7
3.8
7.7
7.7
13.4
13.4
5.7
9.6
17.2
17.2
17.2
13.4
17.2
21
21
17.2
21
21
21
21
17.2
13.4
13.4
13.4
17.2
21
23
23
23
21
17.2
17.2
21
23
23
23
17.2
13.4
13.4
13.4
13.4
9.6
5.7
5.7
9.6
9.6
5.7
9.55
11.475
13.4
13.4
5.7
9.55
13.4
13.4
9.6
5.7
9.6
5.7
5.7
9.6
13.4
13.4
13.4
23
23
23
34.4
30.6
24.9
26.8
13.4
13.4
13.4
13.4
13.4
9.6
13.4
13.4
9.6
9.6
13.4
13.4
13.4
13.4
13.4
13.4
17.2
13.4
13.4
13.4
9.6
13.4
13.4
13.4
13.4
13.4
13.4
9.6
13.4
13.4
11.5
17.2
13.4
13.4
24.9
47.8
47.8
34.4
21
21
24.9
24.9
24.9
26.8
38.3
30.6
28.7
28.7
32.5
34.4
30.6
21
24.9
24.9
32.5
38.3
30.6
24.9
23
26.8
30.6
24.9
23
23
23
26.8
17.2
13.4
13.4
13.4
13.4
13.4
13.4
13.4
13.4
13.4
17.2
9.6
17.2
30.6
34.4
40.2
34.4
40.2
34.4
40.2
45.9
47.8
40.2
30.6
30.6
23
23
13.4
17.2
13.4
13.4
9.6
13.4
9.6
9.6
5.7
5.7
5.7
5.7
9.6
5.7
5.7
5.7
5.7
5.7
5.7
5.7
0
5.7
5.7
5.7
5.7
0
5.7
0
0
5.7
5.7
0
5.7
5.7
5.7
5.7
3.8
5.7
5.7
5.7
5.7
5.7
5.7
5.7
5.7
7.7
3.8
13.4
17.2
13.4
7.7
3.8
7.7
17.2
13.4
13.4
17.2
7.7
13.4
13.4
7.7
5.7
9.6
5.7
5.7
5.7
5.7
5.7
5.7
5.7
5.7
5.7
5.7
5.7
5.7
5.7
5.7
5.7
5.7
13.4
13.4
9.6
13.4
23
17.2
17.2
13.4
17.2
13.4
13.4
13.4
17.2
23
23
23
21
21
26.8
23
26.8
24.9
26.8
24.9
30.6
24.9
21
21
17.2
23
17.2
23
17.2
23
13.4
13.4
11.5
17.2
13.4
13.4
13.4
13.4
5.7
9.6
13.4
9.6
7.7
3.8
9.6
13.4
13.4
13.4
17.2
17.2
13.4
13.4
23
17.2
17.2
13.4
17.2
17.2
11.5
23
23
17.2
17.2
21
21
21
21
24.9
30.6
30.6
21
21
23
23
23
23
23
23
13.4
9.6
9.6
5.7
5.7
5.7
5.7
9.6
9.6
5.7
5.7
5.7
5.7
5.7
5.7
9.6
9.6
13.4
13.4
17.2
23
13.4
17.2
13.4
13.4
13.4
9.6
5.7
5.7
9.6
5.7
5.7
5.7
5.7
5.7
3.8
5.7
5.7
0
5.7
5.7
5.7
5.7
5.7
5.7
5.7
5.7
0
5.7
5.7
5.7
5.7
5.7
5.7
5.7
5.7
5.7
5.7
5.7
5.7
9.6
13.4
13.4
13.4
9.6
13.4
7.7
13.4
13.4
13.4
5.7
5.7
9.6
5.7
9.6
5.7
5.7
5.7
5.7
9.6
5.7
5.7
5.7
5.7
5.7
9.6
0
5.7
5.7
5.7
5.7
5.7
5.7
5.7
5.7
5.7
5.7
0
5.7
5.7
5.7
5.7
5.7
9.6
13.4
13.4
11.5
10.55
9.6
13.4
17.2
9.6
17.2
13.4
13.4
9.6
5.7
9.6
13.4
13.4
9.6
17.2
13.4
17.2
13.4
13.4
17.2
9.6
9.6
13.4
13.4
9.6
9.6
5.7
13.4
13.4
9.6
9.6
5.7
9.6
5.7
5.7
5.7
9.6
13.4
5.7
5.7
9.6
13.4
5.7
13.4
9.6
13.4
13.4
13.4
13.4
13.4
13.4
13.4
13.4
5.7
9.6
9.6
13.4
13.4
5.7
13.4
5.7
13.4
7.7
13.4
7.7
13.4
13.4
13.4
17.2
13.4
17.2
17.2
13.4
13.4
13.4
13.4
23
17.2
23
23
23
24.9
23
23
26.8
30.6
26.8
30.6
30.6
30.6
26.8
30.6
30.6
30.6
30.6
32.5
33.45
34.4
40.2
30.6
13.4
26.8
26.8
26.8
26.8
23
17.2
13.4
17.2
13.4
17.2
17.2
17.2
23
23
13.4
17.2
23
17.2
13.4
13.4
17.2
23
17.2
17.2
23
13.4
21
23
23
13.4
13.4
17.2
13.4
9.6
13.4
11.5
11.5
13.4
17.2
7.7
17.2
17.2
23
13.4
17.2
23
13.4
17.2
26.8
17.2
13.4
17.2
23
17.2
13.4
13.4
9.6
7.7
7.7
13.4
13.4
13.4
13.4
11.5
17.2
17.2
13.4
7.7
17.2
21
21
17.2
23
17.2
13.4
13.4
17.2
13.4
13.4
5.7
5.7
13.4
13.4
9.6
13.4
9.6
13.4
13.4
13.4
9.6
11.5
12.45
13.4
9.6
13.4
26.8
13.4
13.4
13.4
17.2
13.4
13.4
23
23
26.8
34.4
30.6
34.4
40.2
23
23
23
23
17.2
13.4
17.2
13.4
13.4
17.2
17.2
13.4
23
23
23
13.4
23
17.2
17.2
13.4
17.2
17.2
17.2
13.4
23
23
23
23
26.8
30.6
24.9
21
23
24.9
24.9
30.6
24.9
34.4
42.1
47.8
51.6
51.6
34.4
34.4
47.8
38.3
40.2
30.6
23
17.2
23
40.2
40.2
40.2
34.4
24.9
30.6
30.6
23
23
13.4
13.4
5.7
9.6
5.7
5.7
5.7
5.7
5.7
5.7
5.7
0
0
5.7
13.4
13.4
13.4
11.5
10.55
9.6
13.4
13.4
13.4
13.4
23
23
26.8
17.2
23
23
13.4
13.4
13.4
13.4
17.2
13.4
17.2
17.2
13.4
17.2
26.8
30.6
30.6
30.6
34.4
40.2
30.6
30.6
23
30.6
23
23
26.8
30.6
40.2
40.2
47.8
51.6
68.8
65
40.2
26.8
57.4
103.3
97.5
89.9
86.1
82.2
76.5
86.1
80.3
82.2
82.2
95.6
95.6
76.5
72.7
82.2
93.7
89.9
93.7
89.9
91.8
76.5
72.7
72.7
72.7
68.8
63.1
61.2
57.4
57.4
40.2
47.8
40.2
30.6
30.6
30.6
23
23
23
44
47.8
30.6
34.4
30.6
30.6
34.4
47.8
57.4
65
65
65
73.6
77.9
82.2
91.8
91.8
13.4
74.6
86.1
82.2
99.4
103.3
95.6
91.8
91.8
82.2
91.8
91.8
91.8
91.8
82.2
78.4
74.6
65
57.4
57.4
47.8
40.2
40.2
40.2
47.8
57.4
61.2
65
65
57.4
13.4
13.4
13.4
40.2
61.2
47.8
47.8
30.6
30.6
17.2
9.6
13.4
23
34.4
30.6
17.2
13.4
15.3
16.25
16.725
16.9625
17.08125
17.140625
17.1703125
17.18515625
17.192578125
17.1962890625
17.19814453125
17.199072265625
17.1995361328125
17.2
23
23
24.9
23
30.6
21
34.4
24.9
30.6
26.8
26.8
26.8
30.6
30.6
30.6
26.8
26.8
26.8
30.6
30.6
23
23
17.2
13.4
13.4
17.2
23
13.4
13.4
13.4
13.4
13.4
13.4
23
30.6
74.6
30.6
26.8
23
26.8
23
30.6
26.8
21
17.2
34.4
30.6
17.2
13.4
13.4
13.4
13.4
17.2
13.4
13.4
13.4
9.6
5.7
9.6
5.7
5.7
5.7
5.7
5.7
3.8
5.7
5.7
5.7
5.7
0
5.7
5.7
9.6
9.6
5.7
5.7
5.7
5.7
13.4
26.8
23
13.4
13.4
5.7
9.6
13.4
13.4
23
17.2
13.4
13.4
13.4
13.4
13.4
23
26.8
30.6
24.9
47.8
51.6
51.6
38.3
51.6
61.2
68.8
78.4
68.8
59.3
59.3
47.8
47.8
47.8
47.8
44
30.6
30.6
13.4
9.6
9.6
9.6
5.7
9.6
13.4
13.4
13.4
13.4
15.3
16.25
17.2
23
23
34.4
23
26.8
23
17.2
30.6
34.4
40.2
40.2
34.4
23
13.4
9.6
23
30.6
23
13.4
9.6
13.4
9.6
13.4
23
13.4
13.4
17.2
17.2
13.4
13.4
9.6
5.7
5.7
9.6
9.6
9.6
9.6
13.4
5.7
7.7
5.7
0
0
0
0
0
5.7
17.2
9.6
5.7
5.7
5.7
5.7
9.6
23
30.6
30.6
24.9
26.8
28.7
38.3
34.4
40.2
30.6
30.6
24.9
30.6
24.9
30.6
28.7
30.6
30.6
30.6
30.6
23
23
23
13.4
17.2
17.2
17.2
23
23
17.2
13.4
13.4
13.4
13.4
13.4
13.4
17.2
13.4
13.4
15.3
16.25
17.2
23
23
26.8
23
23
30.6
23
23
23
23
26.8
23
23
23
23
23
13.4
17.2
13.4
13.4
13.4
13.4
9.6
13.4
13.4
5.7
5.7
5.7
9.6
5.7
5.7
5.7
9.6
13.4
13.4
9.6
5.7
5.7
5.7
5.7
5.7
5.7
5.7
5.7
5.7
5.7
5.7
5.7
9.6
13.4
3.8
9.6
9.6
9.6
5.7
13.4
23
21
21
24.9
26.8
24.9
21
24.9
30.6
34.4
38.3
38.3
38.3
38.3
34.4
38.3
47.8
38.3
38.3
38.3
38.3
42.1
42.1
42.1
47.8
47.8
44
44
47.8
47.8
47.8
47.8
47.8
57.4
68.8
91.8
91.8
95.6
97.5
99.4
103.3
103.3
23
107.1
107.1
103.3
86.1
86.1
95.6
91.8
78.4
78.4
68.8
68.8
78.4
78.4
78.4
78.4
72.7
65
61.2
61.2
61.2
51.6
51.6
44
34.4
0
0
3.8
0
0
0
0
0
0
0
3.8
6.7
9.6
3.8
9.6
9.6
3.8
3.8
9.6
9.6
9.6
3.8
9.6
13.4
13.4
17.2
30.6
34.4
51.6
51.6
65
65
65
68.8
68.8
68.8
68.8
65
61.2
63.1
55.5
59.3
59.3
61.2
61.2
47.8
47.8
47.8
44
38.3
34.4
38.3
34.4
34.4
30.6
38.3
44
51.6
51.6
44
34.4
34.4
34.4
30.6
34.4
34.4
34.4
34.4
34.4
44
51.6
103.3
38.3
38.3
30.6
38.3
38.3
47.8
55.5
55.5
55.5
55.5
47.8
38.3
47.8
38.3
38.3
38.3
34.4
34.4
38.3
34.4
30.6
21
21
21
17.2
17.2
17.2
13.4
13.4
17.2
17.2
21
13.4
13.4
21
38.3
34.4
30.6
30.6
26.8
21
23
17.2
21
28.7
28.7
24.9
7.7
11.5
13.4
11.5
21
21
34.4
38.3
38.3
30.6
26.8
26.8
30.6
38.3
38.3
34.4
38.3
30.6
26.8
24.9
26.8
30.6
30.6
26.8
21
17.2
17.2
21
21
21
11.5
13.4
13.4
21
21
30.6
26.8
26.8
26.8
34.4
30.6
40.2
44
47.8
49.7
51.6
51.6
55.5
34.4
9.6
9.6
9.6
9.6
9.6
17.2
13.4
23
17.2
13.4
17.2
17.2
23
17.2
13.4
13.4
13.4
5.7
9.6
5.7
5.7
9.6
5.7
13.4
5.7
13.4
13.4
13.4
9.6
9.6
7.7
13.4
13.4
7.7
9.6
11.5
13.4
9.6
13.4
13.4
13.4
17.2
13.4
17.2
23
17.2
17.2
17.2
13.4
13.4
13.4
13.4
13.4
13.4
13.4
13.4
13.4
13.4
17.2
17.2
17.2
13.4
23
17.2
24.9
17.2
23
17.2
17.2
21
13.4
13.4
13.4
5.7
5.7
5.7
5.7
5.7
5.7
3.8
5.7
0
0
5.7
5.7
5.7
5.7
0
0
3.8
4.75
5.225
5.7
5.7
5.7
5.7
0
0
0
17.2
17.2
0
9.6
13.4
23
23
26.8
30.6
26.8
30.6
30.6
30.6
34.4
34.4
38.3
34.4
44
34.4
30.6
26.8
26.8
28.7
24.9
21
17.2
23
13.4
17.2
17.2
17.2
23
34.4
44
34.4
34.4
44
34.4
51.6
42.1
44
24.9
24.9
23
11.5
11.5
11.5
7.7
17.2
13.4
7.7
7.7
13.4
13.4
13.4
17.2
17.2
24.9
30.6
34.4
38.3
40.2
34.4
38.3
34.4
34.4
34.4
28.7
21
17.2
17.2
17.2
9.6
9.6
9.6
5.7
3.8
9.6
9.6
9.6
9.6
9.6
5.7
5.7
0
0
3.8
4.75
5.225
5.7
5.7
9.6
3.8
9.6
13.4
13.4
17.2
17.2
23
34.4
30.6
30.6
40.2
34.4
34.4
40.2
30.6
26.8
23
17.2
17.2
23
23
23
17.2
13.4
9.6
5.7
5.7
5.7
5.7
5.7
0
5.7
5.7
5.7
5.7
5.7
5.7
5.7
5.7
5.7
5.7
5.7
3.8
9.6
5.7
17.2
13.4
30.6
30.6
26.8
30.6
26.8
17.2
24.9
34.4
30.6
30.6
38.3
30.6
30.6
34.4
34.4
40.2
30.6
38.3
38.3
38.3
38.3
34.4
40.2
34.4
40.2
38.3
34.4
47.8
57.4
57.4
55.5
63.1
65
68.8
72.7
72.7
74.6
72.7
82.2
82.2
82.2
76.5
76.5
76.5
74.6
73.65
72.7
70.8
80.3
9.6
76.5
76.5
68.8
72.7
55.5
51.6
40.2
44
44
30.6
26.8
17.2
13.4
9.6
9.6
3.8
9.6
0
0
0
0
0
9.6
0
5.7
0
9.6
3.8
0
9.6
0
5.7
0
0
11.5
5.7
9.6
9.6
0
9.6
5.7
13.4
9.6
13.4
13.4
9.6
9.6
11.5
9.6
0
0
0
0
0
9.6
9.6
11.5
17.2
9.6
13.4
9.6
9.6
9.6
17.2
26.8
21
23
26.8
26.8
23
30.6
34.4
55.5
65
65
68.8
59.3
61.2
65
61.2
61.2
61.2
68.8
68.8
78.4
82.2
78.4
68.8
68.8
68.8
68.8
68.8
68.8
68.8
68.8
80.3
82.2
78.4
82.2
86.1
86.1
68.8
40.2
34.4
34.4
30.6
26.8
26.8
23
23
17.2
13.4
9.6
13.4
9.6
9.6
13.4
9.6
13.4
9.6
9.6
9.6
9.6
9.6
9.6
9.6
9.6
9.6
9.6
0
9.6
0
9.6
5.7
0
9.6
9.6
9.6
9.6
9.6
9.6
9.6
9.6
9.6
9.6
9.6
13.4
13.4
17.2
38.3
28.7
38.3
34.4
42.1
42.1
42.1
42.1
42.1
42.1
42.1
42.1
42.1
42.1
34.4
42.1
47.8
42.1
42.1
42.1
44
34.4
34.4
30.6
30.6
30.6
30.6
30.6
26.8
26.8
26.8
30.6
34.4
34.4
30.6
26.8
30.6
32.5
33.45
34.4
44
47.8
82.2
30.6
30.6
23
23
13.4
13.4
17.2
17.2
13.4
13.4
13.4
17.2
17.2
13.4
13.4
9.6
9.6
13.4
13.4
13.4
13.4
13.4
13.4
5.7
5.7
3.8
5.7
5.7
5.7
5.7
5.7
0
0
5.7
5.7
13.4
13.4
13.4
17.2
13.4
5.7
5.7
5.7
0
9.6
5.7
7.7
17.2
30.6
30.6
28.7
38.3
34.4
30.6
24.9
34.4
42.1
47.8
47.8
57.4
55.5
55.5
55.5
55.5
55.5
45.9
55.5
49.7
55.5
47.8
45.9
47.8
42.1
40.2
40.2
44
47.8
47.8
57.4
61.2
57.4
61.2
47.8
47.8
40.2
44
47.8
47.8
51.6
47.8
47.8
47.8
47.8
57.4
65
30.6
86.1
78.4
61.2
44
34.4
26.8
23
26.8
23
23
17.2
17.2
17.2
17.2
17.2
17.2
17.2
13.4
9.6
9.6
9.6
5.7
5.7
9.6
9.6
9.6
9.6
13.4
13.4
17.2
13.4
23
26.8
26.8
26.8
17.2
17.2
17.2
17.2
9.6
5.7
5.7
0
0
9.6
5.7
5.7
9.6
9.6
9.6
9.6
9.6
13.4
9.6
17.2
17.2
23
17.2
21
28.7
28.7
24.9
24.9
51.6
57.4
68.8
72.7
72.7
68.8
72.7
76.5
76.5
76.5
68.8
59.3
55.5
61.2
68.8
55.5
57.4
51.6
65
51.6
44
38.3
30.6
34.4
30.6
30.6
34.4
34.4
34.4
34.4
40.2
44
76.5
57.4
74.6
68.8
65
65
65
68.8
74.6
78.4
68.8
74.6
78.4
65
57.4
47.8
40.2
23
23
13.4
13.4
5.7
3.8
5.7
5.7
5.7
5.7
9.6
5.7
9.6
5.7
13.4
5.7
5.7
0
9.6
9.6
9.6
5.7
9.6
5.7
5.7
9.6
9.6
13.4
13.4
7.7
13.4
9.6
13.4
13.4
5.7
13.4
13.4
11.5
13.4
17.2
21
26.8
24.9
24.9
26.8
24.9
34.4
30.6
38.3
40.2
30.6
30.6
30.6
24.9
24.9
23
23
17.2
13.4
9.6
9.6
13.4
13.4
13.4
17.2
13.4
13.4
13.4
13.4
13.4
13.4
17.2
13.4
13.4
18.2
20.6
23
23
23
47.8
30.6
26.8
26.8
26.8
26.8
30.6
34.4
34.4
40.2
44
61.2
44
9.6
13.4
9.6
9.6
9.6
9.6
13.4
9.6
9.6
9.6
0
9.6
9.6
3.8
9.6
9.6
5.7
9.6
9.6
0
0
5.7
0
0
3.8
9.6
5.7
0
0
0
5.7
9.6
9.6
9.6
3.8
9.6
9.6
9.6
9.6
9.6
13.4
9.6
13.4
11.5
13.4
11.5
17.2
13.4
13.4
13.4
13.4
17.2
11.5
17.2
17.2
17.2
21
21
24.9
28.7
26.8
26.8
17.2
17.2
17.2
17.2
17.2
13.4
17.2
9.6
9.6
9.6
13.4
9.6
9.6
5.7
9.6
26.8
18.2
13.9
9.6
9.6
9.6
23
5.7
5.7
17.2
17.2
13.4
13.4
13.4
13.4
13.4
21
23
23
17.2
23
26.8
23
17.2
17.2
23
17.2
17.2
17.2
5.7
5.7
5.7
17.2
0
9.6
7.7
5.7
5.7
5.7
5.7
5.7
5.7
5.7
5.7
5.7
5.7
5.7
5.7
5.7
5.7
5.7
5.7
0
5.7
3.8
5.7
5.7
3.8
3.8
3.8
7.7
7.7
7.7
9.6
7.7
7.7
9.6
7.7
7.7
7.7
11.5
13.4
7.7
11.5
17.2
17.2
17.2
7.7
17.2
13.4
13.4
9.6
13.4
13.4
9.6
9.6
5.7
5.7
5.7
5.7
5.7
5.7
5.7
5.7
5.7
5.7
9.6
11.5
12.45
13.4
13.4
9.6
5.7
13.4
9.6
17.2
21
26.8
26.8
26.8
26.8
30.6
44
44
44
44
44
34.4
34.4
21
17.2
9.6
13.4
13.4
9.6
6.7
3.8
3.8
3.8
6.7
9.6
9.6
3.8
3.8
3.8
0
3.8
0
0
9.6
0
3.8
3.8
0
3.8
3.8
0
9.6
3.8
9.6
9.6
9.6
0
0
3.8
9.6
9.6
9.6
17.2
11.5
17.2
23
17.2
9.6
9.6
17.2
13.4
17.2
17.2
23
24.9
24.9
28.7
38.3
47.8
51.6
45.9
44
51.6
51.6
51.6
51.6
51.6
51.6
61.2
61.2
51.6
51.6
55.5
55.5
55.5
61.2
61.2
61.2
61.2
61.2
61.2
37.3
13.4
51.6
38.3
26.8
26.8
34.4
26.8
26.8
22
17.2
13.4
17.2
17.2
9.6
17.2
17.2
17.2
13.4
9.6
17.2
9.6
9.6
9.6
3.8
9.6
3.8
9.6
5.7
3.8
9.6
9.6
3.8
0
3.8
0
0
9.6
9.6
0
9.6
3.8
3.8
5.7
9.6
9.6
3.8
3.8
9.6
9.6
13.4
13.4
7.7
11.5
13.4
17.2
17.2
13.4
13.4
17.2
17.2
21
30.6
34.4
26.8
26.8
30.6
24.9
30.6
21
21
24.9
24.9
24.9
24.9
24.9
30.6
30.6
40.2
44
38.3
34.4
34.4
40.2
40.2
44
42.1
51.6
44
44
44
44
39.2
36.8
34.4
38.3
44
51.6
30.6
34.4
38.3
38.3
51.6
38.3
34.45
30.6
38.3
30.6
26.8
38.3
47.8
30.6
38.3
30.6
21
21
17.2
13.4
13.4
9.6
13.4
21
13.4
13.4
9.6
3.8
3.8
3.8
3.8
9.6
3.8
3.8
3.8
3.8
0
3.8
13.4
13.4
13.4
13.4
9.6
13.4
13.4
3.8
13.4
9.6
13.4
13.4
13.4
9.6
11.5
7.7
11.5
3.8
7.7
11.5
11.5
7.7
11.5
17.2
17.2
26.8
21
26.8
21
24.9
26.8
24.9
21
24.9
21
21
21
30.6
21
28.7
30.6
24.9
24.9
30.6
30.6
24.9
24.9
28.7
28.7
28.7
32.5
32.5
38.25
41.125
44
42.1
38.3
30.6
45.9
47.8
44
47.8
51.6
51.6
51.6
47.8
51.6
44
44
34.4
34.4
34.4
34.4
34.4
34.4
38.3
42.1
34.4
34.4
30.6
23
26.8
26.8
26.8
23
17.2
17.2
17.2
17.2
13.4
13.4
17.2
17.2
17.2
17.2
17.2
17.2
17.2
17.2
17.2
17.2
17.2
13.4
13.4
7.7
13.4
13.4
17.2
7.7
13.4
13.4
5.7
9.6
7.7
5.7
9.6
13.4
7.7
0
13.4
17.2
17.2
23
30.6
24.9
24.9
34.4
34.4
34.4
24.9
26.8
23
30.6
26.8
17.2
17.2
17.2
26.8
26.8
26.8
26.8
30.6
47.8
51.6
59.3
55.5
53.5
59.3
65.05
67.925
70.8
72.7
66.9
42.1
80.3
76.5
76.5
76.5
76.5
76.5
76.5
86.1
86.1
78.4
68.8
51.6
55.5
55.5
51.6
34.4
34.4
34.4
30.6
26.8
21
21
17.2
17.2
17.2
17.2
17.2
17.2
17.2
17.2
13.4
17.2
13.4
17.2
13.4
13.4
17.2
17.2
13.4
17.2
17.2
17.2
13.4
17.2
17.2
13.4
13.4
13.4
9.6
9.6
13.4
13.4
9.6
9.6
13.4
9.6
5.7
9.6
9.6
9.6
9.6
13.4
7.7
13.4
7.7
13.4
17.2
7.7
13.4
17.2
28.7
24.9
26.8
23
26.8
26.8
21
21
21
17.2
17.2
17.2
17.2
17.2
17.2
21
17.2
17.2
13.4
13.4
11.5
10.55
9.6
3.8
9.6
66.9
0
3.8
9.6
9.6
17.2
17.2
21
17.2
17.2
17.2
26.8
26.8
17.2
17.2
21
17.2
17.2
9.6
17.2
5.7
9.6
9.6
5.7
9.6
9.6
9.6
0
5.7
0
9.6
3.8
1.9
0.95
0.475
0.2375
0.11875
0.059375
0.0296875
0
5.7
9.6
9.6
9.6
3.8
5.7
9.6
5.7
0
3.8
9.6
5.7
0
9.6
5.7
5.7
0
5.7
9.6
5.7
7.7
7.7
7.7
7.7
7.7
17.2
17.2
13.4
17.2
17.2
11.5
17.2
11.5
11.5
11.5
13.4
13.4
9.6
9.6
9.6
9.6
0
0
0
0
3.8
3.8
3.8
9.6
9.6
9.6
9.6
9.6
9.6
9.6
17.2
0
21
26.8
21
30.6
30.6
34.4
38.3
51.6
47.8
44
38.3
30.6
30.6
21
21
17.2
21
13.4
9.6
3.8
13.4
13.4
21
9.6
9.6
3.8
9.6
13.4
13.4
3.8
3.8
3.8
3.8
3.8
3.8
3.8
3.8
3.8
3.8
3.8
0
3.8
0
3.8
3.8
3.8
3.8
3.8
3.8
3.8
3.8
3.8
3.8
3.8
3.8
0
3.8
3.8
3.8
3.8
0
3.8
3.8
3.8
3.8
3.8
3.8
3.8
3.8
3.8
0
3.8
3.8
3.8
3.8
3.8
3.8
0
0
3.8
0
1.9
3.8
0
3.8
3.8
0
0
0
3.8
3.8
3.8
3.8
3.8
3.8
