"x"
24.9
11.5
13.4
13.4
11.5
15.3
17.2
21
19.1
17.2
17.2
17.2
19.1
19.1
15.3
17.2
17.2
23
23
21
19.1
21
17.2
15.3
19.1
17.2
19.1
21
24.9
23
26.8
21
23
17.2
17.2
21
21
24.9
19.1
26.8
34.4
26.8
21
24.9
19.1
21
24.9
28.7
38.3
40.2
36.3
34.4
42.1
45.9
38.3
32.5
26.8
28.7
36.3
45.9
51.6
47.8
44
42.1
51.6
55.5
53.5
57.4
57.4
53.5
55.5
59.3
76.5
61.2
65
55.5
49.7
38.3
32.5
36.3
32.5
19.1
15.3
17.2
17.2
15.3
11.5
13.4
21
19.1
21
21
21
21
21
21
9.6
21
23
21
21
21
23
23
26.8
26.8
24.9
26.8
24.9
26.8
24.9
24.9
23
23
28.7
32.5
26.8
28.7
28.7
23
24.9
21
21
24.9
19.1
15.3
13.4
13.4
17.2
17.2
15.3
13.4
15.3
13.4
15.3
24.9
21
15.3
21
17.2
15.3
15.3
21
17.2
17.2
17.2
17.2
17.2
17.2
21
24.9
33.5
37.8
42.1
38.3
42.1
63.1
78.4
55.5
68.8
63.1
65
66.9
78.4
76.5
76.5
80.3
80.3
80.3
78.4
80.3
72.7
68.8
74.6
74.6
72.7
70.8
68.8
68.8
70.8
74.6
78.4
82.2
82.2
86.1
84.2
88
86.1
85.15
84.2
84.2
99.4
21
93.7
93.7
91.8
93.7
97.5
105.2
101.4
101.4
105.2
105.2
107.1
105.2
99.4
93.7
86.1
72.7
74.6
74.6
66.9
66.9
55.5
44
42.1
38.3
32.5
24.9
23
34.4
26.8
17.2
23
21
21
19.1
17.2
17.2
15.3
17.2
15.3
15.3
15.3
15.3
21
24.9
19.1
19.1
24.9
23
19.1
15.3
15.3
15.3
21
24.9
23
24.9
30.6
40.2
40.2
40.2
40.2
38.3
49.7
47.8
55.5
55.5
59.3
65
70.8
76.5
76.5
55.5
44
42.1
36.3
28.7
30.6
23
19.1
17.2
19.1
15.3
15.3
15.3
13.4
11.5
17.2
13.4
19.1
17.2
15.3
14.35
13.4
19.1
15.3
99.4
11.5
11.5
11.5
11.5
19.1
24.9
23
19.1
19.1
13.4
13.4
11.5
11.5
13.4
26.8
34.4
19.1
21
15.3
23
32.5
24.9
19.1
13.4
11.5
17.2
13.4
19.1
21
19.1
17.2
15.3
19.1
23
15.3
19.1
23
19.1
26.8
32.5
15.3
17.2
15.3
13.4
9.6
11.5
13.4
11.5
11.5
13.4
15.3
21
30.6
23
23
19.1
21
24.9
24.9
32.5
36.3
34.4
34.4
36.3
42.1
59.3
63.1
68.8
66.9
65
65
65
65
57.4
57.4
45.9
44
36.3
30.6
30.6
26.8
24.9
24.9
26.8
23
21
23
23
21
21
22
22.5
23
21
21
19.1
23
24.9
30.6
24.9
23
26.8
26.8
28.7
28.7
24.9
26.8
26.8
28.7
30.6
44
34.4
23
21
23
19.1
24.9
28.7
24.9
28.7
30.6
26.8
26.8
30.6
38.3
34.4
34.4
32.5
30.6
30.6
28.7
32.5
36.3
40.2
107.1
42.1
26.8
24.9
28.7
30.6
28.7
28.7
32.5
36.3
26.8
26.8
28.7
28.7
23
21
21
23
26.8
74.6
38.3
38.3
30.6
44
42.1
55.5
68.8
68.8
65
65
65
63.1
59.3
57.4
47.8
45.9
38.3
36.3
30.6
26.8
23
21
19.1
19.1
17.2
15.3
15.3
15.3
15.3
15.3
15.3
15.3
16.25
16.725
17.2
24.9
26.8
21
24.9
23
21
17.2
19.1
17.2
17.2
15.3
15.3
13.4
13.4
13.4
13.4
13.4
13.4
13.4
13.4
15.3
13.4
13.4
9.6
11.5
11.5
11.5
11.5
13.4
13.4
11.5
9.6
9.6
11.5
7.7
9.6
7.7
5.7
5.7
7.7
5.7
9.6
7.7
9.6
13.4
7.7
7.7
7.7
9.6
9.6
7.7
9.6
7.7
7.7
7.7
7.7
5.7
5.7
7.7
7.7
7.7
9.6
9.6
7.7
7.7
9.6
9.6
11.5
11.5
11.5
15.3
17.2
19.1
21
21
21
19.1
21
17.2
17.2
17.2
17.2
15.3
11.5
11.5
11.5
9.6
9.6
7.7
9.6
7.7
9.6
7.7
8.65
9.125
9.6
13.4
11.5
24.9
11.5
11.5
13.4
13.4
11.5
15.3
19.1
19.1
17.2
19.1
19.1
21
17.2
17.2
19.1
17.2
17.2
17.2
19.1
19.1
17.2
15.3
11.5
9.6
9.6
9.6
9.6
7.7
13.4
9.6
7.7
7.7
15.3
15.3
13.4
13.4
11.5
19.1
7.7
9.6
9.6
7.7
7.7
11.5
11.5
9.6
7.7
9.6
7.7
9.6
11.5
11.5
11.5
11.5
17.2
13.4
15.3
13.4
15.3
15.3
15.3
19.1
15.3
11.5
11.5
13.4
15.3
17.2
17.2
15.3
19.1
15.3
11.5
11.5
9.6
7.7
9.6
7.7
5.7
3.8
3.8
3.8
3.8
3.8
5.7
3.8
3.8
1.9
5.7
5.7
6.7
7.2
7.7
7.7
7.7
11.5
7.7
9.6
9.6
9.6
11.5
9.6
9.6
9.6
9.6
9.6
11.5
11.5
13.4
15.3
17.2
19.1
23
17.2
21
24.9
24.9
19.1
21
19.1
19.1
19.1
17.2
13.4
11.5
11.5
9.6
11.5
7.7
9.6
9.6
15.3
17.2
26.8
28.7
19.1
17.2
19.1
15.3
19.1
19.1
17.2
15.3
17.2
15.3
19.1
11.5
19.1
17.2
21
17.2
19.1
28.7
19.1
23
21
23
21
21
23
24.9
24.9
23
21
21
21
19.1
19.1
15.3
17.2
13.4
11.5
7.7
5.7
7.7
5.7
3.8
3.8
3.8
3.8
3.8
3.8
3.8
3.8
3.8
3.8
4.75
5.225
5.7
5.7
5.7
7.7
5.7
5.7
5.7
7.7
7.7
7.7
9.6
9.6
9.6
9.6
9.6
9.6
11.5
13.4
13.4
13.4
13.4
13.4
15.3
17.2
17.2
13.4
15.3
11.5
13.4
19.1
19.1
19.1
19.1
23
19.1
19.1
17.2
19.1
15.3
11.5
13.4
15.3
34.4
17.2
11.5
11.5
9.6
13.4
15.3
13.4
9.6
15.3
13.4
11.5
9.6
13.4
15.3
21
13.4
17.2
55.5
15.3
17.2
17.2
17.2
19.1
15.3
34.4
19.1
23
23
23
24.9
23
23
23
19.1
15.3
15.3
11.5
11.5
7.7
7.7
7.7
11.5
5.7
3.8
3.8
3.8
3.8
3.8
3.8
3.8
7.7
8.65
9.125
9.6
9.6
11.5
5.7
11.5
11.5
13.4
17.2
21
26.8
24.9
23
24.9
21
24.9
40.2
45.9
42.1
42.1
42.1
53.5
44
42.1
40.2
34.4
21
17.2
17.2
17.2
15.3
15.3
15.3
17.2
19.1
19.1
13.4
15.3
15.3
15.3
19.1
17.2
23
32.5
26.8
11.5
21
13.4
15.3
19.1
24.9
15.3
11.5
17.2
13.4
17.2
23
30.6
28.7
23
24.9
28.7
23
23
36.3
38.3
44
45.9
59.3
45.9
49.7
55.5
59.3
61.2
63.1
51.6
53.5
51.6
45.9
44
32.5
30.6
26.8
21
15.3
17.2
15.3
17.2
15.3
13.4
11.5
11.5
11.5
11.5
11.5
11.5
11.5
11.5
13.4
15.3
9.6
19.1
19.1
21
21
21
26.8
23
24.9
23
21
26.8
21
19.1
26.8
32.5
28.7
28.7
23
19.1
21
21
23
23
23
30.6
28.7
28.7
26.8
34.4
26.8
24.9
28.7
19.1
15.3
13.4
13.4
13.4
11.5
17.2
13.4
9.6
15.3
11.5
13.4
11.5
11.5
11.5
11.5
11.5
11.5
11.5
11.5
17.2
15.3
17.2
13.4
11.5
11.5
13.4
15.3
15.3
13.4
15.3
19.1
19.1
17.2
21
24.9
30.6
28.7
26.8
24.9
17.2
19.1
13.4
11.5
9.6
5.7
5.7
5.7
5.7
3.8
3.8
3.8
3.8
3.8
1.9
1.9
1.9
3.8
3.8
3.8
3.8
3.8
3.8
15.3
3.8
3.8
3.8
5.7
7.7
9.6
9.6
9.6
9.6
9.6
9.6
9.6
9.6
9.6
17.2
21
9.6
9.6
9.6
9.6
11.5
11.5
13.4
13.4
11.5
11.5
11.5
9.6
11.5
11.5
11.5
13.4
13.4
15.3
17.2
17.2
19.1
23
24.9
30.6
17.2
19.1
17.2
15.3
17.2
17.2
15.3
15.3
17.2
17.2
19.1
21
24.9
21
17.2
19.1
17.2
26.8
15.3
23
19.1
19.1
19.1
21
23
21
28.7
21
23
19.1
17.2
17.2
15.3
13.4
13.4
13.4
11.5
9.6
5.7
5.7
5.7
5.7
3.8
1.9
1.9
1.9
1.9
1.9
3.8
1.9
2.85
3.325
3.8
3.8
5.7
3.8
5.7
7.7
7.7
7.7
7.7
7.7
9.6
15.3
13.4
11.5
11.5
11.5
13.4
11.5
13.4
11.5
15.3
15.3
19.1
21
19.1
23
30.6
23
23
24.9
21
17.2
17.2
13.4
13.4
13.4
13.4
13.4
13.4
13.4
15.3
13.4
11.5
11.5
13.4
13.4
13.4
15.3
13.4
13.4
15.3
13.4
11.5
9.6
11.5
13.4
11.5
11.5
15.3
11.5
13.4
13.4
11.5
11.5
13.4
11.5
9.6
11.5
11.5
7.7
9.6
11.5
9.6
9.6
7.7
7.7
7.7
5.7
3.8
3.8
3.8
7.7
3.8
1.9
3.8
1.9
1.9
3.8
3.8
15.3
11.5
5.7
5.7
5.7
5.7
5.7
5.7
5.7
5.7
3.8
5.7
5.7
7.7
7.7
7.7
7.7
5.7
7.7
7.7
11.5
11.5
13.4
15.3
17.2
15.3
17.2
17.2
19.1
21
17.2
19.1
23
24.9
19.1
19.1
19.1
23
19.1
21
21
19.1
17.2
15.3
17.2
11.5
13.4
15.3
13.4
11.5
13.4
13.4
15.3
17.2
15.3
15.3
9.6
9.6
9.6
9.6
11.5
15.3
13.4
9.6
9.6
11.5
15.3
13.4
13.4
11.5
13.4
13.4
13.4
15.3
17.2
21
23
19.1
23
23
15.3
13.4
11.5
13.4
13.4
13.4
9.6
7.7
9.6
7.7
5.7
5.7
5.7
5.7
5.7
7.7
5.7
7.7
5.7
7.7
7.7
9.6
10.55
11.5
11.5
15.3
5.7
11.5
17.2
24.9
13.4
11.5
13.4
19.1
28.7
30.6
30.6
34.4
26.8
34.4
53.5
57.4
57.4
53.5
51.6
47.8
47.8
42.1
38.3
32.5
30.6
34.4
38.3
28.7
24.9
24.9
26.8
28.7
30.6
30.6
26.8
57.4
112.8
28.7
26.8
26.8
34.4
44
41.15
39.725
39.0125
38.65625
38.3
30.6
26.8
30.6
36.3
42.1
53.5
53.5
61.2
51.6
53.5
59.3
57.4
53.5
49.7
47.8
49.7
47.8
45.9
44
44
42.1
42.1
44
44
34.4
32.5
40.2
40.2
44
45.9
45.9
44
44
45.9
44
45.9
51.6
44
30.6
21
21
23
23
24.9
24.9
24.9
24.9
21
21
9.6
21
19.1
19.1
19.1
23
24.9
59.3
70.8
78.4
72.7
70.8
76.5
78.4
86.1
88
88
88
88
91.8
89.9
93.7
93.7
95.6
88
86.1
78.4
86.1
82.2
82.2
74.6
65
66.9
57.4
42.1
30.6
28.7
30.6
49.7
51.6
47.8
53.5
44
47.8
45.9
47.8
55.5
55.5
51.6
53.5
49.7
49.7
47.8
34.4
34.4
36.3
38.3
38.3
40.2
40.2
45.9
42.1
70.8
59.3
57.4
65
74.6
76.5
84.2
82.2
80.3
93.7
82.2
70.8
63.1
65
72.7
66.9
63.1
63.1
61.2
61.2
66.9
61.2
55.5
59.3
59.3
61.2
63.1
61.2
66.9
59.25
55.425
51.6
53.5
55.5
19.1
70.8
63.1
51.6
51.6
51.6
45.9
51.6
49.7
40.2
47.8
40.2
32.5
34.4
38.3
42.1
32.5
28.7
24.9
30.6
26.8
32.5
47.8
36.3
28.7
28.7
21
21
17.2
13.4
24.9
13.4
15.3
11.5
9.6
15.3
13.4
11.5
9.6
7.7
9.6
9.6
11.5
11.5
11.5
9.6
9.6
9.6
9.6
13.4
15.3
15.3
7.7
9.6
13.4
15.3
21
21
21
21
23
30.6
34.4
44
42.1
49.7
59.3
57.4
57.4
57.4
55.5
57.4
49.7
28.7
38.3
26.8
21
17.2
19.1
17.2
34.4
40.2
24.9
9.6
13.4
11.5
13.4
17.2
11.5
11.5
15.3
16.25
16.725
17.2
21
15.3
53.5
51.6
45.9
44
38.3
36.3
30.6
24.9
28.7
26.8
28.7
24.9
26.8
26.8
24.9
24.9
28.7
30.6
30.6
28.7
28.7
26.8
24.9
30.6
32.5
30.6
36.3
32.5
32.5
38.3
47.8
36.3
36.3
40.2
40.2
34.4
28.7
32.5
38.3
34.4
38.3
38.3
47.8
47.8
44
42.1
47.8
45.9
40.2
74.6
63.1
57.35
54.475
51.6
53.5
51.6
57.4
53.5
55.5
51.6
49.7
49.7
61.2
61.2
65
65
68.8
74.6
76.5
70.8
66.9
68.8
65
65
66.9
66.9
68.8
65
65
65
66.9
66.9
66.9
66.9
72.7
72.7
72.7
74.6
68.8
68.8
78.4
80.3
81.25
82.2
84.2
88
51.6
86.1
93.7
99.4
99.4
97.5
103.3
99.4
105.2
110.9
103.3
110.9
118.6
97.5
97.5
105.2
93.7
91.8
95.6
84.2
86.1
84.2
72.7
80.3
74.6
68.8
70.8
66.9
53.5
59.3
63.1
51.6
53.5
51.6
61.2
97.5
97.5
49.7
47.8
44
40.2
38.3
32.5
24.9
24.9
26.8
24.9
23
21
26.8
38.3
30.6
28.7
32.5
40.2
38.3
40.2
42.1
45.9
45.9
47.8
47.8
55.5
55.5
57.4
57.4
57.4
53.5
51.6
45.9
38.3
28.7
26.8
23
26.8
26.8
26.8
28.7
21
19.1
34.4
44
40.2
38.3
40.2
45.9
53.5
65
68.8
74.6
72.7
77.45
79.825
82.2
84.2
84.2
86.1
86.1
88
88
91.8
82.2
66.9
49.7
44
47.8
47.8
42.1
34.4
23
32.5
40.2
36.3
36.3
32.5
36.3
42.1
44
40.2
42.1
44
40.2
30.6
28.7
23
23
15.3
17.2
15.3
15.3
15.3
15.3
11.5
11.5
9.6
13.4
13.4
13.4
11.5
13.4
13.4
11.5
11.5
11.5
13.4
13.4
13.4
21
17.2
15.3
17.2
17.2
19.1
23
26.8
32.5
34.4
34.4
42.1
55.5
57.4
57.4
59.3
59.3
53.5
53.5
49.7
44
40.2
40.2
42.1
40.2
36.3
30.6
30.6
32.5
34.4
36.3
38.3
42.1
45.9
51.6
57.4
61.2
68.8
80.3
88
92.75
95.125
97.5
99.4
103.3
86.1
109
107.1
95.6
89.9
84.2
74.6
65
68.8
78.4
86.1
91.8
91.8
95.6
103.3
105.2
103.3
97.5
99.4
93.7
93.7
76.5
74.6
70.8
59.3
45.9
34.4
30.6
24.9
24.9
28.7
26.8
24.9
24.9
26.8
24.9
28.7
23
21
24.9
24.9
24.9
26.8
26.8
23
19.1
23
21
26.8
26.8
32.5
47.8
47.8
53.5
63.1
65
61.2
53.5
55.5
59.3
61.2
66.9
82.2
93.7
97.5
93.7
91.8
93.7
91.8
91.8
95.6
91.8
88
89.9
88
86.1
84.2
88
88
88
89.9
88
89.9
89.9
93.7
95.6
97.5
97.5
99.4
103.3
107.1
110.95
112.875
114.8
120.5
124.3
109
126.2
122.4
133.89999
128.10001
132
147.3
147.3
114.8
116.7
128.10001
132
141.5
139.60001
139.60001
133.89999
128.10001
132
130.10001
139.60001
101.4
105.2
99.4
95.6
82.2
72.7
84.2
65
55.5
63.1
65
45.9
45.9
45.9
38.3
38.3
30.6
28.7
24.9
78.45
105.225
118.6125
125.30625
128.653125
130.3265625
131.16328125
131.581640625
131.7908203125
131.89541015625
131.947705078125
131.973852539063
131.986926269531
131.993463134766
131.996731567383
131.998365783691
131.999182891846
131.999591445923
131.999795722961
131.999897861481
131.99994893074
131.99997446537
131.999987232685
131.999993616343
131.999996808171
131.999998404086
131.999999202043
131.999999601021
131.999999800511
131.999999900255
131.999999950128
131.999999975064
131.999999987532
131.999999993766
131.999999996883
131.999999998441
131.999999999221
131.99999999961
131.999999999805
131.999999999903
131.999999999951
131.999999999976
131.999999999988
131.999999999994
131.999999999997
131.999999999998
131.999999999999
132
132
132
132
132
132
132
132
132
132
132
107.1
94.65
88.425
85.3125
83.75625
82.978125
82.5890625
82.39453125
82.297265625
82.2486328125
82.22431640625
82.212158203125
82.2060791015625
82.2030395507813
82.2015197753906
82.2007598876953
82.2003799438477
82.2001899719238
82.2000949859619
82.200047492981
82.2000237464905
82.2000118732452
82.2000059366226
82.2000029683113
82.2000014841556
82.2000007420778
82.2000003710389
82.2000001855195
82.2000000927597
82.2000000463799
82.2000000231899
82.200000011595
82.2000000057975
82.2000000028987
82.2000000014494
82.2000000007247
82.2000000003623
82.2000000001812
82.2000000000906
82.2000000000453
82.2000000000226
82.2000000000113
82.2000000000057
82.2000000000028
82.2000000000014
82.2000000000007
82.2000000000004
82.2000000000002
82.2000000000001
82.2
82.2
82.2
82.2
82.2
82.2
82.2
82.2
82.2
82.2
82.2
88
65
74.6
70.8
70.8
76.5
76.5
76.5
72.7
66.9
66.9
55.5
55.5
55.5
44
44
45.9
44
45.9
42.1
45.9
47.8
47.8
49.7
57.4
61.2
70.8
76.5
82.2
88
90.85
92.275
93.7
95.6
97.5
98.45
99.4
99.4
101.4
101.4
103.3
103.3
103.3
101.4
99.4
103.3
101.4
101.4
105.2
105.2
105.2
91.8
76.5
84.2
80.3
70.8
55.5
66.9
61.2
65
68.8
53.5
53.5
53.5
42.1
45.9
44
44
44
34.4
55.5
36.3
28.7
26.8
24.9
28.7
38.3
34.4
24.9
23
23
23
21
28.7
72.7
28.7
32.5
30.6
42.1
40.2
38.3
57.4
47.8
53.5
55.5
57.4
59.3
65
70.8
72.7
76.5
70.8
70.8
76.5
66.9
68.8
59.3
53.5
55.5
49.7
38.3
34.4
30.6
32.5
32.5
34.4
36.3
42.1
40.2
32.5
34.4
38.3
44
34.4
34.4
40.2
39.25
38.775
38.3
34.4
38.3
97.5
42.1
36.3
38.3
38.3
40.2
45.9
47.8
49.7
49.7
55.5
55.5
55.5
51.6
49.7
44
40.2
42.1
45.9
47.8
57.4
59.3
63.1
55.5
44
38.3
45.9
44
36.3
47.8
26.8
21
34.4
40.2
40.2
57.4
44
30.6
28.7
30.6
26.8
30.6
24.9
26.8
28.7
23
24.9
23
24.9
24.9
28.7
28.7
26.8
24.9
26.8
28.7
30.6
32.5
32.5
34.4
40.2
44
44
42.1
38.3
45.9
49.7
49.7
44
36.3
30.6
32.5
28.7
28.7
28.7
26.8
23
19.1
15.3
15.3
15.3
11.5
9.6
9.6
17.2
17.2
17.2
17.2
17.2
17.2
15.3
18.15
19.575
21
23
23
42.1
32.5
32.5
44
44
44
44
49.7
55.5
57.4
59.3
63.1
59.3
61.2
70.8
74.6
74.6
76.5
68.8
63.1
68.8
63.1
61.2
63.1
61.2
51.6
51.6
53.5
47.8
45.9
57.4
49.7
51.6
44
42.1
76.5
65
40.2
45.9
42.1
38.3
38.3
49.7
45.9
44
44
40.2
44
55.5
65
45.9
42.1
40.2
44
45.9
57.4
44
45.9
51.6
53.5
57.4
61.2
59.3
63.1
53.5
53.5
53.5
49.7
55.5
59.3
53.5
53.5
47.8
53.5
49.7
40.2
40.2
36.3
28.7
24.9
21
19.1
17.2
17.2
15.3
15.3
17.2
15.3
19.1
26.8
26.8
27.75
28.225
28.7
28.7
21
26.8
19.1
15.3
13.4
15.3
15.3
17.2
21
19.1
15.3
15.3
15.3
19.1
17.2
26.8
17.2
15.3
15.3
13.4
17.2
17.2
13.4
11.5
9.6
11.5
11.5
11.5
11.5
13.4
9.6
11.5
9.6
9.6
9.6
7.7
7.7
9.6
9.6
7.7
7.7
5.7
5.7
7.7
5.7
9.6
7.7
7.7
11.5
11.5
9.6
9.6
7.7
9.6
11.5
9.6
13.4
15.3
15.3
11.5
15.3
7.7
9.6
7.7
9.6
5.7
5.7
7.7
5.7
5.7
3.8
3.8
3.8
3.8
5.7
5.7
3.8
1.9
3.8
1.9
3.8
5.7
3.8
3.8
3.8
1.9
3.8
3.8
3.8
5.7
7.7
13.4
11.5
10.55
9.6
11.5
5.7
21
5.7
3.8
7.7
11.5
7.7
5.7
5.7
9.6
13.4
13.4
11.5
15.3
21
21
23
19.1
15.3
17.2
15.3
13.4
17.2
17.2
19.1
17.2
11.5
11.5
11.5
11.5
11.5
9.6
9.6
7.7
9.6
9.6
7.7
9.6
9.6
11.5
9.6
7.7
7.7
9.6
9.6
9.6
7.7
7.7
7.7
7.7
9.6
7.7
11.5
9.6
11.5
13.4
11.5
11.5
13.4
13.4
13.4
15.3
19.1
19.1
23
24.9
21
21
23
23
19.1
15.3
13.4
11.5
11.5
11.5
11.5
11.5
11.5
11.5
11.5
13.4
13.4
13.4
13.4
11.5
13.4
11.5
13.4
13.4
15.3
17.2
19.1
20.05
21
24.9
23
3.8
19.1
21
21
26.8
26.8
23
24.9
28.7
28.7
26.8
24.9
23
23
21
24.9
24.9
24.9
23
26.8
28.7
32.5
40.2
42.1
44
42.1
44
55.5
49.7
49.7
47.8
44
45.9
49.7
49.7
45.9
45.9
47.8
45.9
42.1
38.3
36.3
42.1
40.2
40.2
30.6
23
24.9
26.8
32.5
38.3
23
21
21
30.6
30.6
36.3
42.1
44
47.8
44
38.3
40.2
30.6
32.5
36.3
42.1
55.5
57.4
42.1
38.3
38.3
38.3
34.4
47.8
44
40.2
34.4
34.4
30.6
28.7
30.6
26.8
26.8
32.5
32.5
32.5
28.7
32.5
32.5
28.7
31.55
32.975
34.4
32.5
34.4
19.1
36.3
38.3
42.1
44
51.6
55.5
53.5
53.5
55.5
45.9
44
42.1
40.2
45.9
45.9
42.1
42.1
34.4
42.1
61.2
63.1
51.6
61.2
70.8
72.7
74.6
74.6
68.8
63.1
55.5
51.6
61.2
70.8
72.7
93.7
80.3
78.4
61.2
63.1
63.1
59.3
59.3
53.5
51.6
51.6
51.6
55.5
55.5
53.5
65
70.8
74.6
74.6
72.7
72.7
72.7
76.5
80.3
74.6
66.9
57.4
45.9
45.9
45.9
45.9
44
45.9
36.3
26.8
24.9
23
17.2
17.2
11.5
7.7
9.6
19.1
19.1
13.4
17.2
9.6
11.5
5.7
5.7
9.6
7.7
7.7
7.7
5.7
7.7
7.7
7.7
7.7
5.7
7.7
34.4
9.6
13.4
15.3
13.4
13.4
11.5
13.4
13.4
13.4
13.4
17.2
24.9
21
23
24.9
34.4
24.9
26.8
26.8
26.8
30.6
30.6
24.9
28.7
34.4
28.7
28.7
26.8
28.7
32.5
26.8
30.6
34.4
32.5
26.8
28.7
23
23
24.9
28.7
23
23
23
30.6
24.9
24.9
26.8
26.8
23
24.9
26.8
26.8
28.7
26.8
30.6
30.6
28.7
32.5
30.6
28.7
28.7
40.2
28.7
26.8
30.6
26.8
28.7
26.8
24.9
21
21
17.2
17.2
13.4
11.5
17.2
11.5
9.6
7.7
7.7
7.7
7.7
11.5
7.7
11.5
7.7
7.7
9.6
13.4
7.7
10.55
11.975
13.4
11.5
9.6
7.7
7.7
7.7
11.5
7.7
7.7
13.4
17.2
17.2
15.3
13.4
13.4
11.5
11.5
13.4
17.2
17.2
15.3
15.3
15.3
15.3
15.3
13.4
19.1
24.9
23
19.1
24.9
26.8
23
26.8
24.9
23
23
23
26.8
23
19.1
17.2
19.1
21
23
19.1
17.2
13.4
15.3
13.4
11.5
15.3
15.3
21
15.3
13.4
17.2
24.9
19.1
21
30.6
30.6
19.1
23
26.8
30.6
40.2
51.6
44
42.1
42.1
26.8
32.5
23
19.1
13.4
7.7
5.7
9.6
5.7
7.7
5.7
7.7
11.5
9.6
5.7
3.8
5.7
5.7
5.7
7.7
5.7
5.7
5.7
6.7
7.2
7.7
5.7
7.7
7.7
7.7
9.6
9.6
9.6
11.5
13.4
17.2
23
26.8
21
21
17.2
19.1
21
21
19.1
28.7
21
30.6
21
28.7
21
23
17.2
21
15.3
23
32.5
26.8
19.1
13.4
13.4
15.3
17.2
30.6
19.1
21
13.4
13.4
16.25
17.675
18.3875
18.74375
18.921875
19.0109375
19.05546875
19.077734375
19.0888671875
19.09443359375
19.097216796875
19.0986083984375
19.0993041992188
19.0996520996094
19.0998260498047
19.0999130249023
19.0999565124512
19.1
21
19.1
19.1
21
23
24.9
19.1
19.1
24.9
21
17.2
17.2
19.1
15.3
11.5
11.5
11.5
7.7
7.7
7.7
11.5
11.5
11.5
11.5
11.5
13.4
15.3
13.4
15.3
11.5
9.6
9.6
11.5
11.5
11.5
11.5
11.5
11.5
7.7
13.4
15.3
15.3
24.9
24.9
24.9
21
21
21
24.9
28.7
28.7
30.6
28.7
28.7
30.6
30.6
32.5
32.5
34.4
32.5
30.6
32.5
34.4
40.2
47.8
47.8
44
49.7
53.5
38.3
36.3
42.1
38.3
28.7
32.5
30.6
26.8
32.5
30.6
24.9
24.9
24.9
23
26.8
32.5
34.4
30.6
23
24.9
26.8
28.7
30.6
38.3
38.3
38.3
38.3
36.3
36.3
32.5
26.8
26.8
28.7
30.6
30.6
40.2
47.8
42.1
36.3
45.9
45.9
53.5
59.3
53.5
36.3
23
40.2
51.6
51.6
44
38.3
42.1
49.7
57.4
59.3
51.6
28.7
24.9
32.5
40.2
53.55
60.225
66.9
66.9
63.1
36.3
78.4
76.5
78.4
84.2
89.9
88
86.1
82.2
82.2
80.3
78.4
78.4
78.4
78.4
76.5
76.5
72.7
76.5
74.6
70.8
72.7
72.7
68.8
70.8
72.7
72.7
68.8
63.1
59.3
57.4
49.7
45.9
53.5
51.6
47.8
49.7
51.6
47.8
42.1
40.2
45.9
45.9
49.7
55.5
45.9
51.6
51.6
51.6
47.8
45.9
47.8
49.7
47.8
47.8
49.7
53.5
59.3
61.2
65
68.8
78.4
82.2
84.2
86.1
84.2
82.2
80.3
78.4
78.4
74.6
74.6
72.7
74.6
76.5
76.5
76.5
80.3
84.2
84.2
86.1
89.9
89.9
89.9
95.6
97.5
97.5
99.4
97.5
101.4
99.4
96.55
95.125
93.7
93.7
93.7
76.5
93.7
93.7
91.8
89.9
89.9
86.1
88
97.5
91.8
89.9
82.2
72.7
74.6
70.8
70.8
74.6
74.6
70.8
72.7
72.7
74.6
70.8
65
53.5
47.8
47.8
40.2
40.2
40.2
40.2
44
40.2
36.3
40.2
45.9
45.9
47.8
44
38.3
36.3
32.5
32.5
34.4
40.2
45.9
47.8
63.1
61.2
63.1
57.4
59.3
53.5
53.5
57.4
59.3
61.2
57.4
59.3
61.2
61.2
61.2
61.2
61.2
61.2
59.3
57.4
57.4
59.3
59.3
59.3
59.3
57.4
55.5
59.3
59.3
55.5
55.5
55.5
53.5
53.5
55.5
59.3
59.3
59.3
59.3
57.4
59.3
59.3
61.2
61.2
62.15
62.625
63.1
63.1
63.1
95.6
63.1
65
68.8
65
66.9
68.8
68.8
65
68.8
68.8
68.8
68.8
72.7
70.8
70.8
70.8
70.8
70.8
70.8
70.8
68.8
66.9
66.9
68.8
70.8
72.7
70.8
70.8
70.8
70.8
63.1
63.1
65
65
93.7
63.1
68.8
72.7
72.7
66.9
65
65
66.9
72.7
76.5
76.5
70.8
76.5
76.5
89.9
88
86.1
86.1
88
78.4
78.4
82.2
82.2
82.2
82.2
78.4
82.2
80.3
80.3
76.5
68.8
68.8
68.8
66.9
70.8
66.9
66.9
68.8
66.9
66.9
66.9
65
66.9
65
65
65
65
65
61.2
63.1
63.1
65
65
65
66.9
65.95
65.475
65
63.1
65
63.1
61.2
63.1
63.1
61.2
61.2
63.1
68.8
70.8
74.6
68.8
68.8
68.8
65
74.6
80.3
86.1
86.1
84.2
82.2
82.2
82.2
78.4
78.4
84.2
82.2
82.2
82.2
84.2
80.3
84.2
84.2
84.2
84.2
82.2
97.5
82.2
76.5
74.6
74.6
74.6
72.7
74.6
78.4
74.6
74.6
70.8
72.7
70.8
70.8
74.6
82.2
65
63.1
51.6
53.5
53.5
53.5
55.5
63.1
66.9
63.1
63.1
63.1
63.1
68.8
74.6
70.8
76.5
72.7
68.8
66.9
66.9
65
65
68.8
70.8
68.8
68.8
68.8
66.9
68.8
68.8
66.9
66.9
66.9
65
66.9
65
65
66.9
67.85
68.325
68.8
66.9
70.8
63.1
70.8
78.4
80.3
82.2
82.2
84.2
82.2
82.2
82.2
86.1
82.2
86.1
84.2
86.1
88
88
86.1
89.9
89.9
93.7
95.6
95.6
97.5
95.6
93.7
97.5
97.5
95.6
97.5
95.6
101.4
103.3
105.2
105.2
101.4
105.2
99.4
95.6
95.6
93.7
91.8
103.3
95.6
88
82.2
72.7
76.5
82.2
89.9
91.8
97.5
105.2
107.1
103.3
101.4
91.8
91.8
82.2
82.2
76.5
78.4
74.6
76.5
80.3
80.3
80.3
80.3
78.4
74.6
66.9
66.9
66.9
68.8
70.8
70.8
70.8
66.9
66.9
66.9
70.8
68.8
65
65
66.9
65
63.1
63.1
65
68.8
66.9
66.9
66.9
66.9
65
66.9
72.7
68.8
70.8
76.5
76.5
72.7
70.8
72.7
68.8
72.7
68.8
68.8
63.1
66.9
74.6
55.5
55.5
55.5
51.6
49.7
49.7
53.5
63.1
55.5
45.9
44
51.6
57.4
45.9
45.9
44
42.1
45.9
34.4
34.4
40.2
32.5
42.1
45.9
44
44
34.4
34.4
30.6
32.5
36.3
28.7
44
28.7
44
38.3
38.3
38.3
42.1
45.9
36.3
34.4
38.3
30.6
32.5
24.9
30.6
32.5
23
34.4
30.6
44
42.1
38.3
36.3
34.4
28.7
24.9
23
26.8
21
15.3
11.5
11.5
11.5
7.7
15.3
15.3
15.3
9.6
11.5
9.6
13.4
11.5
13.4
13.4
16.25
17.675
19.1
23
17.2
65
15.3
13.4
9.6
9.6
9.6
15.3
15.3
19.1
21
19.1
15.3
19.1
17.2
19.1
26.8
26.8
32.5
36.3
32.5
28.7
30.6
36.3
30.6
30.6
30.6
45.9
53.5
51.6
47.8
45.9
44
28.7
32.5
32.5
34.4
28.7
34.4
30.6
28.7
32.5
49.7
24.9
17.2
19.1
17.2
19.1
19.1
21
28.7
26.8
30.6
28.7
30.6
38.3
40.2
44
47.8
47.8
45.9
42.1
44
44
47.8
40.2
42.1
44
34.4
30.6
28.7
28.7
26.8
21
23
32.5
15.3
17.2
13.4
19.1
11.5
9.6
9.6
9.6
11.5
13.4
7.7
9.6
7.7
9.6
15.3
13.4
13.4
13.4
13.4
13.4
13.4
13.4
15.3
15.3
13.4
13.4
13.4
15.3
15.3
17.2
17.2
17.2
19.1
24.9
21
15.3
21
17.2
17.2
15.3
15.3
13.4
13.4
15.3
15.3
13.4
15.3
34.4
36.3
34.4
34.4
34.4
23
19.1
13.4
13.4
11.5
13.4
17.2
19.1
15.3
13.4
9.6
9.6
13.4
11.5
11.5
13.4
13.4
13.4
13.4
15.3
15.3
17.2
17.2
17.2
23
19.1
24.9
26.8
30.6
28.7
30.6
34.4
24.9
32.5
23
36.3
24.9
44
28.7
23
19.1
21
23
24.9
13.4
13.4
15.3
13.4
13.4
13.4
13.4
15.3
19.1
15.3
17.2
17.2
21
19.1
21
32.5
36.35
38.275
40.2
42.1
45.9
13.4
42.1
44
47.8
42.1
42.1
34.4
36.3
38.3
34.4
23
21
24.9
26.8
34.4
32.5
34.4
36.3
36.3
36.3
51.6
55.5
47.8
44
44
51.6
51.6
47.8
44
40.2
49.7
45.9
47.8
26.8
24.9
23
23
28.7
24.9
30.6
28.7
26.8
28.7
26.8
28.7
28.7
23
26.8
30.6
32.5
38.3
32.5
30.6
30.6
32.5
28.7
32.5
32.5
38.3
34.4
32.5
34.4
38.3
55.5
55.5
49.7
42.1
34.4
26.8
34.4
34.4
23
17.2
19.1
17.2
17.2
17.2
17.2
21
19.1
21
24.9
26.8
24.9
23
26.8
24.9
26.8
38.3
42.1
49.7
47.8
46.85
45.9
53.5
51.6
38.3
47.8
40.2
28.7
34.4
28.7
30.6
30.6
30.6
36.3
34.4
34.4
34.4
32.5
24.9
24.9
30.6
30.6
38.3
51.6
44
34.4
42.1
40.2
38.3
32.5
36.3
30.6
38.3
36.3
38.3
34.4
34.4
30.6
32.5
32.5
24.9
28.7
32.5
28.7
21
45.9
32.5
24.9
26.8
32.5
30.6
30.6
30.6
32.5
38.3
47.8
44
47.8
47.8
51.6
49.7
51.6
44
44
45.9
47.8
44
45.9
49.7
63.1
57.4
40.2
36.3
26.8
38.3
32.5
28.7
23
24.9
19.1
15.3
13.4
11.5
7.7
5.7
7.7
3.8
5.7
7.7
7.7
7.7
7.7
7.7
9.6
7.7
8.65
9.125
9.6
7.7
7.7
44
11.5
13.4
11.5
13.4
11.5
15.3
13.4
13.4
13.4
19.1
13.4
23
23
23
19.1
19.1
21
19.1
21
21
21
23
17.2
17.2
21
19.1
19.1
21
23
28.7
24.9
26.8
23
21
15.3
21.05
23.925
25.3625
26.08125
26.440625
26.8
21
24.9
19.1
19.1
23
21
19.1
19.1
23
26.8
32.5
32.5
38.3
40.2
49.7
55.5
61.2
59.3
59.3
68.8
55.5
57.4
57.4
47.8
53.5
51.6
44
45.9
42.1
36.3
24.9
21
19.1
21
17.2
21
23
26.8
17.2
15.3
15.3
15.3
15.3
19.1
15.3
13.4
15.3
15.3
16.25
16.725
16.9625
17.2
19.1
21
11.5
24.9
30.6
32.5
28.7
36.3
38.3
36.3
36.3
42.1
42.1
34.4
36.3
36.3
36.3
40.2
42.1
42.1
38.3
42.1
47.8
51.6
61.2
68.8
78.4
63.1
47.8
42.1
44
42.1
40.2
42.1
51.6
49.7
49.7
36.35
29.675
26.3375
24.66875
23.834375
23.4171875
23.20859375
23.104296875
23.0521484375
23.02607421875
23.013037109375
23.0065185546875
23.0032592773438
23.0016296386719
23.0008148193359
23.000407409668
23.000203704834
23.000101852417
23.0000509262085
23.0000254631042
23.0000127315521
23.0000063657761
23.000003182888
23.000001591444
23.000000795722
23.000000397861
23.0000001989305
23.0000000994653
23.0000000497326
23.0000000248663
23.0000000124332
23.0000000062166
23.0000000031083
23.0000000015541
23.0000000007771
23.0000000003885
23.0000000001943
23.0000000000971
23.0000000000486
23.0000000000243
23.0000000000121
23.0000000000061
23.000000000003
23.0000000000015
23.0000000000008
23.0000000000004
23.0000000000002
23.0000000000001
23
23
23
23
23
23
23
23
23
23
23
23
23
23
29.65
32.975
34.6375
35.46875
35.884375
36.0921875
36.19609375
36.248046875
36.2740234375
36.28701171875
36.293505859375
36.2967529296875
36.2983764648437
36.2991882324219
36.2995941162109
36.2997970581055
36.2998985290527
36.2999492645264
36.2999746322632
36.2999873161316
36.2999936580658
36.2999968290329
36.2999984145164
36.2999992072582
36.2999996036291
36.2999998018146
36.2999999009073
36.2999999504536
36.2999999752268
36.2999999876134
36.2999999938067
36.2999999969034
36.2999999984517
36.2999999992258
36.2999999996129
36.2999999998065
36.2999999999032
36.2999999999516
36.2999999999758
36.2999999999879
36.299999999994
36.299999999997
36.2999999999985
36.2999999999992
36.2999999999996
36.2999999999998
36.2999999999999
36.3
36.3
36.3
36.3
36.3
36.3
36.3
36.3
36.3
36.3
36.3
36.3
36.3
36.3
36.3
36.3
36.3
36.3
36.3
36.3
36.3
36.3
36.3
36.3
36.3
36.3
36.3
36.3
36.3
36.3
36.3
36.3
36.3
36.3
36.3
36.3
36.3
36.3
36.3
36.3
36.3
36.3
36.3
36.3
36.3
36.3
36.3
36.3
36.3
36.3
36.3
36.3
36.3
36.3
36.3
36.3
36.3
36.3
36.3
36.3
36.3
36.3
36.3
36.3
36.3
36.3
36.3
36.3
36.3
36.3
36.3
36.3
36.3
36.3
36.3
36.3
36.3
36.3
36.3
36.3
36.3
36.3
36.3
36.3
36.3
36.3
36.3
36.3
36.3
36.3
36.3
36.3
36.3
36.3
36.3
36.3
36.3
36.3
36.3
36.3
36.3
36.3
36.3
36.3
36.3
36.3
36.3
36.3
36.3
36.3
36.3
36.3
36.3
36.3
36.3
36.3
36.3
36.3
36.3
36.3
36.3
36.3
36.3
36.3
36.3
36.3
36.3
36.3
36.3
36.3
36.3
36.3
36.3
36.3
36.3
36.3
36.3
36.3
36.3
36.3
36.3
36.3
36.3
36.3
36.3
36.3
36.3
36.3
36.3
36.3
36.3
36.3
36.3
36.3
36.3
36.3
36.3
36.3
36.3
36.3
36.3
36.3
36.3
36.3
36.3
36.3
36.3
36.3
36.3
36.3
36.3
36.3
36.3
36.3
36.3
36.3
36.3
36.3
36.3
36.3
36.3
36.3
36.3
36.3
36.3
36.3
36.3
36.3
36.3
36.3
36.3
36.3
36.3
36.3
36.3
36.3
36.3
36.3
36.3
36.3
36.3
36.3
36.3
36.3
36.3
36.3
36.3
36.3
36.3
36.3
36.3
36.3
36.3
36.3
36.3
36.3
36.3
36.3
36.3
36.3
36.3
36.3
36.3
36.3
36.3
36.3
36.3
36.3
36.3
36.3
36.3
36.3
36.3
36.3
36.3
36.3
36.3
36.3
36.3
36.3
36.3
36.3
36.3
36.3
36.3
36.3
36.3
36.3
36.3
36.3
36.3
36.3
36.3
36.3
36.3
36.3
36.3
36.3
36.3
36.3
36.3
36.3
36.3
36.3
36.3
36.3
36.3
36.3
36.3
36.3
36.3
36.3
36.3
36.3
36.3
36.3
36.3
36.3
36.3
36.3
36.3
36.3
36.3
36.3
36.3
36.3
36.3
36.3
36.3
36.3
36.3
36.3
36.3
36.3
36.3
36.3
36.3
36.3
36.3
36.3
36.3
36.3
36.3
36.3
36.3
36.3
36.3
36.3
36.3
36.3
36.3
36.3
36.3
36.3
36.3
36.3
36.3
36.3
36.3
36.3
36.3
36.3
36.3
36.3
36.3
36.3
36.3
36.3
36.3
36.3
36.3
36.3
36.3
36.3
38.3
40.2
41.15
42.1
49.7
53.5
47.8
47.8
47.8
57.4
57.4
59.3
63.1
66.9
65
53.5
57.4
53.5
55.5
53.5
47.8
47.8
53.5
55.5
57.4
49.7
47.8
47.8
47.8
44
44
42.1
40.2
45.9
36.3
34.4
32.5
51.6
34.4
34.4
32.5
23
28.7
28.7
28.7
24.9
28.7
23
26.8
55.5
34.4
28.7
34.4
70.8
42.1
40.2
42.1
40.2
36.3
45.9
53.5
30.6
42.1
24.9
23
23
24.9
19.1
21
23
21
19.1
21
17.2
15.3
13.4
13.4
11.5
7.7
7.7
5.7
7.7
9.6
7.7
9.6
9.6
5.7
5.7
7.7
7.7
9.6
7.7
7.7
8.65
9.125
9.6
13.4
13.4
45.9
45.9
45.9
45.9
47.8
47.8
47.8
45.9
45.9
44
49.7
45.9
42.1
44
49.7
51.6
47.8
55.5
51.6
49.7
51.6
49.7
44
45.9
51.6
53.5
51.6
40.2
44
53.5
49.7
45.9
42.1
36.3
40.2
28.7
36.3
36.3
32.5
40.2
26.8
26.8
24.9
24.9
36.3
44
38.3
45.9
42.1
55.5
61.2
59.3
63.1
47.8
49.7
44
42.1
53.5
44
44
42.1
47.8
49.7
49.7
51.6
51.6
51.6
51.6
65
53.5
51.6
47.8
42.1
40.2
38.3
42.1
42.1
40.2
36.3
32.5
32.5
34.4
32.5
38.3
38.3
34.4
44
42.1
40.2
23
23
27.75
30.125
32.5
34.4
42.1
44
40.2
45.9
47.8
47.8
51.6
55.5
55.5
55.5
55.5
59.3
57.4
65
66.9
68.8
70.8
74.6
72.7
76.5
74.6
68.8
66.9
70.8
68.8
66.9
70.8
66.9
65
63.1
61.2
59.3
53.5
53.5
51.6
45.9
47.8
45.9
45.9
47.8
49.7
42.1
44
42.1
45.9
45.9
44
44
40.2
34.4
34.4
34.4
36.3
36.3
36.3
42.1
36.3
42.1
36.3
34.4
47.8
57.4
59.3
51.6
49.7
45.9
42.1
49.7
45.9
30.6
32.5
19.1
17.2
17.2
17.2
17.2
13.4
9.6
9.6
7.7
5.7
9.6
7.7
11.5
7.7
15.3
17.2
17.2
15.3
17.2
17.2
23
22
21.5
21
21
21
30.6
19.1
26.8
32.5
32.5
36.3
42.1
40.2
38.3
40.2
47.8
47.8
51.6
53.5
55.5
59.3
61.2
68.8
72.7
78.4
84.2
80.3
76.5
76.5
76.5
78.4
72.7
70.8
72.7
74.6
70.8
61.2
59.3
57.4
59.3
76.5
53.5
53.5
51.6
55.5
57.4
51.6
51.6
53.5
51.6
47.8
47.8
49.7
49.7
47.8
55.5
61.2
51.6
47.8
51.6
51.6
51.6
49.7
57.4
59.3
61.2
61.2
65
59.3
65
63.1
59.3
66.9
59.3
61.2
55.5
53.5
51.6
53.5
53.5
51.6
47.8
45.9
42.1
44
45.9
44
47.8
51.6
55.5
55.5
51.6
53.5
55.5
55.5
59.3
58.35
57.875
57.4
63.1
65
17.2
66.9
68.8
68.8
66.9
70.8
78.4
78.4
80.3
80.3
80.3
82.2
84.2
82.2
78.4
78.4
84.2
78.4
70.8
74.6
78.4
74.6
78.4
72.7
74.6
74.6
70.8
68.8
66.9
65
61.2
55.5
55.5
53.5
51.6
47.8
44
44
42.1
42.1
42.1
40.2
42.1
36.3
36.3
38.3
38.3
36.3
32.5
34.4
32.5
36.3
34.4
30.6
28.7
36.3
34.4
34.4
32.5
30.6
30.6
36.3
32.5
24.9
34.4
32.5
30.6
26.8
24.9
24.9
23
26.8
21
21
23
23
19.1
17.2
19.1
19.1
26.8
23
21
23
23
21
19.1
23
23
28.7
28.7
28.7
28.7
28.7
24.9
32.5
65
26.8
30.6
40.2
34.4
38.3
42.1
38.3
38.3
40.2
42.1
44
44
44
44
38.3
40.2
42.1
38.3
40.2
40.2
44
47.8
45.9
44
44
42.1
38.3
36.3
38.3
40.2
38.3
40.2
40.2
44
44
40.2
36.3
28.7
26.8
24.9
26.8
28.7
26.8
24.9
28.7
24.9
24.9
23
23
24.9
23
23
23
23
24.9
24.9
24.9
23
24.9
24.9
26.8
23
21
19.1
17.2
21
26.8
28.7
28.7
30.6
32.5
30.6
30.6
30.6
32.5
36.3
32.5
30.6
30.6
28.7
26.8
24.9
24.9
26.8
32.5
32.5
26.8
23
21
19.1
17.2
16.25
15.3
11.5
15.3
19.1
23
21
21
23
23
23
30.6
47.8
49.7
42.1
44
51.6
55.5
44
47.8
49.7
53.5
47.8
42.1
44
47.8
45.9
38.3
40.2
59.3
51.6
53.5
51.6
34.4
36.3
30.6
26.8
23
24.9
23
24.9
23
17.2
17.2
17.2
15.3
15.3
17.2
15.3
15.3
17.2
15.3
19.1
15.3
17.2
15.3
15.3
15.3
15.3
13.4
15.3
21
19.1
19.1
21
23
24.9
23
21
21
17.2
17.2
17.2
17.2
13.4
17.2
17.2
13.4
13.4
15.3
9.6
7.7
7.7
5.7
5.7
5.7
5.7
5.7
7.7
7.7
7.7
7.7
5.7
7.7
9.6
8.65
8.175
7.7
9.6
11.5
11.5
15.3
13.4
17.2
19.1
21
21
21
26.8
28.7
28.7
28.7
28.7
28.7
28.7
28.7
24.9
26.8
36.3
34.4
34.4
44
44
44
61.2
53.5
47.8
49.7
44
42.1
42.1
36.3
34.4
34.4
28.7
30.6
53.5
24.9
24.9
24.9
21
24.9
23
24.9
23
21
23
23
21
23
21
23
21
21
23
19.1
26.8
26.8
23
26.8
23
23
24.9
23
21
21
24.9
24.9
24.9
23
24.9
23
24.9
24.9
17.2
17.2
17.2
17.2
19.1
21
19.1
21
19.1
19.1
21
23
24.9
38.3
45.9
49.7
32.5
41.1
45.4
49.7
51.6
51.6
49.7
51.6
55.5
53.5
55.5
57.4
59.3
55.5
55.5
55.5
61.2
57.4
65
65
61.2
63.1
68.8
65
65
61.2
66.9
72.7
66.9
68.8
68.8
66.9
74.6
72.7
72.7
74.6
68.8
66.9
66.9
65
63.1
65
112.8
70.8
57.4
59.3
59.3
57.4
51.6
55.5
61.2
63.1
57.4
51.6
51.6
47.8
53.5
51.6
49.7
45.9
40.2
42.1
40.2
44
38.3
44
53.5
49.7
28.7
38.3
40.2
36.3
38.3
30.6
28.7
26.8
23
21
26.8
30.6
26.8
21
17.2
23
23
15.3
13.4
17.2
19.1
17.2
17.2
21
26.8
26.8
30.6
32.5
24.9
22.95
21.975
21
19.1
21
21
28.7
24.9
21
21
23
24.9
26.8
21
24.9
24.9
24.9
28.7
32.5
32.5
28.7
40.2
51.6
51.6
47.8
42.1
49.7
53.5
55.5
47.8
63.1
59.3
59.3
59.3
55.5
49.7
53.5
51.6
42.1
45.9
42.1
40.2
32.5
28.7
30.6
32.5
51.6
34.4
26.8
24.9
24.9
24.9
26.8
26.8
30.6
32.5
30.6
34.4
30.6
36.3
34.4
30.6
32.5
30.6
32.5
36.3
55.5
53.5
42.1
38.3
44
47.8
53.5
45.9
40.2
32.5
32.5
32.5
28.7
23
26.8
19.1
15.3
13.4
15.3
11.5
19.1
32.5
19.1
15.3
15.3
15.3
15.3
11.5
11.5
15.3
22.95
26.775
30.6
26.8
28.7
21
19.1
23
17.2
17.2
21
19.1
24.9
34.4
28.7
40.2
26.8
24.9
21
19.1
17.2
17.2
15.3
21
17.2
17.2
24.9
19.1
21
19.1
19.1
21
36.3
28.7
30.6
28.7
36.3
40.2
45.9
30.6
26.8
23
19.1
17.2
15.3
15.3
13.4
17.2
13.4
15.3
17.2
15.3
19.1
15.3
13.4
15.3
15.3
13.4
13.4
11.5
17.2
15.3
15.3
15.3
17.2
21
21
19.1
17.2
17.2
21
19.1
17.2
19.1
21
19.1
17.2
17.2
15.3
15.3
17.2
15.3
19.1
15.3
13.4
9.6
15.3
17.2
15.3
11.5
9.6
9.6
11.5
11.5
9.6
11.5
12.45
12.925
13.4
9.6
15.3
17.2
32.5
32.5
32.5
24.9
17.2
21
19.1
15.3
17.2
24.9
30.6
34.4
23
30.6
24.9
24.9
28.7
30.6
24.9
30.6
34.4
32.5
32.5
32.5
34.4
36.3
38.3
36.3
26.8
28.7
24.9
23
17.2
15.3
23
21
21
23
23
21
19.1
15.3
17.2
19.1
21
23
30.6
34.4
30.6
34.4
44
38.3
28.7
21
23
26.8
30.6
28.7
26.8
26.8
28.7
30.6
24.9
23
24.9
23
24.9
23
23
23
23
19.1
19.1
15.3
11.5
11.5
11.5
15.3
11.5
11.5
11.5
11.5
11.5
11.5
15.3
15.3
21
23
28.7
28.7
24.85
22.925
21
23
23
24.9
23
24.9
28.7
24.9
24.9
26.8
30.6
30.6
28.7
30.6
36.3
32.5
32.5
42.1
45.9
47.8
45.9
40.2
42.1
55.5
51.6
49.7
38.3
36.3
32.5
30.6
36.3
38.3
30.6
32.5
28.7
28.7
19.1
15.3
17.2
11.5
7.7
7.7
9.6
9.6
7.7
7.7
7.7
9.6
11.5
13.4
15.3
15.3
21
23
24.9
26.8
34.4
32.5
38.3
38.3
34.4
34.4
38.3
38.3
36.3
34.4
42.1
42.1
42.1
36.3
34.4
34.4
32.5
30.6
26.8
26.8
26.8
26.8
26.8
24.9
26.8
26.8
26.8
26.8
28.7
28.7
28.7
24.9
23
23
23
21
21
24.9
30.6
33.45
36.3
36.3
36.3
34.4
38.3
47.8
47.8
49.7
47.8
47.8
49.7
47.8
45.9
49.7
57.4
55.5
55.5
57.4
57.4
53.5
53.5
51.6
55.5
53.5
53.5
47.8
53.5
63.1
63.1
65
74.6
89.9
88
86.1
84.2
82.2
80.3
78.4
78.4
76.5
72.7
72.7
72.7
70.8
68.8
68.8
68.8
65
65
63.1
55.5
55.5
51.6
57.4
61.2
57.4
55.5
55.5
55.5
53.5
55.5
57.4
61.2
61.2
63.1
63.1
63.1
61.2
61.2
59.3
61.2
55.5
49.7
51.6
49.7
44
44
44
44
36.3
36.3
32.5
32.5
32.5
30.6
30.6
30.6
32.5
34.4
30.6
34.4
36.3
38.3
40.2
44
45.9
47.8
45.9
45.9
45.9
47.8
49.7
49.7
49.7
49.7
53.5
55.5
53.5
55.5
57.4
57.4
57.4
57.4
55.5
55.5
59.3
61.2
61.2
61.2
61.2
59.3
57.4
59.3
61.2
61.2
68.8
68.8
66.9
65
65
63.1
61.2
59.3
53.5
65
59.3
51.6
51.6
49.7
53.5
51.6
51.6
47.8
53.5
47.8
49.7
51.6
51.6
55.5
66.9
78.4
74.6
66.9
68.8
68.8
70.8
61.2
61.2
63.1
61.2
66.9
59.3
53.5
53.5
51.6
45.9
53.5
45.9
42.1
34.4
30.6
26.8
23
19.1
17.2
17.2
15.3
13.4
11.5
15.3
13.4
13.4
17.2
17.2
17.2
19.1
21
21
21
23
23
23
23
24.9
24.9
24.9
24.9
24.9
28.7
26.8
30.6
32.5
32.5
36.3
38.3
45.9
40.2
38.3
36.3
34.4
36.3
36.3
38.3
38.3
38.3
40.2
44
45.9
49.7
51.6
59.3
66.9
66.9
61.2
55.5
53.5
57.4
59.3
57.4
49.7
63.1
63.1
68.8
66.9
63.1
59.3
61.2
63.1
65
66.9
63.1
63.1
59.3
57.4
61.2
61.2
57.4
59.3
66.9
57.4
57.4
57.4
63.1
63.1
135.8
84.2
61.2
61.2
61.2
59.3
57.4
57.4
57.4
55.5
51.6
45.9
42.1
42.1
38.3
30.6
30.6
28.7
26.8
23
23
21
24.9
24.9
24.9
26.8
26.8
28.7
34.4
34.4
38.3
40.2
40.2
40.2
40.2
44
42.1
47.8
49.7
49.7
51.6
49.7
49.7
51.6
53.5
51.6
53.5
57.4
59.3
61.2
65
66.9
68.8
68.8
72.7
74.6
72.7
76.5
78.4
76.5
70.8
72.7
68.8
66.9
68.8
70.8
66.9
65
63.1
68.8
70.8
78.4
168.3
86.1
63.1
61.2
55.5
55.5
55.5
47.8
42.1
44
44
86.1
40.2
42.1
53.5
49.7
45.9
44
45.9
51.6
55.5
66.9
80.3
70.8
78.4
78.4
76.5
78.4
84.2
76.5
66.9
68.8
63.1
63.1
61.2
61.2
53.5
45.9
36.3
32.5
30.6
28.7
28.7
30.6
28.7
30.6
34.4
32.5
32.5
28.7
28.7
26.8
28.7
26.8
30.6
32.5
39.2
42.55
45.9
57.4
68.8
68.8
70.8
70.8
74.6
72.7
70.8
74.6
74.6
74.6
74.6
78.4
82.2
86.1
84.2
86.1
88
86.1
91.8
95.6
95.6
97.5
97.5
101.4
93.7
91.8
97.5
99.4
101.4
105.2
103.3
99.4
101.4
91.8
91.8
101.4
132
76.5
72.7
72.7
66.9
65
63.1
57.4
55.5
57.4
57.4
57.4
55.5
53.5
59.3
68.8
72.7
78.4
78.4
72.7
84.2
78.4
72.7
80.3
74.6
74.6
76.5
80.3
76.5
78.4
74.6
76.5
76.5
76.5
68.8
61.2
61.2
61.2
53.5
53.5
51.6
51.6
53.5
53.5
53.5
51.6
53.5
57.4
55.5
57.4
61.2
63.1
57.4
61.2
65
63.1
65.95
67.375
68.8
66.9
70.8
57.4
55.5
53.5
53.5
51.6
51.6
51.6
49.7
49.7
49.7
51.6
47.8
47.8
45.9
45.9
45.9
45.9
47.8
51.6
51.6
51.6
49.7
47.8
55.5
57.4
61.2
59.3
63.1
63.1
68.8
59.3
59.3
63.1
63.1
61.2
76.5
74.6
61.2
53.5
53.5
51.6
57.4
49.7
53.5
53.5
53.5
57.4
63.1
72.7
80.3
97.5
86.1
80.3
78.4
82.2
82.2
82.2
76.5
76.5
78.4
74.6
72.7
72.7
68.8
65
65
65
57.4
57.4
59.3
51.6
53.5
53.5
51.6
47.8
51.6
47.8
45.9
44
40.2
38.3
38.3
38.3
38.3
38.3
44
49.7
51.6
49.7
49.7
51.6
52.55
53.025
53.5
42.1
42.1
40.2
42.1
44
44
45.9
45.9
57.4
57.4
57.4
65
55.5
57.4
63.1
66.9
68.8
66.9
66.9
68.8
68.8
68.8
66.9
68.8
68.8
70.8
70.8
70.8
72.7
66.9
66.9
66.9
72.7
70.8
70.8
66.9
68.8
107.1
78.4
65
63.1
61.2
59.3
57.4
57.4
59.3
55.5
55.5
53.5
55.5
53.5
51.6
53.5
53.5
51.6
55.5
57.4
63.1
59.3
57.4
57.4
61.2
65
63.1
68.8
61.2
63.1
61.2
63.1
59.3
53.5
51.6
45.9
42.1
38.3
28.7
26.8
24.9
23
21
17.2
17.2
17.2
19.1
19.1
19.1
19.1
21
24.9
28.7
28.7
30.6
38.3
40.2
41.15
42.1
42.1
45.9
47.8
51.6
55.5
55.5
57.4
59.3
63.1
63.1
65
61.2
61.2
66.9
68.8
68.8
68.8
70.8
72.7
76.5
76.5
76.5
76.5
82.2
78.4
78.4
78.4
78.4
84.2
82.2
78.4
74.6
78.4
78.4
76.5
74.6
66.9
63.1
63.1
63.1
65
63.1
61.2
59.3
66.9
66.9
72.7
70.8
68.8
66.9
63.1
65
68.8
76.5
72.7
65
66.9
68.8
63.1
63.1
65
63.1
65
63.1
53.5
53.5
44
42.1
34.4
32.5
26.8
23
23
19.1
21
17.2
17.2
15.3
15.3
15.3
15.3
15.3
9.6
9.6
9.6
9.6
9.6
9.6
13.4
15.3
13.4
19.1
17.2
19.1
20.05
21
21
19.1
15.3
15.3
17.2
19.1
21
21
23
24.9
23
24.9
23
28.7
34.4
28.7
32.5
40.2
42.1
44
45.9
44
44
51.6
49.7
42.1
38.3
38.3
44
45.9
45.9
36.3
32.5
26.8
32.5
38.3
34.4
24.9
23
23
26.8
23
23
24.9
21
19.1
19.1
23
21
24.9
24.9
23
23
23
23
28.7
28.7
32.5
38.3
32.5
38.3
49.7
53.5
59.3
47.8
38.3
49.7
65
68.8
57.4
44
30.6
30.6
26.8
23
19.1
21
21
7.7
9.6
9.6
7.7
5.7
9.6
11.5
11.5
9.6
5.7
7.7
7.7
5.7
5.7
9.6
12.45
13.875
15.3
13.4
15.3
13.4
13.4
15.3
17.2
15.3
17.2
21
19.1
15.3
11.5
15.3
15.3
13.4
15.3
21
21
17.2
15.3
17.2
15.3
19.1
15.3
17.2
17.2
21
21
23
24.9
23
30.6
34.4
38.3
32.5
34.4
36.3
45.9
38.3
44
34.4
30.6
23
26.8
23
19.1
23
26.8
26.8
26.8
28.7
26.8
21
30.6
30.6
23
26.8
28.7
28.7
28.7
24.9
28.7
28.7
32.5
30.6
36.3
40.2
34.4
30.6
28.7
34.4
36.3
30.6
30.6
28.7
30.6
24.9
23
21
23
21
23
23
26.8
24.9
26.8
23
23
23
21
23
26.8
28.7
28.7
28.7
28.7
38.3
40.2
36.3
36.3
36.3
34.4
36.3
36.3
34.4
38.3
28.7
30.6
28.7
23
23
21
21
24.9
24.9
30.6
30.6
23
23
24.9
24.9
24.9
24.9
30.6
30.6
30.6
30.6
30.6
32.5
28.7
28.7
26.8
30.6
34.4
30.6
36.3
36.3
36.3
34.4
36.3
32.5
32.5
32.5
34.4
40.2
45.9
47.8
42.1
34.4
26.8
26.8
32.5
32.5
42.1
45.9
42.1
42.1
36.3
40.2
42.1
38.3
38.3
40.2
38.3
42.1
44
47.8
38.3
38.3
28.7
30.6
28.7
23
21
21
21
21
19.1
19.1
17.2
21
23
24.9
24.9
23
21
24.9
24.9
24.9
24.9
24.9
24.9
19.1
21
23
23
21
21
21
21
21
19.1
21
19.1
19.1
23
19.1
19.1
24.9
24.9
24.9
32.5
34.4
44
47.8
49.7
49.7
55.5
51.6
57.4
61.2
55.5
55.5
51.6
51.6
47.8
47.8
47.8
59.3
93.7
103.3
57.4
59.3
55.5
49.7
84.2
68.8
51.6
55.5
74.6
74.6
76.5
72.7
66.9
76.5
76.5
70.8
68.8
86.1
93.7
107.1
120.5
122.4
120.5
114.8
107.1
103.3
101.4
107.1
124.3
122.4
109
107.1
84.2
78.4
74.6
74.6
66.9
53.5
53.5
51.6
49.7
45.9
45.9
47.8
49.7
53.5
49.7
53.5
57.4
57.4
59.3
59.3
61.2
63.1
65.95
67.375
68.8
66.9
72.7
74.6
72.7
74.6
80.3
88
97.5
107.1
103.3
103.3
105.2
107.1
110.9
114.8
114.8
114.8
110.9
116.7
114.8
128.10001
130.10001
120.5
110.9
107.1
107.1
105.2
93.7
89.9
86.1
86.1
80.3
80.3
80.3
84.2
78.4
82.2
110.9
101.4
80.3
74.6
74.6
74.6
70.8
68.8
66.9
66.9
66.9
65
59.3
59.3
61.2
65
70.8
68.8
61.2
63.1
63.1
68.8
63.1
66.9
63.1
66.9
63.1
65
70.8
57.4
49.7
57.4
49.7
49.7
49.7
55.5
51.6
40.2
47.8
38.3
26.8
38.3
32.5
28.7
26.8
26.8
23
28.7
24.9
23
28.7
34.4
38.3
42.1
42.1
44
45.9
46.85
47.8
42.1
36.3
34.4
26.8
26.8
32.5
40.2
49.7
51.6
57.4
59.3
63.1
66.9
93.7
61.2
66.9
80.3
80.3
84.2
86.1
88
91.8
89.9
88
86.1
86.1
91.8
82.2
84.2
88
88
78.4
76.5
74.6
78.4
70.8
68.8
103.3
82.2
61.2
61.2
58.35
56.925
56.2125
55.85625
55.678125
55.5890625
55.5
57.4
55.5
61.2
57.4
110.9
74.6
59.3
57.4
53.5
63.1
70.8
61.2
59.3
61.2
57.4
57.4
57.4
59.3
55.5
51.6
49.7
47.8
47.8
45.9
40.2
40.2
38.3
36.3
36.3
34.4
32.5
32.5
34.4
32.5
32.5
28.7
32.5
26.8
23
26.8
28.7
28.7
38.3
40.2
40.2
42.1
43.05
44
45.9
45.9
44
45.9
47.8
51.6
51.6
51.6
55.5
55.5
55.5
57.4
57.4
55.5
57.4
55.5
55.5
57.4
57.4
59.3
57.4
55.5
55.5
55.5
55.5
55.5
57.4
55.5
57.4
59.3
59.3
59.3
57.4
53.5
45.9
44
40.2
36.3
38.3
36.3
34.4
34.4
34.4
32.5
38.3
34.4
34.4
30.6
32.5
36.3
32.5
30.6
28.7
38.3
30.6
30.6
28.7
26.8
32.5
30.6
30.6
32.5
32.5
30.6
32.5
32.5
32.5
34.4
32.5
32.5
30.6
26.8
26.8
24.9
23
21
21
21
28.7
15.3
15.3
17.2
17.2
17.2
15.3
15.3
19.1
17.2
19.1
19.1
19.1
21
23
23.95
24.425
24.9
21
23
24.9
23
24.9
30.6
38.3
36.3
40.2
53.5
57.4
57.4
47.8
47.8
47.8
49.7
47.8
49.7
44
36.3
34.4
38.3
36.3
36.3
40.2
36.3
34.4
34.4
34.4
34.4
34.4
32.5
36.3
30.6
34.4
34.4
30.6
26.8
21
26.8
32.5
30.6
30.6
30.6
34.4
30.6
30.6
28.7
28.7
28.7
23
28.7
30.6
24.9
26.8
24.9
26.8
40.2
40.2
32.5
28.7
30.6
30.6
30.6
30.6
36.3
28.7
30.6
26.8
26.8
26.8
24.9
24.9
28.7
24.9
21
23
24.9
24.9
23
23
28.7
34.4
40.2
42.1
42.1
40.2
40.2
40.2
40.2
42.1
40.2
40.2
40.2
40.2
40.2
42.1
44
47.8
53.5
61.2
65
63.1
61.2
65
66.9
66.9
68.8
72.7
72.7
74.6
74.6
72.7
78.4
74.6
74.6
76.5
74.6
76.5
78.4
76.5
74.6
74.6
78.4
78.4
78.4
72.7
70.8
72.7
70.8
74.6
70.8
66.9
72.7
82.2
57.4
61.2
57.4
53.5
49.7
47.8
47.8
45.9
45.9
45.9
47.8
45.9
45.9
51.6
44
40.2
47.8
49.7
42.1
47.8
59.3
51.6
55.5
59.3
65
70.8
59.3
51.6
51.6
47.8
44
45.9
42.1
38.3
32.5
32.5
26.8
26.8
24.9
24.9
24.9
24.9
21
21
21
19.1
17.2
21
19.1
19.1
17.2
19.1
21
24.9
24.9
24.9
24.9
24.9
26.8
26.8
21
21
24.9
24.9
26.8
28.7
32.5
32.5
32.5
34.4
38.3
42.1
38.3
40.2
45.9
44
44
51.6
55.5
55.5
53.5
51.6
53.5
51.6
55.5
53.5
51.6
53.5
51.6
42.1
40.2
34.4
44
70.8
88
66.9
63.1
61.2
63.1
64.05
64.525
64.7625
64.88125
64.940625
64.9703125
64.98515625
64.992578125
64.9962890625
64.99814453125
64.999072265625
64.9995361328125
64.9997680664062
65
65
65
66.9
66.9
168.3
72.7
72.7
68.8
72.7
72.7
72.7
74.6
72.7
72.7
76.5
76.5
74.6
76.5
82.2
76.5
78.4
72.7
74.6
76.5
76.5
78.4
76.5
78.4
76.5
74.6
72.7
70.8
70.8
68.8
70.8
70.8
72.7
72.7
72.7
72.7
72.7
70.8
70.8
68.8
66.9
66.9
70.8
72.7
72.7
70.8
68.8
65
65
65
65
66.9
66.9
68.8
68.8
68.8
68.8
66.9
70.8
70.8
70.8
70.8
70.8
72.7
74.6
74.6
78.4
76.5
76.5
78.4
84.2
88
93.7
110.9
101.4
78.4
76.5
76.5
76.5
76.5
70.8
78.4
78.4
65
66.9
84.2
89.9
89.9
84.2
78.4
78.4
78.4
74.6
76.5
74.6
72.7
74.6
74.6
74.6
88
89.9
89.9
91.8
95.6
91.8
93.7
72.7
57.4
57.4
55.5
51.6
49.7
65
63.1
63.1
63.1
61.2
65
65
68.8
68.8
68.8
65
68.8
68.8
68.8
66.9
72.7
66.9
68.85
69.825
70.8
80.3
82.2
91.8
89.9
88
88
95.6
95.6
97.5
103.3
103.3
118.6
118.6
95.6
86.1
88
93.7
82.2
91.8
103.3
97.5
105.2
110.9
109
99.4
99.4
91.8
93.7
84.2
80.3
84.2
80.3
74.6
72.7
68.8
65
59.3
53.5
51.6
42.1
42.1
55.5
55.5
53.5
47.8
57.4
55.5
59.3
61.2
65
105.2
76.5
63.1
65
66.9
68.8
68.8
66.9
63.1
61.2
63.1
66.9
78.4
91.8
89.9
91.8
95.6
80.3
78.4
76.5
70.8
68.8
68.8
65
63.1
63.1
66.9
65
65
61.2
65
63.1
65
63.1
63.1
66.9
66.9
66.9
65
66.9
66.9
68.8
66.9
69.8
71.25
72.7
70.8
70.8
72.7
74.6
80.3
78.4
76.5
80.3
78.4
76.5
78.4
78.4
80.3
80.3
80.3
82.2
91.8
82.2
80.3
82.2
91.8
89.9
89.9
86.1
82.2
82.2
76.5
74.6
80.3
82.2
86.1
82.2
84.2
86.1
86.1
89.9
101.4
105.2
118.6
91.8
101.4
99.4
91.8
99.4
110.9
153
168.3
168.3
162.60001
164.5
151.10001
141.5
153
122.4
110.9
114.8
141.5
139.60001
145.39999
147.3
149.2
151.10001
137.7
126.2
120.5
126.2
124.3
120.5
109
112.8
130.10001
112.8
107.1
99.4
89.9
82.2
84.2
80.3
78.4
76.5
74.6
76.5
78.4
78.4
78.4
78.4
84.2
84.2
86.1
86.1
88
89.9
91.8
95.6
97.5
99.4
99.4
97.5
97.5
97.5
105.2
109
114.8
116.7
114.8
122.4
128.10001
126.2
118.6
124.3
128.10001
130.10001
128.10001
128.10001
130.10001
135.8
139.60001
132
133.89999
133.89999
128.10001
132
130.10001
128.10001
122.4
118.6
101.4
109
107.1
107.1
110.9
109
105.2
107.1
107.1
107.1
109
109
109
109
103.3
101.4
103.3
101.4
103.3
99.4
99.4
95.6
105.2
116.7
109
107.1
105.2
103.3
99.4
97.5
97.5
95.6
99.4
99.4
105.2
103.3
105.2
103.3
107.1
109
103.3
101.4
95.6
95.6
93.7
86.1
80.3
78.4
88
86.1
88
91.8
86.1
93.7
97.5
91.8
91.8
89.9
88
89.9
91.8
95.6
97.5
95.6
94.65
93.7
95.6
103.3
9.6
9.6
11.5
13.4
13.4
11.5
13.4
15.3
13.4
13.4
17.2
19.1
19.1
23
24.9
28.7
32.5
32.5
30.6
30.6
28.7
32.5
30.6
28.7
30.6
32.5
34.4
32.5
36.3
32.5
36.3
28.7
26.8
36.3
34.4
26.8
24.9
23
23
23
24.9
19.1
21
21
21
21
21
17.2
23
24.9
24.9
24.9
24.9
24.9
26.8
30.6
34.4
38.3
34.4
44
44
47.8
55.5
59.3
57.4
55.5
55.5
47.8
45.9
38.3
34.4
30.6
24.9
21
19.1
17.2
19.1
17.2
13.4
13.4
13.4
15.3
13.4
15.3
17.2
17.2
17.2
19.1
19.1
21
24.9
26.8
27.75
28.7
23
23
23
28.7
30.6
28.7
28.7
30.6
32.5
32.5
34.4
38.3
40.2
44
47.8
47.8
49.7
47.8
49.7
47.8
53.5
49.7
55.5
49.7
49.7
47.8
47.8
45.9
49.7
38.3
36.3
36.3
36.3
38.3
24.9
23
32.5
38.3
26.8
17.2
17.2
17.2
21
15.3
15.3
15.3
17.2
15.3
15.3
15.3
21
19.1
21
23
21
23
24.9
28.7
28.7
34.4
36.3
47.8
45.9
40.2
47.8
42.1
49.7
47.8
53.5
49.7
51.6
55.5
45.9
38.3
34.4
28.7
30.6
28.7
13.4
13.4
17.2
13.4
13.4
11.5
11.5
9.6
11.5
11.5
9.6
11.5
15.3
13.4
13.4
12.45
11.975
11.5
11.5
11.5
9.6
13.4
13.4
11.5
13.4
15.3
13.4
13.4
13.4
13.4
11.5
13.4
13.4
13.4
11.5
11.5
11.5
13.4
13.4
17.2
13.4
19.1
19.1
19.1
19.1
19.1
17.2
19.1
17.2
17.2
15.3
17.2
15.3
15.3
24.9
30.6
15.3
17.2
15.3
15.3
15.3
15.3
15.3
13.4
13.4
13.4
15.3
15.3
19.1
24.9
15.3
13.4
13.4
19.1
15.3
36.3
15.3
21
13.4
17.2
21
19.1
21
28.7
17.2
17.2
15.3
15.3
13.4
11.5
11.5
9.6
7.7
11.5
7.7
5.7
3.8
1.9
3.8
1.9
1.9
1.9
1.9
1.9
1.9
1.9
1.9
1.9
1.9
3.8
3.8
3.8
3.8
3.8
3.8
3.8
3.8
7.7
7.7
7.7
7.7
7.7
7.7
7.7
7.7
9.6
11.5
11.5
9.6
11.5
19.1
13.4
13.4
13.4
13.4
13.4
11.5
13.4
17.2
15.3
17.2
15.3
17.2
17.2
17.2
23
23
21
23
21
17.2
24.9
24.9
24.9
26.8
23
26.8
21
23
21
23
21
21
23
23
26.8
38.3
28.7
28.7
28.7
26.8
24.9
24.9
24.9
24.9
32.5
32.5
32.5
30.6
36.3
42.1
40.2
40.2
28.7
28.7
28.7
26.8
26.8
23
23
28.7
19.1
13.4
11.5
9.6
9.6
7.7
7.7
7.7
3.8
3.8
7.7
9.6
9.6
9.6
9.6
9.6
11.5
12.45
13.4
15.3
11.5
13.4
11.5
9.6
11.5
19.1
32.5
23
19.1
26.8
36.3
49.7
42.1
61.2
72.7
70.8
63.1
68.8
70.8
74.6
70.8
66.9
70.8
76.5
76.5
82.2
84.2
84.2
80.3
80.3
82.2
63.1
53.5
42.1
45.9
40.2
40.2
24.9
24.9
30.6
27.75
26.325
25.6125
25.25625
25.078125
24.9
23
24.9
28.7
30.6
44
101.4
32.5
32.5
34.4
36.3
47.8
34.4
44
38.3
47.8
44
42.1
42.1
42.1
42.1
45.9
66.9
76.5
70.8
53.5
45.9
26.8
24.9
13.4
23
13.4
9.6
7.7
13.4
13.4
9.6
11.5
15.3
11.5
7.7
7.7
7.7
9.6
7.7
7.7
7.7
9.6
10.55
11.5
9.6
9.6
9.6
9.6
11.5
13.4
21
28.7
32.5
30.6
26.8
21
26.8
36.3
30.6
36.3
40.2
40.2
40.2
49.7
51.6
49.7
45.9
51.6
47.8
57.4
57.4
61.2
61.2
63.1
66.9
53.5
51.6
51.6
47.8
42.1
36.3
44
55.5
59.3
57.4
65
66.9
63.1
59.3
55.5
53.5
61.2
63.1
66.9
63.1
57.4
61.2
63.1
66.9
65
76.5
66.9
66.9
70.8
72.7
72.7
70.8
68.8
70.8
66.9
66.9
65
59.3
59.3
55.5
49.7
51.6
38.3
34.4
28.7
23
23
21
32.5
45.9
40.2
24.9
38.3
30.6
28.7
24.9
32.5
30.6
28.7
28.7
30.6
24.9
23.95
23.475
23
28.7
24.9
23
28.7
30.6
24.9
28.7
26.8
32.5
34.4
38.3
45.9
51.6
47.8
44
40.2
38.3
44
34.4
38.3
38.3
24.9
23
23
26.8
28.7
28.7
19.1
19.1
19.1
15.3
17.2
11.5
15.3
11.5
9.6
9.6
9.6
9.6
11.5
11.5
9.6
9.6
9.6
13.4
13.4
11.5
11.5
9.6
9.6
9.6
7.7
13.4
9.6
7.7
9.6
13.4
13.4
13.4
9.6
9.6
13.4
15.3
13.4
13.4
15.3
15.3
15.3
11.5
15.3
17.2
15.3
11.5
13.4
11.5
11.5
11.5
11.5
9.6
11.5
9.6
7.7
9.6
9.6
9.6
9.6
9.6
7.7
7.7
9.6
9.6
9.6
10.55
11.025
11.2625
11.5
11.5
11.5
11.5
13.4
15.3
17.2
17.2
15.3
15.3
17.2
17.2
17.2
17.2
17.2
17.2
17.2
17.2
15.3
15.3
15.3
19.1
26.8
26.8
30.6
26.8
23
28.7
53.5
57.4
47.8
40.2
26.8
24.9
21
21
21
19.1
17.2
19.1
19.1
17.2
17.2
11.5
13.4
17.2
17.2
26.8
28.7
36.3
36.3
32.5
42.1
49.7
45.9
40.2
32.5
36.3
28.7
28.7
40.2
44
45.9
45.9
44
47.8
47.8
57.4
55.5
47.8
59.3
63.1
66.9
70.8
61.2
55.5
53.5
53.5
55.5
53.5
53.5
42.1
32.5
34.4
49.7
51.6
38.3
42.1
40.2
28.7
21
13.4
17.2
19.1
18.15
17.675
17.2
26.8
21
17.2
19.1
21
34.4
21
21
23
32.5
32.5
30.6
28.7
28.7
30.6
30.6
28.7
32.5
26.8
26.8
30.6
32.5
32.5
38.3
36.3
32.5
36.3
40.2
40.2
49.7
47.8
45.9
44
34.4
26.8
26.8
23
24.9
23
21
23
23
24.9
17.2
17.2
15.3
24.9
23
24.9
24.9
23
21
19.1
19.1
24.9
26.8
26.8
34.4
30.6
40.2
44
44
51.6
66.9
57.4
84.2
36.3
36.3
28.7
32.5
47.8
51.6
49.7
38.3
42.1
47.8
49.7
47.8
38.3
30.6
28.7
21
21
17.2
15.3
13.4
17.2
17.2
19.1
17.2
17.2
17.2
13.4
15.3
16.25
17.2
17.2
17.2
17.2
17.2
17.2
17.2
17.2
19.1
19.1
17.2
17.2
21
19.1
17.2
19.1
21
28.7
28.7
38.3
32.5
38.3
40.2
32.5
42.1
44
42.1
42.1
49.7
57.4
44
40.2
36.3
32.5
26.8
26.8
26.8
24.9
24.9
30.6
30.6
23
26.8
23
23
28.7
26.8
26.8
21
21
19.1
19.1
17.2
21
28.7
24.9
26.8
23
28.7
24.9
23
30.6
30.6
30.6
36.3
36.3
40.2
47.8
47.8
47.8
49.7
53.5
53.5
57.4
57.4
57.4
45.9
42.1
45.9
45.9
38.3
28.7
26.8
30.6
30.6
28.7
30.6
40.2
34.4
32.5
26.8
34.4
23
24.9
31.6
34.95
38.3
34.4
28.7
30.6
30.6
26.8
23
26.8
40.2
44
44
40.2
40.2
30.6
28.7
23
26.8
30.6
30.6
32.5
32.5
30.6
26.8
26.8
24.9
26.8
24.9
24.9
23
24.9
28.7
28.7
24.9
28.7
32.5
30.6
32.5
34.4
34.4
26.8
28.7
38.3
61.2
44
34.4
36.3
30.6
28.7
23
28.7
19.1
21
30.6
28.7
28.7
24.9
66.9
26.8
32.5
32.5
34.4
44
44
49.7
55.5
72.7
74.6
70.8
61.2
63.1
63.1
68.8
70.8
61.2
65
55.5
49.7
47.8
47.8
44
34.4
26.8
17.2
19.1
17.2
11.5
11.5
9.6
9.6
11.5
9.6
9.6
9.6
11.5
9.6
8.65
7.7
7.7
7.7
5.7
7.7
9.6
9.6
9.6
9.6
9.6
9.6
9.6
11.5
9.6
11.5
11.5
11.5
15.3
11.5
17.2
15.3
15.3
17.2
17.2
19.1
17.2
17.2
19.1
19.1
19.1
21
21
21
21
19.1
21
17.2
13.4
15.3
21
21
15.3
23
24.9
15.3
13.4
11.5
15.3
11.5
19.1
15.3
13.4
11.5
15.3
11.5
15.3
19.1
23
24.9
24.9
28.7
26.8
21
21
21
21
26.8
30.6
32.5
28.7
26.8
26.8
24.9
21
21
17.2
17.2
11.5
9.6
9.6
9.6
9.6
7.7
7.7
3.8
3.8
3.8
3.8
3.8
3.8
3.8
1.9
3.8
3.8
3.8
3.8
3.8
3.8
3.8
3.8
3.8
3.8
3.8
3.8
3.8
7.7
7.7
7.7
9.6
9.6
7.7
9.6
9.6
9.6
11.5
9.6
11.5
11.5
15.3
17.2
53.5
65
17.2
17.2
15.3
19.1
17.2
19.1
19.1
19.1
17.2
19.1
17.2
19.1
21
21
21
21
36.3
24.9
23
19.1
21
21
19.1
26.8
19.1
21
23
23
23
24.9
26.8
26.8
15.3
19.1
23
32.5
34.4
76.5
78.4
76.5
65
57.4
55.5
42.1
36.3
40.2
38.3
38.3
38.3
30.6
30.6
30.6
23
15.3
15.3
15.3
11.5
9.6
9.6
7.7
7.7
7.7
7.7
7.7
11.5
13.4
15.3
23
24.9
25.85
26.8
30.6
44
42.1
45.9
45.9
49.7
51.6
49.7
49.7
45.9
49.7
51.6
49.7
53.5
53.5
53.5
53.5
49.7
55.5
53.5
61.2
63.1
61.2
59.3
65
66.9
65
57.4
57.4
59.3
42.1
44
34.4
34.4
36.3
26.8
21
19.1
21
21
15.3
19.1
19.1
19.1
17.2
15.3
17.2
15.3
15.3
11.5
15.3
19.1
21
26.8
30.6
28.7
28.7
32.5
34.4
34.4
30.6
34.4
38.3
38.3
42.1
45.9
44
42.1
38.3
38.3
38.3
38.3
40.2
45.9
38.3
32.5
30.6
32.5
30.6
28.7
30.6
32.5
32.5
30.6
32.5
32.5
38.3
36.3
40.2
44
44
42.1
45.9
47.8
48.75
49.7
51.6
53.5
49.7
53.5
55.5
55.5
59.3
59.3
57.4
63.1
63.1
68.8
68.8
68.8
68.8
70.8
72.7
68.8
68.8
66.9
65
66.9
70.8
66.9
66.9
65
68.8
72.7
68.8
66.9
61.2
57.4
51.6
44
32.5
30.6
24.9
24.9
30.6
26.8
26.8
28.7
24.9
21
23
28.7
32.5
28.7
28.7
30.6
24.9
21
23
26.8
30.6
28.7
28.7
30.6
28.7
26.8
28.7
24.9
26.8
34.4
40.2
42.1
40.2
49.7
57.4
49.7
42.1
47.8
40.2
26.8
26.8
21
21
24.9
21
21
9.6
7.7
7.7
7.7
3.8
7.7
7.7
7.7
7.7
7.7
7.7
7.7
3.8
5.75
6.725
7.7
7.7
7.7
9.6
9.6
9.6
11.5
9.6
9.6
9.6
7.7
9.6
9.6
9.6
9.6
9.6
11.5
15.3
11.5
11.5
17.2
19.1
17.2
21
21
19.1
24.9
26.8
34.4
26.8
24.9
21
26.8
28.7
26.8
26.8
24.9
21
28.7
26.8
15.3
15.3
26.8
28.7
19.1
13.4
21
19.1
21
21
21
19.1
19.1
24.9
24.9
24.9
28.7
24.9
34.4
38.3
34.4
32.5
36.3
32.5
30.6
34.4
40.2
42.1
53.5
53.5
53.5
51.6
55.5
55.5
57.4
55.5
61.2
53.5
49.7
45.9
42.1
49.7
44
45.9
53.5
45.9
40.2
24.9
21
32.5
28.7
30.6
24.9
21
19.1
18.15
17.2
17.2
17.2
19.1
21
24.9
24.9
23
21
24.9
40.2
55.5
57.4
65
66.9
65
59.3
65
63.1
65
59.3
63.1
66.9
63.1
72.7
65
57.4
74.6
66.9
51.6
47.8
45.9
57.4
59.3
59.3
61.2
42.1
30.6
34.4
30.6
42.1
30.6
32.5
32.5
26.8
28.7
30.6
26.8
19.1
19.1
24.9
26.8
24.9
24.9
24.9
21
23
28.7
26.8
24.9
30.6
28.7
32.5
30.6
34.4
34.4
57.4
38.3
38.3
40.2
38.3
34.4
36.3
34.4
28.7
24.9
24.9
21
19.1
23
24.9
24.9
19.1
17.2
15.3
17.2
11.5
9.6
11.5
15.3
17.2
17.2
17.2
21
21
21
21
23
24.9
30.6
28.7
26.8
26.8
26.8
26.8
26.8
28.7
26.8
24.9
28.7
26.8
28.7
28.7
30.6
26.8
28.7
36.3
30.6
32.5
38.3
36.3
32.5
36.3
38.3
36.3
34.4
36.3
34.4
28.7
26.8
24.9
24.9
24.9
28.7
26.8
26.8
26.8
21
21
21
21
21
21
19.1
21
24.9
21
21
21
24.9
23
23
26.8
30.6
28.7
32.5
32.5
34.4
30.6
34.4
36.3
40.2
38.3
36.3
40.2
47.8
45.9
45.9
47.8
47.8
44
42.1
40.2
38.3
44
38.3
40.2
42.1
45.9
47.8
51.6
51.6
53.5
51.6
51.6
53.5
51.6
53.5
53.5
49.7
50.65
51.125
51.6
55.5
59.3
55.5
63.1
61.2
63.1
63.1
65
66.9
65
68.8
70.8
68.8
74.6
74.6
70.8
68.8
72.7
78.4
70.8
72.7
78.4
82.2
76.5
76.5
65
57.4
59.3
59.3
53.5
45.9
51.6
61.2
51.6
51.6
53.5
53.5
59.3
63.1
59.3
55.5
63.1
61.2
59.3
59.3
63.1
63.1
63.1
59.3
57.4
61.2
66.9
61.2
57.4
63.1
66.9
68.8
63.1
57.4
57.4
53.5
53.5
65
57.4
57.4
61.2
66.9
74.6
80.3
84.2
78.4
78.4
74.6
66.9
72.7
68.8
70.8
68.8
72.7
74.6
66.9
66.9
68.8
74.6
70.8
68.8
68.8
70.8
70.8
66.9
68.8
65
66.9
63.1
61.2
59.3
59.3
59.3
61.2
61.2
59.3
61.2
55.5
49.7
51.6
53.5
55.5
55.5
59.3
65
61.2
65
59.3
45.9
55.5
51.6
63.1
63.1
63.1
66.9
68.8
65
68.8
66.9
61.2
53.5
57.4
57.4
59.3
45.9
49.7
49.7
49.7
49.7
53.5
53.5
55.5
78.4
45.9
47.8
45.9
36.3
44
42.1
49.7
44
45.9
44
42.1
47.8
44
45.9
47.8
47.8
55.5
51.6
63.1
55.5
59.3
59.3
59.3
61.2
57.4
57.4
53.5
45.9
49.7
66.9
49.7
45.9
44
45.9
42.1
42.1
36.3
32.5
28.7
24.9
26.8
26.8
28.7
28.7
28.7
26.8
23
23
21
23
21
22
22.5
23
23
26.8
23
26.8
28.7
26.8
23
26.8
32.5
40.2
55.5
55.5
61.2
65
61.2
61.2
66.9
70.8
74.6
74.6
76.5
80.3
80.3
80.3
82.2
80.3
84.2
76.5
65
49.7
44
55.5
57.4
55.5
55.5
49.7
42.1
42.1
40.2
38.3
45.9
45.9
51.6
38.3
45.9
45.9
40.2
42.1
32.5
32.5
32.5
32.5
34.4
38.3
42.1
40.2
45.9
40.2
38.3
40.2
40.2
40.2
40.2
44
42.1
49.7
51.6
55.5
51.6
47.8
65
49.7
49.7
34.4
36.3
34.4
36.3
38.3
30.6
24.9
28.7
40.2
24.9
24.9
19.1
13.4
11.5
21
36.3
28.7
13.4
19.1
23
20.1
18.65
17.2
19.1
26.8
21
23
23
26.8
30.6
32.5
38.3
44
45.9
49.7
53.5
63.1
59.3
61.2
51.6
66.9
65
66.9
68.8
72.7
76.5
72.7
68.8
66.9
63.1
63.1
51.6
45.9
34.4
34.4
26.8
38.3
36.3
28.7
26.8
23
19.1
21
15.3
23
30.6
32.5
40.2
45.9
32.5
24.9
26.8
24.9
21
26.8
30.6
28.7
28.7
38.3
36.3
36.3
34.4
40.2
40.2
36.3
44
47.8
55.5
55.5
57.4
55.5
57.4
55.5
57.4
61.2
57.4
55.5
49.7
44
49.7
53.5
53.5
51.6
49.7
45.9
47.8
45.9
44
40.2
40.2
40.2
40.2
40.2
42.1
36.3
42.1
45.9
47.8
49.7
51.6
51.6
51.6
53.5
53.5
51.6
53.5
57.4
53.5
59.3
57.4
63.1
55.5
59.3
63.1
66.9
70.8
66.9
68.8
70.8
70.8
70.8
74.6
70.8
63.1
72.7
66.9
55.5
53.5
51.6
59.3
51.6
47.8
40.2
42.1
40.2
44
42.1
34.4
34.4
30.6
51.6
40.15
34.425
31.5625
30.13125
29.415625
29.0578125
28.87890625
28.789453125
28.7
24.9
26.8
30.6
40.2
86.1
57.4
57.4
59.3
57.4
65
61.2
84.2
66.9
65
66.9
68.8
66.9
74.6
72.7
74.6
82.2
84.2
72.7
66.9
55.5
51.6
49.7
47.8
44
44
42.1
42.1
40.2
36.3
42.1
42.1
44
51.6
45.9
42.1
45.9
45.9
46.85
47.325
47.8
47.8
51.6
57.4
59.3
63.1
59.3
59.3
59.3
63.1
61.2
59.3
63.1
61.2
65
65
63.1
61.2
59.3
61.2
61.2
55.5
57.4
47.8
44
36.3
24.9
30.6
19.1
17.2
17.2
17.2
9.6
17.2
15.3
17.2
11.5
15.3
17.2
15.3
15.3
9.6
15.3
19.1
13.4
13.4
13.4
13.4
13.4
13.4
13.4
11.5
11.5
9.6
9.6
13.4
13.4
17.2
17.2
15.3
19.1
17.2
17.2
17.2
17.2
13.4
13.4
15.3
17.2
13.4
15.3
17.2
17.2
19.1
17.2
17.2
15.3
11.5
11.5
11.5
11.5
11.5
9.6
11.5
11.5
11.5
11.5
15.3
15.3
15.3
17.2
17.2
17.2
17.2
17.2
17.2
17.2
17.2
19.1
19.1
17.2
17.2
19.1
19.1
23
26.8
24.9
28.7
38.3
44
45.9
44
44
61.2
66.9
65
63.1
59.3
59.3
49.7
53.5
42.1
24.9
19.1
55.5
57.4
55.5
49.7
32.5
30.6
26.8
11.5
19.1
15.3
15.3
13.4
17.2
13.4
13.4
17.2
19.1
19.1
15.3
13.4
19.1
19.1
23
17.2
19.1
21
21
17.2
19.1
19.1
17.2
19.1
17.2
17.2
15.3
15.3
13.4
13.4
15.3
15.3
17.2
19.1
19.1
19.1
19.1
19.1
19.1
21
17.2
17.2
17.2
15.3
11.5
11.5
15.3
17.2
19.1
17.2
17.2
11.5
13.4
13.4
13.4
13.4
13.4
9.6
10.55
11.025
11.5
9.6
9.6
9.6
9.6
9.6
9.6
9.6
9.6
9.6
9.6
9.6
9.6
11.5
15.3
15.3
15.3
19.1
21
24.9
28.7
28.7
30.6
28.7
28.7
28.7
26.8
24.9
28.7
30.6
26.8
26.8
28.7
30.6
28.7
32.5
30.6
32.5
26.8
26.8
24.9
30.6
40.2
28.7
26.8
21
21
21
24.9
26.8
32.5
23
28.7
24.9
26.8
23
24.9
28.7
24.9
24.9
28.7
28.7
24.9
28.7
34.4
34.4
40.2
44
42.1
70.8
34.4
34.4
32.5
30.6
32.5
28.7
28.7
28.7
30.6
24.9
32.5
32.5
26.8
34.4
34.4
28.7
24.9
21
28.7
28.7
26.8
30.6
26.8
26.8
28.7
29.65
30.6
28.7
36.3
34.4
44
44
51.6
51.6
55.5
57.4
65
70.8
68.8
65
70.8
66.9
68.8
72.7
70.8
72.7
76.5
80.3
76.5
76.5
82.2
80.3
72.7
72.7
61.2
47.8
42.1
42.1
40.2
36.3
36.3
30.6
30.6
32.5
26.8
26.8
30.6
38.3
66.9
26.8
19.1
19.1
26.8
23
19.1
17.2
17.2
17.2
17.2
17.2
17.2
19.1
21
24.9
24.9
23
26.8
32.5
34.4
36.3
38.3
36.3
45.9
47.8
47.8
49.7
49.7
45.9
49.7
44
38.3
34.4
28.7
30.6
26.8
19.1
19.1
15.3
13.4
11.5
9.6
13.4
15.3
15.3
15.3
9.6
9.6
9.6
9.6
11.5
15.3
17.2
19.1
17.2
11.5
7.7
7.7
9.6
7.7
7.7
9.6
9.6
9.6
9.6
11.5
11.5
11.5
13.4
13.4
13.4
13.4
17.2
13.4
15.3
19.1
17.2
23
24.9
24.9
23
23
23
24.9
28.7
28.7
23
21
28.7
28.7
23
15.3
24.9
21
21
28.7
15.3
21
26.8
21
19.1
21
21
19.1
26.8
51.6
57.4
21
21
34.4
28.7
34.4
30.6
36.3
36.3
45.9
42.1
38.3
38.3
44
44
45.9
45.9
45.9
49.7
49.7
49.7
45.9
44
44
42.1
36.3
30.6
23
23
19.1
17.2
15.3
11.5
9.6
11.5
11.5
11.5
11.5
9.6
9.6
11.5
11.5
11.5
11.5
15.3
17.2
17.2
17.2
17.2
19.1
21
24.9
26.8
28.7
32.5
34.4
40.2
36.3
40.2
40.2
34.4
32.5
34.4
49.7
47.8
40.2
40.2
40.2
32.5
32.5
26.8
28.7
26.8
24.9
24.9
23
28.7
24.9
30.6
21
24.9
19.1
17.2
13.4
24.9
24.9
19.1
17.2
19.1
19.1
19.1
19.1
17.2
21
21
19.1
26.8
24.9
23
26.8
26.8
26.8
30.6
28.7
44
49.7
45.9
47.8
61.2
47.8
44
44
51.6
47.8
42.1
36.3
30.6
15.3
24.9
26.8
21
19.1
17.2
13.4
13.4
7.7
7.7
7.7
7.7
7.7
7.7
5.7
5.7
5.7
5.7
5.7
5.7
5.7
5.7
5.7
7.7
7.7
7.7
7.7
7.7
7.7
7.7
7.7
9.6
9.6
9.6
11.5
15.3
11.5
11.5
11.5
15.3
17.2
17.2
15.3
15.3
17.2
23
26.8
24.9
26.8
24.9
26.8
28.7
28.7
23
21
21
21
19.1
21
26.8
26.8
30.6
28.7
34.4
36.3
28.7
21
24.9
23
23
17.2
17.2
21
24.9
21
23
17.2
23
47.8
17.2
23
23
23
34.4
30.6
32.5
34.4
40.2
44
45.9
49.7
55.5
57.4
57.4
61.2
55.5
53.5
51.6
44
40.2
36.3
28.7
26.8
24.9
23
15.3
13.4
17.2
15.3
15.3
11.5
15.3
15.3
11.5
15.3
11.5
13.4
14.35
15.3
17.2
21
21
24.9
26.8
26.8
26.8
30.6
26.8
24.9
23
23
21
21
21
21
17.2
19.1
19.1
19.1
23
34.4
36.3
34.4
30.6
26.8
30.6
30.6
30.6
26.8
19.1
19.1
21
17.2
13.4
15.3
13.4
7.7
9.6
13.4
9.6
9.6
11.5
13.4
9.6
13.4
9.6
9.6
11.5
11.5
13.4
9.6
9.6
9.6
13.4
9.6
15.3
13.4
13.4
11.5
13.4
15.3
17.2
13.4
13.4
13.4
13.4
15.3
17.2
17.2
21
21
24.9
23
23
36.3
36.3
42.1
30.6
32.5
32.5
26.8
30.6
26.8
24.9
24.9
21
21
24.9
28.7
40.2
42.1
44
44.95
45.425
45.9
45.9
45.9
51.6
44
53.5
57.4
59.3
57.4
55.5
57.4
53.5
57.4
53.5
53.5
53.5
55.5
49.7
49.7
59.3
68.8
74.6
63.1
59.3
47.8
42.1
32.5
30.6
26.8
23
23
24.9
34.4
45.9
38.3
38.3
32.5
36.3
28.7
23
21
23
21
17.2
21
19.1
17.2
23
23
17.2
23
34.4
53.5
55.5
49.7
40.2
38.3
38.3
34.4
26.8
26.8
28.7
30.6
26.8
34.4
55.5
34.4
38.3
34.4
30.6
44
47.8
45.9
40.2
34.4
32.5
26.8
21
24.9
45.9
44
42.1
34.4
34.4
34.4
32.5
32.5
26.8
24.9
23
23
23
24.9
26.8
22.95
21.025
19.1
15.3
23
24.9
28.7
30.6
34.4
42.1
44
53.5
63.1
66.9
66.9
68.8
72.7
72.7
70.8
66.9
61.2
55.5
63.1
68.8
70.8
72.7
74.6
68.8
59.3
59.3
53.5
47.8
47.8
45.9
40.2
36.3
36.3
36.3
40.2
55.5
49.7
44
44
51.6
65
44
36.3
34.4
36.3
38.3
34.4
36.3
38.3
44
51.6
49.7
42.1
44
47.8
49.7
65
65
65
68.8
76.5
84.2
88
78.4
82.2
88
86.1
88
91.8
97.5
89.9
95.6
103.3
97.5
89.9
86.1
84.2
80.3
74.6
72.7
68.8
70.8
74.6
80.3
78.4
76.5
78.4
65
74.6
80.3
66.9
68.8
77.45
81.775
86.1
88
86.1
89.9
80.3
86.1
80.3
80.3
80.3
97.5
105.2
103.3
105.2
91.8
82.2
101.4
114.8
109
110.9
105.2
110.9
110.9
99.4
80.3
80.3
82.2
66.9
66.9
55.5
51.6
47.8
49.7
49.7
51.6
49.7
47.8
45.9
42.1
34.4
34.4
36.3
34.4
36.3
30.6
30.6
28.7
36.3
32.5
34.4
30.6
30.6
36.3
42.1
42.1
40.2
53.5
57.4
65
70.8
93.7
105.2
109
105.2
110.9
109
110.9
99.4
89.9
101.4
101.4
70.8
78.4
66.9
53.5
66.9
65
55.5
51.6
45.9
45.9
44
44
42.1
38.3
38.3
38.3
36.3
40.2
40.2
44
44
44
49.7
51.6
52.55
53.025
53.5
55.5
55.5
28.7
34.4
32.5
26.8
45.9
36.3
38.3
44
38.3
36.3
32.5
34.4
36.3
30.6
32.5
36.3
38.3
38.3
44
38.3
28.7
26.8
32.5
28.7
21
21
15.3
11.5
15.3
13.4
26.8
17.2
17.2
13.4
17.2
17.2
24.9
24.9
21
38.3
23
23
21
26.8
30.6
24.9
26.8
26.8
24.9
26.8
26.8
30.6
74.6
30.6
38.3
38.3
38.3
42.1
40.2
49.7
51.6
53.5
47.8
36.3
42.1
53.5
59.3
57.4
93.7
53.5
51.6
53.5
51.6
53.5
49.7
53.5
55.5
49.7
40.2
45.9
36.3
34.4
38.3
36.3
38.3
40.2
45.9
44
42.1
44
44
44
44
44
45.9
51.6
53.5
55.5
59.3
61.2
59.3
63.1
63.1
65
61.2
55.5
63.1
72.7
74.6
76.5
74.6
74.6
74.6
70.8
76.5
68.8
70.8
65
51.6
42.1
34.4
34.4
38.3
38.3
32.5
30.6
34.4
36.3
38.3
40.2
55.5
36.3
40.2
44
38.3
42.1
53.5
57.4
61.2
61.2
68.8
65
76.5
76.5
72.65
70.725
68.8
72.7
72.7
70.8
70.8
84.2
89.9
91.8
86.1
88
86.1
74.6
65
61.2
63.1
63.1
61.2
61.2
61.2
61.2
57.4
51.6
51.6
49.7
51.6
47.8
45.9
44
44
44
42.1
42.1
44
47.8
45.9
45.9
44
42.1
44
45.9
47.8
48.75
49.225
49.7
51.6
55.5
55.5
57.4
59.3
57.4
59.3
55.5
55.5
53.5
57.4
55.5
57.4
57.4
51.6
55.5
63.1
68.8
68.8
65
57.4
49.7
45.9
42.1
38.3
34.4
34.4
34.4
32.5
32.5
30.6
34.4
42.1
32.5
30.6
24.9
24.9
24.9
26.8
26.8
32.5
32.5
24.9
24.9
26.8
34.4
34.4
38.3
38.3
44
47.8
55.5
51.6
57.4
61.2
66.9
68.8
128.10001
76.5
68.8
88
76.5
65
65
63.1
66.9
63.1
61.2
65
63.1
59.3
57.4
61.2
66.9
63.1
53.5
59.3
49.7
47.8
40.2
47.8
40.2
32.5
32.5
38.3
34.4
32.5
42.1
44
40.2
36.3
38.3
40.2
38.25
37.275
36.3
40.2
47.8
53.5
47.8
44
44
45.9
44
42.1
40.2
40.2
47.8
45.9
45.9
40.2
32.5
36.3
40.2
44
45.9
47.8
47.8
45.9
45.9
44
44
44
45.9
47.8
55.5
49.7
42.1
47.8
42.1
45.9
38.3
32.5
30.6
28.7
28.7
28.7
36.3
34.4
38.3
30.6
26.8
30.6
40.2
34.4
44
76.5
55.5
53.5
53.5
53.5
47.8
40.2
40.2
38.3
38.3
42.1
38.3
45.9
45.9
40.2
32.5
34.4
36.3
32.5
38.3
45.9
44
44
42.1
40.2
40.2
40.2
42.1
44
40.2
36.3
32.5
32.5
38.3
38.3
45.9
49.7
47.8
44
47.8
45.9
42.1
40.2
40.2
40.2
40.2
57.4
51.6
42.1
34.4
38.3
36.3
36.3
40.2
38.3
42.1
47.8
44
36.3
28.7
34.4
26.8
36.3
24.9
19.1
17.2
19.1
17.2
17.2
21
24.9
28.7
26.8
26.8
24.9
17.2
13.4
23
23
24.9
19.1
19.1
19.1
23
30.6
30.6
32.5
32.5
34.4
34.4
30.6
28.7
24.9
24.9
30.6
30.6
26.8
26.8
30.6
38.3
36.3
40.2
38.3
40.2
32.5
32.5
42.1
32.5
32.5
42.1
45.9
47.8
47.8
44
42.1
36.3
38.3
45.9
42.1
44
40.2
36.3
32.5
36.3
34.4
28.7
19.1
23
24.9
21
17.2
15.3
19.1
13.4
13.4
32.5
40.2
26.8
32.5
38.25
41.125
44
40.2
36.3
30.6
28.7
44
34.4
30.6
30.6
38.3
47.8
45.9
36.3
36.3
36.3
47.8
49.7
30.6
26.8
30.6
51.6
53.5
44
42.1
49.7
42.1
38.3
45.9
51.6
57.4
45.9
53.5
51.6
45.9
24.9
24.9
23
26.8
24.9
21
17.2
21
23
21
19.1
13.4
13.4
15.3
19.1
19.1
13.4
21
23
24.9
26.8
28.7
34.4
30.6
36.3
38.3
40.2
36.3
45.9
45.9
47.8
47.8
42.1
40.2
51.6
57.4
51.6
38.3
40.2
49.7
53.5
55.5
57.4
57.4
49.7
42.1
45.9
44
40.2
36.3
32.5
32.5
30.6
28.7
28.7
30.6
34.4
34.4
36.3
40.2
41.15
41.625
42.1
42.1
45.9
44
42.1
45.9
45.9
44
40.2
42.1
42.1
34.4
36.3
40.2
28.7
38.3
45.9
40.2
40.2
44
45.9
42.1
38.3
34.4
26.8
21
24.9
26.8
26.8
26.8
32.5
30.6
26.8
28.7
28.7
30.6
30.6
40.2
38.3
34.4
28.7
28.7
28.7
28.7
24.9
24.9
23
15.3
17.2
23
17.2
15.3
15.3
23
24.9
26.8
28.7
24.9
24.9
21
24.9
26.8
26.8
30.6
30.6
34.4
38.3
32.5
34.4
36.3
42.1
51.6
51.6
45.9
47.8
40.2
34.4
30.6
26.8
21
17.2
13.4
11.5
11.5
15.3
13.4
11.5
11.5
11.5
9.6
9.6
9.6
7.7
7.7
7.7
7.7
7.7
7.7
11.5
13.4
19.1
19.1
19.1
19.1
26.8
34.4
49.7
63.1
63.1
88
103.3
95.6
82.2
93.7
91.8
97.5
128.10001
88
80.3
82.2
84.2
65
51.6
42.1
34.4
32.5
30.6
28.7
23
26.8
28.7
38.3
34.4
26.8
24.9
26.8
26.8
32.5
36.3
30.6
24.9
21
30.6
34.4
32.5
30.6
30.6
30.6
34.4
32.5
65
51.6
47.8
66.9
59.3
84.2
78.4
80.3
68.8
70.8
74.6
68.8
70.8
74.6
72.7
70.8
72.7
68.8
65
65
66.9
65
63.1
59.3
61.2
59.3
55.5
51.6
49.7
51.6
49.7
53.5
55.5
55.5
61.2
66.9
65
61.2
61.2
65
66.9
67.85
68.8
72.7
72.7
78.4
78.4
80.3
80.3
84.2
86.1
89.9
93.7
91.8
88
86.1
84.2
84.2
84.2
74.6
55.5
45.9
40.2
47.8
51.6
66.9
74.6
66.9
49.7
51.6
51.6
55.5
65
59.3
53.5
55.5
59.3
63.1
59.3
51.6
53.5
47.8
47.8
42.1
38.3
40.2
26.8
24.9
26.8
53.5
57.4
57.4
53.5
53.5
45.9
36.3
38.3
30.6
36.3
45.9
51.6
49.7
49.7
49.7
47.8
45.9
42.1
42.1
44
51.6
53.5
51.6
55.5
55.5
55.5
61.2
61.2
53.5
42.1
44
45.9
45.9
42.1
40.2
42.1
47.8
45.9
42.1
44
44
44
45.9
47.8
45.9
45.9
47.8
49.7
50.65
51.6
49.7
49.7
49.7
55.5
55.5
53.5
55.5
47.8
47.8
47.8
44
45.9
49.7
63.1
72.7
78.4
76.5
80.3
74.6
68.8
66.9
61.2
44
34.4
26.8
21
15.3
13.4
13.4
11.5
13.4
13.4
19.1
17.2
13.4
11.5
7.7
9.6
7.7
7.7
7.7
7.7
7.7
7.7
5.7
5.7
9.6
9.6
9.6
9.6
9.6
9.6
9.6
9.6
9.6
9.6
9.6
9.6
7.7
7.7
9.6
9.6
11.5
11.5
13.4
11.5
15.3
17.2
21
23
26.8
24.9
23
26.8
30.6
36.3
36.3
32.5
36.3
34.4
40.2
34.4
19.1
21
30.6
34.4
28.7
28.7
26.8
26.8
23
21
26.8
30.6
32.5
34.4
36.3
30.6
26.8
32.5
34.4
45.9
40.2
36.3
30.6
32.5
38.3
40.2
40.2
34.4
28.7
28.7
24.9
21
24.9
26.8
26.8
23
19.1
15.3
15.3
11.5
11.5
7.7
7.7
7.7
7.7
7.7
7.7
5.7
7.7
7.7
5.7
7.7
7.7
7.7
5.7
5.7
5.7
5.7
5.7
5.7
7.7
7.7
7.7
7.7
7.7
7.7
7.7
7.7
7.7
7.7
7.7
9.6
11.5
7.7
9.6
9.6
11.5
9.6
19.1
23
23
21
17.2
24.9
28.7
26.8
21
24.9
24.9
24.9
21
23
21
19.1
19.1
24.9
32.5
38.3
38.3
38.3
38.3
36.3
36.3
32.5
32.5
28.7
32.5
35.4
36.85
38.3
36.3
34.4
38.3
34.4
40.2
47.8
40.2
36.3
38.3
38.3
34.4
44
40.2
30.6
34.4
34.4
42.1
44
44
49.7
47.8
47.8
49.7
42.1
36.3
28.7
17.2
15.3
15.3
15.3
17.2
19.1
13.4
13.4
15.3
13.4
11.5
9.6
11.5
11.5
11.5
13.4
17.2
17.2
15.3
11.5
11.5
9.6
9.6
9.6
9.6
11.5
9.6
9.6
11.5
9.6
13.4
13.4
15.3
13.4
15.3
21
24.9
24.9
26.8
24.9
30.6
30.6
32.5
34.4
34.4
34.4
32.5
34.4
40.2
34.4
34.4
30.6
30.6
26.8
17.2
17.2
19.1
17.2
17.2
17.2
19.1
19.1
24.9
26.8
24.9
26.8
21
27.7
31.05
34.4
38.3
36.3
38.3
32.5
36.3
38.3
30.6
26.8
21
21
24.9
28.7
32.5
30.6
28.7
19.1
21
19.1
21
24.9
28.7
26.8
26.8
24.9
19.1
23
17.2
17.2
17.2
19.1
17.2
23
21
15.3
13.4
11.5
11.5
17.2
15.3
17.2
21
21
15.3
15.3
11.5
11.5
13.4
15.3
11.5
11.5
11.5
11.5
11.5
11.5
13.4
13.4
15.3
17.2
15.3
17.2
19.1
32.5
19.1
23
28.7
26.8
89.9
63.1
32.5
34.4
34.4
34.4
32.5
32.5
32.5
32.5
32.5
30.6
24.9
19.1
17.2
13.4
15.3
13.4
11.5
11.5
11.5
11.5
11.5
15.3
13.4
13.4
13.4
13.4
13.4
13.4
13.4
13.4
13.4
15.3
15.3
15.3
13.4
17.2
19.1
17.2
19.1
19.1
21
30.6
32.5
30.6
32.5
32.5
42.1
38.3
34.4
34.4
26.8
28.7
23
23
28.7
32.5
28.7
26.8
26.8
17.2
15.3
28.7
24.9
21
15.3
15.3
13.4
17.2
19.1
23
17.2
15.3
15.3
15.3
11.5
13.4
11.5
11.5
11.5
13.4
13.4
17.2
19.1
21
19.1
21
23
23
23
26.8
32.55
38.3
31.6
24.9
26.8
45.9
24.9
28.7
30.6
36.3
40.2
47.8
44
38.3
30.6
30.6
32.5
26.8
24.9
13.4
13.4
11.5
11.5
9.6
9.6
9.6
9.6
11.5
13.4
13.4
15.3
22.95
26.775
30.6
32.5
34.4
36.3
28.7
28.7
28.7
28.7
30.6
32.5
34.4
32.5
32.5
32.5
26.8
26.8
24.9
19.1
19.1
11.5
15.3
17.2
21
17.2
17.2
15.3
15.3
13.4
15.3
15.3
13.4
13.4
15.3
17.2
15.3
13.4
15.3
17.2
17.2
15.3
19.1
21
24.9
21
21
19.1
23
23
24.9
21
21
17.2
21
23
23
23
24.9
21
19.1
15.3
15.3
23
23
21
21
19.1
40.2
38.3
24.9
21
21
21
23
24.9
26.8
32.5
30.6
23
21
23
26.8
23
15.3
17.2
17.2
19.1
17.2
19.1
19.1
19.1
19.1
24.9
19.1
24.9
22.95
21.975
21
24.9
28.7
28.7
36.3
44
49.7
47.8
45.9
49.7
40.2
57.4
59.3
65
63.1
55.5
65
51.6
74.6
78.4
76.5
78.4
66.9
49.7
45.9
38.3
32.5
30.6
28.7
28.7
24.9
23
26.8
30.6
24.9
23
24.9
24.9
42.1
28.7
24.9
26.8
28.7
34.4
26.8
24.9
24.9
24.9
21
21
21
19.1
21
21
19.1
24.9
24.9
24.9
24.9
24.9
26.8
30.6
34.4
38.3
36.3
36.3
34.4
34.4
40.2
36.3
32.5
34.4
34.4
34.4
32.5
36.3
34.4
36.3
36.3
36.3
34.4
32.5
30.6
30.6
28.7
28.7
26.8
24.9
15.3
15.3
15.3
15.3
17.2
19.1
15.3
13.4
11.5
17.2
15.3
19.1
15.3
19.1
15.3
19.1
17.2
17.2
11.5
21
30.6
34.4
38.3
42.1
36.3
38.3
47.8
34.4
36.3
40.2
40.2
45.9
44
44
40.2
38.3
36.3
38.3
36.3
40.2
40.2
38.3
36.3
32.5
26.8
36.3
34.4
38.3
36.3
38.3
63.1
49.7
30.6
28.7
30.6
28.7
26.8
26.8
23
26.8
26.8
30.6
55.5
32.5
42.1
34.4
40.2
36.3
34.4
32.5
32.5
30.6
28.7
65
45.9
24.9
24.9
30.6
36.3
42.1
44
42.1
40.2
34.4
34.4
36.3
36.3
38.3
32.5
26.8
24.9
24.9
19.1
21
28.7
36.3
26.8
26.8
26.8
30.6
30.6
28.7
32.5
34.4
36.3
40.2
42.1
