"x"
36.125
30.375
22.0125
17.2125
14.1125
12.6875
12.6875
17.925
17.925
12.2125
12.6875
24.9171875
18.65
16.975
9.125
8.6125
10.275
11.75
7.425
9.8375
21.7625
42.3125
27
53.56015625
47.1125
30.3625
41.1375
22.9625
26.0625
27.0125
12.45
14.1125
38.725
48.2875
33.0125
32.09921875
21.2625
18.6375
39.9125
12.6875
14.6
11.5
14.1125
15.5375
27.5
21.5375
14.5875
16.91796875
15.5375
17.45
31.55
32.2625
40.8875
33.475
38.975
35.8625
47.1
52.825
34.2
26.740625
26.7875
23.1875
18.875
32.0375
39.7
34.9125
32.5
31.8
30.8375
32.0375
17.9375
17.1703125
23.4375
52.125
37.7625
20.325
20.5375
20.775
33
56.8609375
66.46328125
23.1875
15.0625
18.20703125
22.2625
41.3625
31.5875
21.5125
8.6125
11.25
12.9375
41.1
66.4375
57.6125
63.35
70.36796875
55.9125
32.7625
26.7625
13.4
11.975
14.1125
25.8125
37.0625
50.925
53.5625
61.4375
36.17578125
61.925
55.7
43.7625
38.4875
44.4875
47.0875
40.8875
46.1375
60.4625
59.275
29.9
28.7296875
30.6
42.8
37.3
27.9875
33.7125
55.925
53.5375
41.8625
45.1875
39.675
27.0375
33.22734375
53.575
73.8625
33.925
20.325
16.725
27.7125
64.7875
79.85
76.725
78.1625
60.2625
34.94375
42.075
36.575
34.6625
36.8125
24.3875
69.8
90.1375
62.625
53.3
52.85
34.4375
35.475
33.225
35.375
37.3125
52.5875
79.6125
90.375
68.125
63.825
69.55
57.375
62.8625
59.68515625
61.2
43.7625
40.6625
53.55
27.975
42.1
33.225
38.7375
50.6625
46.85
59.275
61.83828125
51.8625
41.1375
44.4625
25.3375
15.775
21.275
24.4
28.4625
33.7
38.9875
37.0625
31.74296875
17.675
20.55
27.0375
23.425
26.7875
21.05
26.3125
33.475
41.625
26.775
8.65
10.80234375
18.2
42.1
40.2
42.1
29.65
19.1
20.1
21.05
15.3
14.35
10.55
9.6
12.45
17.2
18.15
33.45
41.15
44
53.55
47.85
22
5.7
4.75
5.7
7.65
9.6
10.55
15.3
15.3
23.9
45.9
29.65
35.4
26.8
17.2
21.05
21.05
31.55
39.2
42.1
26.8
27.75
28.7
33.45
35.35
28.7
29.65
36.35
30.6
36.35
44
37.3
25.8
21
21.05
18.15
17.2
6.7
3.8
5.7
8.65
8.65
8.65
8.65
11.5
11.5
10.55
11.5
6.7
3.8
4.75
6.7
11.5
17.2
20.05
20.05
14.35
18.15
22
29.65
11.5
8.65
7.7
9.6
11.5
20.05
18.15
22
22
17.2
23
22
18.15
8.6
5.7
11.5
16.25
24.85
32.5
27.75
27.75
32.5
28.7
36.3
41.15
27.75
18.2
16.25
44
51.6
49.7
44.95
28.7
22.95
26.8
14.35
12.45
7.65
6.7
9.6
23.9
22
22
23.95
22
22
23.95
13.4
20.05
21
23
20.1
29.65
31.55
25.85
22
18.15
20.05
24.9
18.15
19.1
33.45
35.35
35.4
32.5
37.3
44
47.8
43.05
34.4
33.45
36.35
37.3
40.2
40.2
41.15
44
40.2
43.05
46.85
37.3
32.5
30.6
37.3
42.1
21.05
16.25
26.8
39.25
39.25
36.3
37.3
28.7
26.8
27.75
29.65
26.8
13.4
11.5
15.3
18.15
17.2
22
19.1
13.87314453125
13.4
15.3
14.35
19.1
19.1
21
23
24.9
25.85
27.75
30.6
30.6
24.9
24.9
27.75
34.4
34.4
36.3
35.35
39.25
40.2
40.2
37.3
30.6
28.7
26.8
30.6
29.65
28.7
28.7
27.75
25.85
25.85
23.95
24.9
21.05
20.05
20.05
18.15
23.95
24.9
29.65
32.5
34.4
31.55
18.15
22
23
23.95
28.7
32.5
36.3
39.25
42.1
44.95
45.9
47.8
48.75
47.8
41.15
37.3
35.35
38.25
41.15
42.1
42.1
43.05
46.85
40.15
33.45
33.45
35.4
32.5
31.55
33.45
26.8
17.2
16.25
26.8
29.65
36.35
49.7
47.8
41.15
24.9
22
21
22
30.6
25.85
36.35
31.55
29.65
26.8
24.9
23
21.05
21
24.9
21.05
11.5
13.4
9.6
13.4
14.35
19.1
15.3
17.2
23.9
37.3
38.3
25.85
12.45
10.55
15.3
20.1
24.9
22
33.45
32.5
62.853369140625
66.8841928482056
66.8999382533133
66.899999758802
66.8999999990578
66.8999999999963
66.9
66.9
66.9
66.9
66.9
66.9
66.9
66.9
66.9
66.9
66.9
66.9
66.9
66.9
66.9
66.9
66.9
66.9
66.9
66.9
66.9
66.9
66.9
66.9
66.9
66.9
66.9
66.9
66.9
66.9
66.9
66.9
66.9
66.9
66.9
66.9
66.9
66.9
66.9
66.9
66.9
66.9
66.9
66.9
66.9
66.9
66.9
66.9
66.9
66.9
66.9
66.9
66.9
66.9
66.9
66.9
66.9
66.9
66.9
66.9
66.9
66.9
66.9
66.9
66.9
66.9
66.9
66.9
66.9
66.9
66.9
66.9
66.9
66.9
66.9
66.9
78.4
77.45
73.65
67.9
88.9
76.5
53.55
33.45
59.3
65
71.75
73.65
48.75
42.1
30.6
37.3
57.35
69.8
34.4
19.1
20.05
25.85
30.6
43
48.75
39.2
27.75
40.2
40.2
32.5
22
12.45
17.2
37.3
56.4
77.5
80.35
48.75
35.4
48.75
64.05
61.2
48.75
53.55
60.25
65
65
65
61.2
55.5
51.6
55.5
56.45
53.55
44
43.05
49.7
55.45
62.15
59.3
64.05
46.9
25.85
21.05
40.15
41.1
37.3
39.2
32.5
47.8
51.65
59.25
57.35
34.45
22.95
26.8
49.7
44.95
42.1
34.45
22
15.3
52.6
42.1
77.45
39.2
33.45
33.45
49.7
46.85
24.9
12.45
20.1
48.8
78.4
78.4
54.5
49.7
40.15
39.2
47.8
45.9
41.15
40.2
49.7
49.7
42.1
48.75
46.85
44
37.3
29.65
37.3
38.25
25.8
19.1
23.9
44
46.85
55.45
51.6
39.2
23
32.5
49.75
44
37.3
40.2
39.25
45.9
49.7
55.45
56.4
62.15
66.04765625
70.743603515625
76.5
55.45
40.2
37.3
44.95
49.7
48.75
44.95
36.3
46.85
37.3
35.35
44
44
44
38.3
41.15
44.95
44
46.85
53.55
62.15
68.8
54.5
47.8
44
43.05
45.9
44
56.4
52.55
62.15
73.65
61.15
45.9
35.4
71.7
60.25
46.85
45.9
45.9
60.25
65
63.15
29.65
30.6
30.6
30.6
37.3
15.3
11.5
20.1
24.85
22.95
40.15
66
73.65
46.85
33.5
39.2
56.4
56.4
32.55
25.85
35.4
49.75
54.5
57.4
59.25
43
36.35
23
32.5
40.15
12.45
8.65
12.45
21.05
40.2
42.05
58.3
29.65
24.85
33.45
38.25
41.1
16.25
16.25
47.8
46.85
29.65
46.85
35.35
30.6
28.7
28.7
26.8
22.95
23.9
37.3
42.1
59.3
67.9
73.6
66.9
50.65
41.15
42.1
45.9
42.1
25.85
25.85
26.75
35.35
30.6
28.7
24.9
27.75
37.3
44
53.5
42.1
23.9
26.8
46.85
68.8
68.85
71.7
58.3
38.25
29.65
31.55
53.55
65
35.4
27.75
27.75
36.35
55.45
71.7
71.75
58.35
64.1
36.35
29.65
24.9
13.4
9.6
11.5
16.25
21.05
36.3
57.4
48.75
44.95
46.85
75.55
72.7
48.75
47.8
53.8203125
60.25
79.35
90.85
87
57.35
34.4
45.9
63.1
57.35
31.55
34.4
44
49.7
51.65
63.1
49.7
24.85
22
25.8
19.1
15.3
11.5
11.5
12.45
15.3
19.15
36.35
41.15
46.85
33.45
44.95
51.6
51.65
20.1
18.15
22
23.9
27.75
43.05
35.4
40.2
29.65
43.05
46.85
58.35
43.05
44.95
61.2
68.8
68.8
69.8
69.8
64.05
71.0203125
74.55751953125
70.75
66
45.9
46.85
45.9
57.35
69.8
71.75
60.25
54.5
50.65
49.7
41.15
47.8
26.8
33.5
35.4
29.65
40.15
50.65
57.4
46.9
37.3
33.45
53.55
72.65
66.9
62.15
69.8
79.35
79.35
90.85
81.25
49.7
40.2
60.25
50.65
56.4
19.15
15.3
20.05
26.8
34.4
27.75
19.1
15.3
13.4
11.5
11.5
9.6
8.65
8.65
12.45
14.35
44.95
62.15
49.75
24.85
21
21
25.8
20.05
13.4
12.45
12.45
9.6
12.45
22
25.85
22.95
22
34.45
32.55
40.15
21.05
15.3
23.95
25.85
44.95
65.05
66
38.25
35.4
46.85
87
83.2
56.4
21.05
23
26.8
33.45
47.8
44.95
24.9
22
22
38.25
46.85
24.85
9.6
9.55
15.3
26.8
38.25
49.75
30.6
31.55
26.8
26.8
28.7
21.05
7.7
11.5
12.45
36.35
44.95
37.3
29.65
22.95
41.1
52.6
79.35
46.85
33.45
32.5
28.7
23.95
52.6
64.05
44
40.2
47.8
61.2
48.75
37.3
45.9
48.75
59.3
62.15
69.8
67.9
22.95
22.95
28.7
44.95
48.75
45.9
54.5
62.15
59.3
65
67.85
57.35
39.25
51.31171875
62.9513641357422
63.0994535446167
59.3
45.9
43.05
51.6
55.45
65.95
70.8
61.15
41.15
40.984375
51.4740234375
47.8
49.7
38.25
33.45
27.75
31.55
36.3
38.25
37.3
30.6
26.8
36.35
34.4
34.4
23.9
14.35
13.4
12.45
11.5
9.6
9.6
19.1
34.4
39.25
45.9
49.7
35.35
34.4
40.15
41.15
49.7
50.65
46.85
44
34.45
36.35
39.25
39.25
22
17.2
14.35
9.6
15.3
34.45
21.05
18.15
39.25
43.05
44.95
34.4
30.6
39.2
53.5
63.1
74.6
62.15
32.5
25.8
31.55
43.05
47.8
44.95
44.95
43.05
50.7
55.45
60.25
54.5
41.15
38.3
34.4
30.6
22
36.35
36.35
30.6
44.95
43.05
47.85
47.8
40.2
34.4
25.85
24.9
30.6
37.3
37.3
34.4
44.95
49.7
50.65
50.65
45.9
31.55
25.85
24.9
32.55
44
45.9
45.9
49.75
47.8
48.75
41.15
44
28.7
22
24.9
44
61.2
39.2
37.3
50.65
55.45
66.9
77.45
53.55
40.2
31.55
50.7
65
52.6
37.3
34.4
45.9
48.75
56.45
44.95
18.2
17.25
7.65
7.65
6.7
5.7
5.75
7.7
12.45
14.35
16.25
35.4
37.3
24.9
32.5
39.2
38.3
38.25
40.2
49.7
62.15
60.25
65.95
70.75
56.4
30.6
45.9
80.3
62.15
49.7
42.1
47.8
59.25
60.25
65.95
71.75
44
26.8
23.95
36.35
50.65
42.1
27.7
12.45
19.15
26.75
57.35
58.3
48.8
29.65
36.35
38.3
59.3
65
65
67.9
79.4
66.9
65
76.5
79.35
48.75
44
43.95
80.35
59.25
44.95
43.05
60.25
66.95
80.3
88.95
60.25
40.15
42.03203125
57.2062286376953
57.399243080616
57.3999970432837
57.3999999884503
57.3999999999549
57.3999999999998
57.4
57.4
57.4
57.4
57.4
57.4
57.4
57.4
57.4
57.4
57.4
57.4
57.4
57.4
57.4
57.4
57.4
57.4
57.4
57.4
57.4
57.4
57.4
57.4
57.4
57.4
57.4
57.4
57.4
57.4
57.4
57.4
57.4
57.4
57.4
57.4
57.4
57.4
57.4
57.4
57.4
57.4
57.4
57.4
57.4
57.4
57.4
57.4
57.4
57.4
57.4
57.4
57.4
57.4
57.4
57.4
57.4
57.4
57.4
57.4
57.4
57.4
57.4
57.4
57.4
57.4
57.4
57.4
57.4
57.4
57.4
57.4
57.4
57.4
57.4
57.4
57.4
57.4
57.4
57.4
57.4
57.4
57.4
57.4
57.4
57.4
57.4
57.4
57.4
57.4
57.4
57.4
57.4
57.4
57.4
57.4
57.4
57.4
57.4
57.4
57.4
57.4
57.4
57.4
57.4
57.4
57.4
57.4
57.4
57.4
57.4
57.4
57.4
57.4
57.4
57.4
57.4
57.4
57.4
57.4
57.4
57.4
57.4
57.4
57.4
57.4
57.4
57.4
57.4
57.4
57.4
57.4
57.4
57.4
57.4
23.9
18.15
21.05
25.85
33.45
42.1
28.65
16.25
22.95
29.65
26.75
32.5
44
40.15
25.8
17.2
29.65
61.15
61.2
37.3
18.2
12.45
19.1
29.65
25.85
20.05
13.4
11.5
42.1
75.55
46.85
11.5
10.55
14.35
18.15
15.3
13.4
10.55
13.4
14.35
11.5
14.35
12.45
10.55
6.7
7.7
9.6
11.5
12.45
9.6
11.5
12.45
16.25
26.8
15.3
9.55
10.55
18.15
25.85
30.6
15.3
11.5
10.55
19.1
27.75
40.15
38.25
22
18.15
28.7
28.7
19.1
17.2
11.21796875
7.741748046875
13.4
22
36.35
37.3
21
30.6
20.1
17.2
16.25
25.85
25.85
27.75
19.15
69.8
50.7
32.5
33.45
39.2
57.4
65
70.75
50.65
23.95
23.95
25.85
36.35
58.35
44
20.05
17.2
15.3
15.3
14.35
26.8
52.6
53.55
40.2
41.15
46.85
44.95
34.4
43.05
45.9
48.75
40.15
14.35
9.6
10.55
15.3
19.1
25.85
28.7
19.1
23.95
26.8
27.75
28.7
17.2
10.55
12.45
16.25
23.95
23.9
16.25
6.7
4.75
10.55
13.4
20.05
20.05
16.25
16.25
18.15
23.9
29.65
19.15
9.6
12.45
19.1
23
32.5
31.55
28.7
22.95
41.15
43.95
57.4
51.6
51.65
67.9
76.5
81.3
54.5
38.3
42.1
30.6
40.15
75.55
57.35
38.25
42.1
47.8
53.55
74.6
74.6
42.1
33.45
32.55
28.7
44
47.8
43.05
34.4
18.15
22
33.45
28.7
17.2
12.45
10.55
16.25
42.05
51.6
41.15
44
53.55
67.9
53.55
29.65
21
13.4
11.5
12.45
29.65
28.7
39.2
29.65
27.75
17.2
22
20.05
18.15
11.5
11.5
12.45
13.4
18.15
15.3
11.5
10.55
8.65
13.4
17.2
14.35
14.35
16.25
23.9
18.2
29.65
24.85
11.5
16.25
31.55
31.55
31.55
22
21.05
23
36.525
30.6703125
33.45
42.1
43.05
53.55
69.8
93.7
65
27.75
20.05
18.15
20.1
32.55
35.4
39.2
26.8
24.85
20.1
32.55
22
24.9
24.9
23
30.6
33.45
31.55
19.15
8.65
9.6
10.55
10.55
12.45
11.5
12.45
16.25
16.25
14.35
12.45
10.55
7.65
9.6
9.6
13.4
12.45
23.9
18.2
10.55
13.4
15.3
17.2
28.7
26.8
43.05
35.4
37.3
46.85
20.1
16.25
19.1
28.7
40.2
45.9
46.85
49.7
57.4
58.35
55.45
49.7
50.7
29.65
51.65
55.45
35.35
44.95
37.3
26.8
47.8
64.05
54.5
48.75
36.35
48.75
49.575
55.42529296875
55.4997081756592
55.4999988600612
55.4999999955471
55.4999999999826
55.4999999999999
55.5
55.5
55.5
55.5
55.5
55.5
55.5
55.5
55.5
55.5
55.5
55.5
55.5
55.5
55.5
55.5
55.5
55.5
55.5
55.5
55.5
55.5
55.5
55.5
55.5
55.5
55.5
55.5
55.5
55.5
55.5
55.5
55.5
55.5
55.5
55.5
55.5
55.5
55.5
55.5
55.5
55.5
55.5
55.5
55.5
55.5
55.5
55.5
55.5
55.5
55.5
55.5
55.5
55.5
55.5
55.5
55.5
55.5
55.5
55.5
55.5
55.5
55.5
55.5
55.5
55.5
55.45
38.25
31.55
22
15.3
17.2
28.7
18.15
42.1
44
66.9
95.65
97.5
86.1
78.4
53.55
41.1
63.1
69.8
44.95
50.65
74.6
54.5
62.15
43.05
41.15
51.6
36.35
30.6
37.3
41.1
33.5
34.45
42.1
36.35
36.35
24.9
30.6
46.85
40.2
39.2
50.65
53.55
48.75
21.05
8.6
6.7
7.65
9.6
11.5
14.35
15.3
16.25
23
26.8
23.95
18.15
13.4
12.45
13.4
16.25
20.05
17.2
20.1
11.5
11.5
18.15
25.85
20.05
16.25
16.25
14.35
21.05
24.9
35.4
38.25
22
27.75
22.95
22
27.75
29.65
23.9
16.009716796875
15.3027723312378
15.3
25.8
19.15
8.65
17.25
27.75
23.95
17.2
15.3
15.3
16.25
9.6
11.5
20.1
15.3
14.35
14.35
24.85
37.3
26.8
22
19.1
22
25.85
49.7
50.65
36.3
38.25
36.35
41.15
46.85
19.15
17.2
10.55
8.6
9.6
9.6
11.5
16.25
19.1
21.05
22
18.15
13.4
12.45
16.25
30.6
46.85
48.75
42.1
38.25
47.8
53.55
50.65
50.7
22
14.35
26.75
25.85
37.3
43.05
47.8
41.15
44.95
43.05
35.4
28.7
25.8
37.3
17.2
23.95
24.85
23.9
36.35
34.45
25.85
29.65
29.65
32.5
32.5
24.9
23.9
20.05
24.9
27.75
37.3
40.2
39.2
47.8
71.7
56.45
41.1
33.5
38.3
22.95
20.1
43
54.5
39.2
44
47.8
45.9
47.8
50.7
73.6
43
7.65
10.55
24.85
64.1
37.3
41.15
47.8
48.75
30.65
24.85
8.65
8.65
8.65
7.7
9.6
22
27.75
32.5
44
44.95
29.65
8.6
8.65
6.7
9.6
11.5
17.2
27.75
34.4
45.9
49.7
51.65
43.05
47.8
41.15
47.8
31.55
30.6
28.7
40.15
35.35
19.15
24.85
36.35
28.7
17.25
12.45
17.2
14.35
15.3
21.15703125
30.4809356689453
30.5995349049568
30.5999981832225
30.5999999929032
30.5999999999723
30.5999999999999
14.35
16.25
25.85
26.8
28.463427734375
21.05
17.2
22.95
10.55
12.45
20.1
17.2
14.35
13.4
11.5
14.35
18.15
18.15
25.85
17.2
7.65
10.55
18.15
16.25
14.35
15.3
12.45
14.35
17.2
18.15
15.3
7.65
4.75
3.8
3.8
9.6
10.55
7.7
7.7
10.55
10.55
9.6
11.5
10.55
10.55
12.45
14.35
17.2
22
18.15
19.1
18.15
13.4
23.95
15.3
13.4
18.15
21
26.8
28.7
26.8
15.3
19.15
27.7
29.65
23.95
25.85
15.3
7.7
6.7
10.55
12.45
12.45
16.25
15.3
14.35
21
22
32.5
31.55
15.3
31.6
42.1
44.95
48.8
28.7
37.3
21.05
21
24.9
29.65
13.4
3.8
4.75
15.3
17.2
14.35
12.45
13.4
15.3
10.55
13.4
13.4
13.4
6.7
6.7
9.6
15.3
11.5
15.3
9.6
12.45
11.5
20.1
23
11.5
4.75
4.9578125
8.65
12.45
12.45
12.45
11.5
9.6
12.45
12.45
12.45
17.2
23.9
29.65
31.55
19.1
11.5
7.65
6.7
9.6
14.35
16.25
12.45
15.3
17.2
20.05
23.95
22
18.15
21
22
20.05
16.25
17.2
24.9
19.1
16.25
11.5
14.35
19.1
15.3
14.35
15.3
14.35
14.35
16.25
18.15
15.3
5.7
6.7
22
28.7
17.2
15.3
15.3
18.15
22.7509765625
30.65
30.6
34.4
29.65
34.17734375
41.1
35.4
29.65
35.4
31.55
32.5
30.6
30.6
35.4
29.65
22
31.6
35.35
29.65
19.1
16.25
12.45
19.15
27.75
36.3
31.55
27.7
20.05
21
22.95
16.25
13.4
8.65
5.75
3.8
3.8
3.8
3.8
5.75
7.7
7.7
14.35
14.35
12.45
8.6
5.7
5.7
4.75
3.8
4.75
6.7
5.75
9.6
20.05
15.3
20.05
12.45
11.5
10.55
13.4
22
30.6
28.7
19.1
23.9
22.95
20.05
20.05
20.1
23.9
24.85
34.4
49.75
48.75
28.7
18.15
29.65
37.3
48.75
29.65
15.3
17.2
17.2
18.15
26.8
37.3
38.25
26.8
32.5
26.8
26.75
17.2
11.5
15.3
22.95
42.05
47.8
31.55
27.75
24.9
24.9
28.7
22
12.45
11.5
9.6
10.55
13.4
17.2
27.75
31.55
20.1
10.55
15.3
28.7
11.5
7.65
6.7
4.75
7.65
5.7
5.7
3.8
4.75
4.75
8.65
14.35
11.5
9.6
5.7
4.75
5.75
5.7
8.65
6.7
4.75
6.7
11.5
14.35
23
33.45
27.7
11.5
9.6
11.5
16.25
13.4
6.7
6.7
6.7
11.5
17.2
11.5
8.65
9.6
20.05
33.45
42.1
26.75
4.75
4.75
13.4
19.1
19.1
17.2
18.15
18.15
27.7
39.2
33.45
27.75
19.1
17.2
21.05
21.05
15.3
14.35
14.35
15.3
13.4
18.15
22
21.05
14.35
11.5
14.35
15.3
14.35
12.45
13.4
17.2
17.2
13.4
19.1
13.4
5.7
6.7
7.65
22
17.25
9.6
5.75
6.7
7.65
7.65
6.7
16.3
26.8
22
22
29.65
27.75
12.45
15.3
10.55
16.25
25.85
43.05
40.2
40.2
33.1796875
40.15
33.45
22
22
18.15
19.1
28.7
27.75
29.65
26.8
12.45
17.2
23
35.4
55.45
58.35
46.85
36.35
41.15
37.3
35.35
29.65
22.95
22
32.55
43.05
43.05
39.2
40.2
36.3
41.15
37.3
38.3
28.65
13.4
17.2
29.65
36.35
43
18.2
14.35
16.25
9.6
9.6
17.2
11.5
5.7
7.65
16.25
11.5
10.55
9.6
7.7
10.55
9.6
9.6
7.65
12.45
20.1
24.85
32.55
30.6
24.85
12.45
10.55
12.45
32.5
33.45
33.45
43.05
47.8
47.3546875
39.2
43
20.1
26.8
18.15
20.05
14.35
16.25
26.75
45.9
42.1
54.15234375
61.2
62.15
42.05
34.4
34.4
31.55
29.65
32.5
30.6
20.1
11.5
18.15
23.95
26.8
34.4
20.1
17.2
17.2
16.25
20.1
26.8
27.75
10.55
12.45
23.9
27.75
24.85
16.25
15.3
13.4
13.636572265625
20.1
15.3
13.4
6.7
6.7
8.65
16.25
13.4
13.4
19.1
13.4
15.3
17.2
22
31.55
22.95
10.55
11.5
16.25
15.3
16.25
15.3
15.3
17.2
40.2
48.75
44
33.5
13.4
32.5
29.65
20.05
21.05
14.35
15.3
11.5
11.5
12.45
8.65
9.6
10.55
8.65
10.55
11.5
10.55
8.65
9.6
9.6
9.6
8.65
8.65
6.7
8.65
10.55
13.4
14.35
13.4
12.45
14.35
21.05
19.15
23.95
15.3
11.5
12.45
11.5
17.2
14.35
13.4
12.45
14.35
10.55
16.25
21
13.4
4.75
4.75
16.25
12.45
11.5
14.35
11.5
10.55
15.3
13.4
21.05
12.45
4.75
4.75
6.7
25.8
38.25
33.45
16.25
12.45
15.3
22
25.85
30.6
9.55
11.5
13.4
24.85
25.85
17.2
16.25
15.3
19.15
21.05
26.8
34.45
20.05
17.42265625
14.35
17.2
14.35
10.55
8.65
10.55
10.55
6.7
9.6
8.6
5.75
9.6
14.35
14.35
13.4
11.5
8.65
11.5
13.4
14.35
14.35
9.6
10.55
25.2296875
33.5
25.85
17.2
23.95
26.8
24.9
44.95
64.05
56.45
70.75
41.15
38.3
51.65
61.2
58.3
56.45
52.6
45.9
41.15
55.5
68.85
51.65
35.35
31.26796875
35.4
32.5
22.95
15.3
15.3
16.25
17.2
22
21
24.85
10.55
12.45
14.35
23.95
26.8
27.75
15.3
14.35
15.3
18.15
19.1
12.45
6.7
9.55
19.15
30.6
27.75
42.05
32.5
20.1
22.234375
23.9
30.6
41.15
20.05
22.95
29.65
42.1
27.75
17.2
20.1
20.05
32.55
38.25
40.15
37.3
37.3
34.45
26.8
34.4
31.55
20.05
22
26.8
30.6
31.55
33.45
31.55
24.9
40.30703125
62.15
68.8
61.2
51.6
57.4
46.85
52.6
47.8
45.9
26.75
15.3
16.25
22.95
34.4
37.3
40.2
35.35
36.35
38.25
30.6
27.75
20.05
8.65
5.75
7.7
23.9
19.1
19.1
20.05
16.25
22.95
32.5
29.65
41.15
38.25
39.74296875
50.7
62.15
31.6
38.25
31.55
20.1
38.25
35.35
43.95
24.85
13.4
17.2
30.6
31.55
17.2
7.7
5.7
6.7
9.6
11.5
9.6
14.35
9.55
5.75
9.6
12.45
7.7
7.7
4.75
10.55
12.45
9.6
17.2
20.05
18.15
21.05
21.05
24.9
14.35
8.65
5.7
7.7
8.6
8.65
26.75
22.95
18.2
28.7
44.95
68.85
33.45
33.5
27.75
28.7
24.9
36.35
48.75
47.8
51.6
60.29765625
68.85
75.55
66.95
42.1
30.65
24.9
31.6
53.55
62.15
52.6
42.1
52.1640625
60.25
65.05
30.6
23
16.25
12.45
22
20.1
23.95
19.15
6.7
7.65
10.55
17.2
22.95
32.5
18.15
19.1
17.2
20.1
22
14.35
7.7
9.6
16.25
27.75
21
19.1
19.1
19.82734375
20.986083984375
21.05
23.95
13.4
7.7
9.6
11.5
16.25
21
15.3
13.4
12.45
13.4
12.45
11.5
10.55
5.7
9.6
7.65
12.45
16.25
14.35
9.6
11.5
14.35
12.45
13.4
15.3
11.5
13.4
22
24.9
20.05
18.15
25.85
18.15
17.2
30.6
34.4
13.4
14.35
37.25
73.65
77.45
57.4
31.55
25.85
25.85
22.95
27.75
34.4
28.7
17.2
25.8
38.25
47.8
42.1
29.65
43.05
41.1
53.55
51.6
43.05
39.25
34.4
35.4
44
43.05
35.35
30.6
26.8
30.6
45.9
51.65
47.8
44
28.7
36.35
35.4
22.95
24.9
22
18.15
21.05
17.2
27.75
70.75
69.85
22
14.35
43.95
40.15
19.15
8.6
7.7
5.7
8.65
17.2
31.55
29.65
13.4
27.75
46.85
38.25
33.45
33.5
41.1
20.1
21.05
41.15
52.6
33.45
36.3
44
60.25
69.8
59.25
35.4
39.25
40.15
61.2
57.35
52.55
45.9
27.75
32.5
48.8
70.75
45.9
33.5
20.05
14.35
15.3
21.05
43.95
45.9
14.35
10.55
22
41.1
44
22.95
21
20.1
25.85
42.05
70.75
55.45
40.15
28.7
46.85
51.65
30.6
32.5
26.8
35.4
44.95
72.65
73.65
47.85
43.05
52.6
68.85
78.4
60.2
37.3
36.35
33.45
42.05
42.1
53.55
61.2
65
79.35
83.2
49.75
42.05
28.7
22.95
19.1
23.95
28.7
48.75
47.85
41.15
42.1
39.2
26.75
22.95
19.1
16.25
18.15
19.1
20.05
28.7
22
14.35
9.6
15.3
14.35
21.05
23.95
22.95
22
21.05
30.6
37.3
31.55
14.35
22.95
31.55
50.7
49.75
23.95
18.15
14.35
18.15
22.95
42.1
37.3
18.15
25.8
15.3
20.05
29.65
19.1
15.3
13.4
14.35
22
35.35
20.1
7.7
10.55
11.5
20.1
22
23.95
27.75
23.95
22.49296875
31.6
61.2
47.8
21.05
21.05
32.5
66.95
44.95
25.8
17.2
17.2
18.15
19.1
36.35
24.85
12.45
17.2
14.35
20.1
26.75
11.5
8.65
9.6
11.5
10.55
15.3
13.4
10.55
14.35
13.4
18.15
22
15.3
12.45
13.4
14.35
16.25
22
28.7
20.05
23
35.4
47.8
55.45
44
36.3
41.15
47.8
44.95
53.5
50.65
44
44.9
70.75
76.5
88
47.8
38.25
36.3
47.8
51.6
66
68.85
67.9
75.55
88
104.25
78.4
59.3
41.15
46.9
37.3
57.35
78.4
61.2
22.95
51.65
65
77.45
55.45
48.75
43.05
34.4
56.4
58.3
76.5
62.15
51.6
42.05
47.85
44.9
26.8
21.05
12.45
12.45
18.15
18.15
27.75
15.3
8.65
9.6
14.35
22
24.9
22
20.1
16.25
15.3
15.3
33.45
28.7
48.8
69.8
36.35
65.95
47.8
19.15
14.35
16.25
23.9
83.2
66.95
60.25
67.9
81.3
86.05
59.3
77.45
60.25
72.7
57.35
70.8
73.6
59.3
45.9
48.75
64.05
77.45
88.9
79.35
41.15
31.55
55.45
61.2
66.95
69.8
48.75
51.6
65
70.8
66
45.9
24.9
24.9
24.85
27.75
41.1
41.1
16.25
25.8
47.8
31.55
55.45
56.4
32.5
23.9
22.95
24.9
26.8
34.45
21
24.85
56.4
91.8
71.7
82.2
58.3
42.05
23.9
24.9
65.05
77.45
51.6
51.6
69.8
72.7
72.7
53.55
31.55
15.3
13.4
11.5
28.7
58.35
55.5
58.35
65.05
59.3
33.5
43
45.9
28.7
26.8
29.65
28.7
38.25
24.9
6.7
13.4
30.6
57.4
64.05
44.95
32.5
29.65
44.95
54.5
49.7
22
14.35
29.65
46.85
48.75
61.2
41.1
32.5
28.7
30.6
38.3
37.3
12.45
7.7
10.55
15.3
19.1
31.6
53.55
31.6
33.45
31.55
42.1
39.2
16.25
6.7
11.5
22.95
51.65
53.55
49.7
54.5
26.8
32.55
50.7
47.8
15.3
9.6
18.15
21
19.1
18.15
18.15
19.1
20.05
33.45
37.3
25.8
10.71328125
7.65
13.4
21.875
27.75
21.05
15.536572265625
13.4
10.55
12.45
37.3
45.9
51.1546875
56.45
61.2
69.89765625
75.55
65.05
20.778515625
15.3
17.2
19.1
34.4
22
19.32265625
48.8
68.85
70.8
76.5
64.05
47.56845703125
43.05
40.2
40.2
39.02734375
40.2
40.2
43.05
48.75
37.8703125
33.45
32.5
32.5
25.85
24.9
21.485595703125
22.95
21
13.4
14.35
18.15
17.2
20.05
26.8
25.85
22.95
21
22
25.85
29.65
11.45
5.75
9.6
22
43
54.5
56.45
43.05
62.15
61.2
59.3
62.15
50.7
45.9
53.55
56.45
39.2
38.3
34.4
33.45
27.46796875
35.4
59.3
53.55
14.35
5.75
4.75
6.7
7.7
9.6
10.55
9.6
14.35
11.5
9.6
20.05
12.45
19.15
24.9
30.6
34.4
28.7
16.25
11.5
12.45
14.35
32.55
60.25
29.65
10.55
10.55
19.1
26.8
39.2
35.4
27.97265625
26.813916015625
40.15
48.75
66.9
56.4
65
80.3
90.85
83.2
63.1
40.15
26.8
21.05
19.1
40.15
35.4
9.55
5.7
7.7
17.2
29.65
45.9
39.2
38.25
32.5
29.65
49.7
29.65
13.4
13.4
30.6
59.25
77.45
79.35
60.25
52.55
61.2
77.5
74.6
74.6
65.95
61.2
66.95
67.9
71.75
59.3
51.6
35.35
26.8
39.25
57.35
69.8
62.15
54.5
65.05
72.7
79.35
67.9
41.1
32.5
28.7
42.1
50.7
59.3
57.4
65.95
68.85
71.75
61.15
58.35
46.85
25.85
20.05
36.35
45.9
50.65
33.5
29.65
32.5
48.75
68.85
70.75
38.25
31.55
30.6
38.25
53.55
70.75
60.25
57.4
60.25
46.9
65
54.5
59.3
39.2
19.1
24.9
35.4
33.5
7.65
3.8
5.7
11.5
21
49.7
46.85
22
22.95
20.1
21.05
21.05
5.75
2.85
6.7
12.45
15.3
32.5
23.95
25.8
17.436572265625
15.3
19.1
13.4
4.75
3.8
6.7
7.65
11.5
19.1
19.1
19.1
19.1
22
32.5
33.5
10.55
4.75
7.7
11.5
22
26.8
33.45
24.9
20.05
24.9
28.7
26.8
19.1
15.3
9.6
14.35
24.9
32.5
24.9
13.4
10.55
14.35
16.25
14.35
7.65
6.7
10.55
19.1
23.95
31.55
23
21.05
17.2
24.85
23
18.15
5.75
1.9
3.8
8.65
13.4
27.75
35.35
32.5
43
67.85
65.95
63.1
27.7
13.4
5.7
15.3
26.8
23.95
22
21.05
16.25
24.85
34.4
33.5
8.6
3.8
4.75
5.75
10.55
23.95
31.55
32.5
29.65
32.5
28.7
24.85
6.7
2.85
9.55
23.9
47.8
75.55
43.05
30.6
26.8
26.8
52.6
49.75
33.45
30.6
25.85
44
49.7
64.05
57.35
43
51.65
62.15
54.5
54.5
47.8
49.7
54.8203125
57.4
50.65
57.4
32.55
20.05
21
22
52.6
59.25
40.15
47.85
55.384375
57.35
68.85
71.75
52.6
24.85
21.05
34.4
61.2
54.55
20.1
13.4
15.3
25.8
38.25
53.55
29.65
15.3
12.45
18.15
29.65
37.3
13.4
11.45
13.4
19.1
16.25
25.8
44
31.55
37.3
63.1
64.05
59.25
26.75
19.1
20.05
29.65
37.3
43.95
40.15
23.9
18.15
20.05
26.8
23.9
5.75
1.9
2.85
6.7
9.6
11.5
18.15
17.2
19.1
12.16796875
13.4
10.55
3.8
1.9
2.85
7.7
10.55
14.35
15.3
15.3
12.45
17.2
16.25
14.35
6.7
4.75
7.7
7.7
12.45
27.7
20.1
12.45
12.45
10.55
13.4
6.7
3.8
2.85
5.75
6.7
14.35
18.15
28.7
31.55
28.7
43
59.25
44
10.55
6.7
10.55
18.2
25.85
22.95
24.9
23
23.95
44.95
63.1
67.9
37.3
39.2
55.8296875
33.45
31.55
34.4
28.7
25.85
22
22
53.55
43.95
9.55
5.7
7.65
18.15
15.3
21.05
27.75
21.05
8.65
15.3
28.7
21.05
4.75
2.85
3.8
1.9
6.7
6.7
8.65
11.5
12.45
21.05
53.55
63.1
11.45
2.85
3.8
21.05
14.35
18.2
33.45
29.65
25.8
17.2
15.3
12.45
11.5
13.4
15.3
10.55
14.35
18.15
16.25
15.3
18.15
14.35
13.4
11.5
6.7
5.7
7.65
6.7
8.65
11.5
14.35
16.25
14.35
22.95
22
20.1
7.65
7.65
11.27734375
21
8.65
11.5
16.25
22
23
30.6
53.55
41.1
10.5
3.8
6.7
16.25
20.1
22
31.55
26.19765625
19.1
19.1
19.1
19.1
19.1
19.1
19.1
19.1
19.1
19.1
19.1
19.1
19.1
19.1
19.1
19.1
19.1
19.1
19.1
19.1
19.1
19.1
19.1
19.1
19.1
19.1
20.05
19.1
8.6
5.75
7.65
4.75
8.65
10.55
9.6
11.5
37.3
34.4
32.5
20.1
11.5
11.5
10.55
13.4
16.25
17.2
19.1
16.25
15.3
16.25
17.2
13.4
7.7
5.7
8.6
7.7
11.5
16.25
22
31.55
35.35
47.8
66.95
73.6
45.9
48.75
59.25
31.55
25.8
37.3
47.8
32.55
24.9
39.25
32.5
17.2
5.75
2.85
2.85
9.6
12.45
18.15
26.8
22.95
29.65
31.55
25.85
23.9
12.45
5.7
10.55
6.7
13.4
26.75
52.6
23.9
16.25
23.72734375
24.886083984375
16.25
2.85
2.85
5.75
17.2
23.95
23.95
28.7
24.9
28.65
22
29.65
20.1
7.7
5.7
8.65
8.65
12.45
10.55
9.6
9.6
11.5
11.5
8.65
7.7
6.7
6.7
13.4
15.3
22.95
37.3
32.5
16.25
13.4
11.5
16.25
10.5
2.85
4.75
8.65
7.65
9.6
23
28.7
33.45
34.4
56.4
88.95
66.95
39.2
37.3
57.4
63.1
65
60.2
45.9
36.35
31.55
33.45
39.2
34.4
11.5
10.55
18.15
25.85
42.05
57.4
65.95
66
43.05
73.65
88.95
66
44.95
51.65
68.85
73.65
74.6
68.85
55.45
64.05
53.55
63.1
65
67.9
31.6
22
23.95
21.05
18.15
29.65
45.9
44
38.3
40.15
49.7
44
22
14.35
18.15
26.75
41.1
41.15
45.9
29.65
31.55
27.75
23
22
16.25
12.45
14.35
16.25
19.1
31.55
29.65
26.8
35.4
36.35
76.5
56.4
26.75
17.2
25.85
40.15
61.2
63.1
69.8
60.25
53.55
58.3
51.6
51.6
46.85
35.4
32.49375
49.7
47.8
55.45
61.2
55.45
38.25
53.55
77.68525390625
80.2897861480713
80.2999601021409
80.299999844149
80.2999999993912
80.2999999999976
80.3
80.3
65.95
58.3
56.914404296875
57.3982147216797
59.3
58.35
43.05
42.1
50.65
50.65
56.45
54.5
57.4
47.8
44.95
42.1
47.8
51.65
42.1
44.95
49.7
50.65
55.45
51.6
49.7
43.05
44.95
45.9
46.85
41.1
33.45
31.55
36.35
40.2
43.05
44
56.45
47.8
42.1
35.4
42.1
40.2
33.45
32.5
40.2
44.95
51.6
53.55
45.9
43.05
45.9
48.75
54.5
53.55
52.55
54.5
55.45
53.55
52.6
51.6
54.5
50.65
41.15
53.5
53.5
61.2
57.4
59.3
62.15
64.05
64.05
62.15
62.15
52.55
45.9
43.05
53.55
61.2
58.35
61.2
61.2
65
64.05
60.25
58.35
53.55
45.9
56.45
58.3
59.3
49.7
47.8
62.15
78.4
81.25
74.6
70.75
60.25
59.3
59.3
59.3
59.3
55.45
58.35
61.2
