"x"
37.35
35.325
29.5625
28.0375
21.775
17.0625
15.7625
17.5875
12.3375
12.3125
6.3
7.35
8.1375
20.6625
20.4625
14.4375
11.025
13.4
14.175
12.3375
17.325
37.75
22.7875
40.5875
45.575
23.075
21.7875
22.85
25.5125
20.0125
17.1125
22.4125
38.2
47.275
33.5125
30.909375
31.4375
43.5375
35.175
15.225
10.7625
9.7125
11.2875
17.425
31.3125
32.55
23.1
23.034375
19.1625
23.1
36.4625
33.075
32.55
32.025
36.05
30.825
46.325
35.9625
28.6125
35.634375
19.95
21.2625
24.675
30.7125
32.025
30.4625
30.8125
27.925
21.275
30.45
21.525
18.965625
21
41.75
61.175
19.6875
20.475
37.85
72.2921875
63.7625
65.775
29.975
14
14.209375
27.4
53.9125
27.925
19.2625
14.5375
13.05
12.0125
52.9375
67.5125
57.4
50.5
48.346875
46.8875
37.175
29.3375
20.7375
17.1
26.7875
31.775
41.5125
31.8
39.1375
30.4875
53.534375
67.375
87.2625
70.2375
32.0625
33.65
38.15
32.6875
42.1625
54.5
41.2875
21.1375
22.1875
33.1875
49.3875
42.35
25.15
27.525
44.0125
42.5
34.675
43.05
43.475
39.25
44.29375
38.225
60.875
36.425
26.8
17.475
36.4875
75.175
79.0375
91.775
75.3125
61.4875
37.040625
51.875
55.2625
43.0625
56.8875
54.3875
36.9
66.4125
64.9
51.3875
37.05
22.575
27.16875
40.7625
49.8625
46.5
53.5875
65.975
42.775
59.8125
52.675
65.7875
56.4125
52.775
51.065625
55.6375
39.325
32.625
22.525
24.625
30.15
23.9375
35.725
46.1
46.9375
51.525
64.09375
58.525
53.875
48.1875
19.3
18.525
16.2375
17.3375
20.525
24.6625
27.9125
30.2
23.334375
18.075
19.625
20.1375
17.875
19.425
13.525
16.3875
23.075
31.1125
13.025
3.7125
5.8
28.125
49.125
52.5625
42.7625
16.1625
17.8875
20.875
20.8
19.45
12.4875
10.525
10.3625
12.825
19.1125
27.1125
37.35
48.45
44.675
53.1375
51.375
19.9875
8.125
7.125
7.471875
8.7875
11.7375
14.7
18
21.0125
34.6875
57.8375
52.775
43.8
23.9
20.85
25.71875
24.5
34.3375
41.625
44.6625
29.7625
28.9
30.8875
40.025
36.95
27.325
38.475
38.0125
36.2375
47.15
49.1375
34.6125
26.7
23.1
17.4875
18.1375
13.4875
6.5875
5.575
6.31875
12.5
13.1375
12.5
12.125
12.125
10.85
10.8125
8.8125
8.125
8.7875
9.1375
8.25625
14.0375
20
35.4625
23.5625
15.6875
22.9125
24.5875
36.075
19.1875
10.025
11.65
14.690625
23.525
30.7375
33.375
29.7125
25.15
18.925
18.9125
21.4875
15.225
8.95
8.3
14.521875
23.3875
32.65
48.5125
45.7625
41.425
51.175
35.2875
58.8625
64.225
38.6
23.3125
24.046875
59.525
65.7625
63.225
56.2125
44.8125
32.8625
40.8125
25.8875
16
12.0625
11.75
16.06875
43.0125
46.3875
43.2625
42.625
43.65
46.4125
45.2
43.875
45.7125
45.925
46.55
49.915625
49.0875
50.475
55.9375
63.8625
61.9125
62.825
67.8875
72.4
60.9875
48.9875
55.7125
61.94375
65.3125
72.1125
70.8875
75.325
69.4
64.5875
61.25
63.8
67.8875
61.55
57.95
64.834375
59.5125
64.4625
70.625
68.8625
46.975
39.925
54.875
60.5875
48.975
22.2625
20.925
39.6875
48.775
41.3375
51.9625
56.9375
44.0875
42.3125
45.425
47.9625
44.8125
25.2125
17.2375
25.559375
27.45
28.2125
37.3875
39.6875
37.05
34.2625
38.4484375
40.7375
35.825
32.5
34.3625
35.125
41.225
44.4375
46.725
47.3
47.575
42.1
41.4625
50.1375
57.5875
56.2875
59.7875
59.015625
60.1375
64.45
64.725
62.8
53.175
51.675
50.0375
54.3
54.5875
53.85
56.475
55.15
53.1625
53.0125
56.2375
52.5625
51.8375
52.9375
54.75
52.075
54.8875
53.6875
52.9125
53.584375
54.125
56.075
49.05
51.6
52.3375
55.7875
54.2125
57.025
58.3875
60.3
61.125
64.35625
65.675
70.5625
71.25
68.3125
59.0125
53.85
50.925
53.5375
58.9625
59.1
61
61.79375
61.7125
53.7125
45.975
46
46.675
44.15
45.125
43.5625
43.8
30.2125
33.0875
43.340625
50.0875
49.775
50.425
54.325
60.3875
49.4375
41.3
44.5625
52.55
42.725
50.125
40.06875
41.2625
38.6875
37.0125
34.7375
32.525
32.825
30.8875
32.7625
23.7625
19.925
16.0875
20.740625
19.2875
17.05
24.1
22.8
22.8125
27.325
36
43.4125
32.1375
13.85
12.55
21.13125
20.5625
23.4625
26.3625
35.05
37.325
41.85
38.275
44.175
40.2375
30.2375
31.4875
43.4
47.35
50.1375
53.6625
57.8375
56.9375
42.8
38.97578125
52.275
53.55
32.9375
33.8625
43.00625
41.5
55.5875
60.875
57.975
63.1
45.825
29.225
39.4375
45.025
37.225
35.2625
40.1875
47.675
55.15
60.3375
66.825
60.575
56.8875
56.275
54.8
39.475
12.5375
7.2
9.790625
26.85
38.6375
53.4375
53.1
38.7
30.4875
39.7375
36.4875
17.35
3
0.125
0.45
4.6125
10.6625
23.075
24.9625
23.1125
27.2625
12.625
9.1125
5.575
3.6625
5.55
8.48125
12.85
24.375
44.975
46.35
46.675
38.7375
42.8
44.075
50.225
43.6625
54.65
50.4
51.9125
49.45
51.5
65.4125
65.175
58.8125
62.675
67.2375
59.95
36.9625
15.6875
41.784375
54.6875
65.1375
66.7
40.0125
35.4
14.2375
19.7
47.175
57.75
26.625
18.2625
17.890625
19.8875
24.675
37.9125
39.75
26.425
19.7375
27.4625
30.95
23.7625
11.6125
8.75
13.025
30.7875
56.75
72.6375
66.775
33.3875
19.0375
29.525
65.775
55.5875
46.7875
51.9375
58.159375
57.3375
61.8625
59.1
55.7125
48.5875
45.3
46.9375
46.9375
43.9875
41.8375
39.1125
40.5875
54.05
63.2375
61.6375
66.875
50
30.725
13.2875
38.825
34.325
29.45
24.9875
29.853125
41.4125
45.3625
60.2625
59
26.0625
19.75
23.6
56.575
38.525
35.8625
16.375
11.534375
13.825
51.1375
39.35
80.4125
23.725
17.075
18.1125
63.375
44.375
21.5625
5.225
13.265625
56.9375
76.825
71.275
42.2125
45.1125
28.5875
36.8
34.725
48.45
42.1875
38.025
47.440625
51.025
43.7375
52.925
50.15
44.9375
35.825
25.6125
43.2625
40.9875
24.025
16.2
24.146875
48.65
56.7875
64.275
53.75
47.125
30.45
39.5943359375
60.35
49.8
40.5
44.45
44.959375
50.675
54.4875
63.0375
70.2875
76.8375
80.05
98.725
97.1
69.725
36.35
36.8875
45.35625
55.2125
50.5625
47.725
40.2125
49.3375
46.0625
41.5125
49.55
47.3
44.1625
45.8125
43.140625
46.3875
45.8375
47.8375
58.2125
61.1875
61.3875
57.15
48.3875
51.275
43.4125
43.55
42.11875
48.8125
53.4375
61.45
74.225
62.3375
32.7
30.25
67.5
47.475
46.625
31.7875
53.80625
63.6625
70.2125
72.15
23.3875
24.075
19.4125
20
18.7625
8.4375
7.4875
39.5125
45.621875
28.0875
39.75
72.3875
75.3375
37.8
25.075
34.4375
59.35
48.525
43.075
30.5
20.825
49.8
45.05
47.9875
42.4125
27.175
22.4875
13.1375
24.1125
25.55
6.5625
4.975
9.10625
13.4125
32.725
37.75
40.85
27.8625
18.525
24.1875
32.325
29.9625
9
11.8
43.978125
41.3875
27.6875
47.65
36.475
30.375
25.5
31.5875
23.1625
16.6
22.4125
35.1375
38.753125
59.7625
70.0125
70.8125
62.325
38.325
32.825
34.2125
40.525
37.4
20.85
23.0125
24.0375
38.2875
28.675
27.4375
23.725
22.1875
23.4375
27.4875
47.3625
33.75
17.125
22.0875
38.69375
58.2875
67.55
63.3875
50.45
24.35
19.725
21.6875
43.975
51.5125
27.025
22.0625
21.228125
32.35
53.6
67.9375
68.725
52.325
60.9375
24.90703125
19.225
13.3375
6.225
5.9
7.228125
13.9375
19.4625
31.8625
48.375
34.075
35.3625
35.5375
56.575
59.2875
44.0125
44.9375
50.44375
62.325
80.9375
91.7
79.8875
48.25
26.175
37.3125
55.575
54.8
26.2375
32.7125
41.3
35.7875
46.375
57.4125
48.25
20.7875
17.4375
19.5625
12.4125
9.625
6.525
8.3625
8.7125
13.35
23.3
38.4875
42.7125
48.1875
35.5875
46.7375
50.075
39.0125
16.7
13
14.859375
22.2625
23.7875
38.075
30.6375
28.7625
22.6375
27.925
39.1375
50.7625
39.3125
52.875
62.834375
72.1
78.35
77.9875
80.3
75.7875
75.825
72.6
71.2375
66.75
47.8375
46.675
39.896875
51.275
66.625
70.7625
59.2875
52.55
57.15
53.1
37.1625
41.0625
22.875
30.6
27.634375
25.9375
36.7875
50.55
50.8375
36.3125
23.9375
24.225
44.6375
72.75
61.75
63.275
57.915625
66.6875
80.95
89.9125
68.9875
44.6625
41.6375
45.3
42.8875
40.4
11.175
11.125
14.5125
21.625
26.5625
22.575
16.1
9.325
9.675
5.6375
3.4125
1.9
1.5875
0.7
3.175
12.0875
52.9
59.0625
43.5875
19.8625
19.3375
20.25
13.4125
10.8625
6.85
5.275
5.2125
4.9875
10.55
19.175
30
21.1375
18.325
14.3125
19.575
22.3
12.075
12.6375
22.103125
29.4
39.35
68.5625
60.225
31.175
24.9875
44.5375
58.36953125
57.4
30.6125
10.3
12.475
20.5625
27.225
37.8125
33.5875
17.9
19.1
19.1
28.225
36.05
18.45
7.2875
4.759375
13
24.8
32.9875
35.7
22.4125
14.85
13.925
13.325
16.975
7.2625
1.5
3.075
14.85
47.3125
45.4
36
20.3
15.1625
29.675
45.425
52.725
45.5125
42.125
42.0875
39.3125
39.9375
39.05
29.675
36.9625
45.275
53.0625
60.8375
61.325
41.7625
41.95
46.6625
58.175
62.6125
73.4625
64.9875
26.6625
24.5625
29.4625
40.625
41.875
46.4875
53.2125
57.915625
57.2625
61.1875
64.5625
48.1375
30.3
45.375
56.4625
57.6875
46.4875
39.075
39.075
42.2875
52.65
61.3125
62.35
58.7125
30.625
24.9125
39.725
45.125
43.675
34.6
28.725
22.925
27.825
32.3875
32.1375
29.0875
23.6875
23.4125
26.7
27.0125
33.0375
21.4875
10.3
7.109375
9.9875
8.8
8.2
8.8
18.175
48.5125
56.35
57.9625
53.2
36.35
37.05
37.10625
40.775
37.7125
44.525
46.7125
38.2375
30.625
34.2625
38
36.05
19.35
16.325
12.85
9.7
19.675
21.2
27.8625
30.025
44.0625
49.1125
45.9
37.4875
31.675
34.1625
48.003125
57.475
67.925
65.975
26.325
21.5125
30.075
44.1125
44.1125
48.9875
49.825
49.4375
49.55
58.5
60.2875
62.1
56.7125
47.35
38
33.775
33.5
39.8375
36.9875
25.1
29.175
36
31.45
32.9625
37.2625
39.175
29.7875
31.77578125
36.475
38.35
37.7375
34.0875
29.271875
42.875
52.3875
56.9125
50.2
43.15
35.4375
35.2125
37.1875
46.8
51.25
49.5125
49.1375
51.3125
51.55
49.6125
50.65
36.175
23.6875
19.6125
47.55
56.075
36.775
37.8125
47.465625
54.625
63.975
74.8125
66.3
43.0875
35.5
65.3625
68.675
56.3625
50.25
33.5
25.709375
40.9375
54.4375
47.8625
29.8125
9.4375
5.3
5.325
7.1
10.8875
9.4125
8.2375
11.021875
14.1
14.0875
32.8625
34.05
21.725
31.65
47.075
38.55
31.625
31.425
46.9875
54.734375
60.525
67.15
65.425
43.675
21.2
34.2875
91
69.325
48.2875
35.475
39.95
52.31875
55.5125
58.4
67.925
42.4875
24.1625
22.4625
36.5375
52.7875
41.7375
23.525
12.6625
13.165625
20.55
53.15
60.55
53.525
35.6125
30.65
41.9
67.45
64.9125
61.375
67.1625
73.06875
77.125
71.05
87
84.5375
61.3125
44.425
61.2125
93.6375
60.7
49.0875
47.5125
45.934375
59.0625
76.075
77.0375
53.7875
28.9125
28.4125
38.3375
55.45
64.6125
43.1375
35.6625
39.615625
53.7625
64.5375
63.1625
19.175
9.975
14.2875
14.8625
38.2375
35.95
23.925
39.3875
34.85
43.6875
51.7625
62.3125
53.9625
48.7875
44.475
54.5375
70.3
42.2
27.775
34.3
37.415625
53.55
65.525
67.3
55.4125
39.875
32.6875
41.10625
52.66640625
51.6375
47.4625
44.95
46.703125
50.3625
53.5
58.475
27.925
16.2
12.7875
13.0875
27.475
45.975
26.125
13.475
17.496875
26.725
44.1875
53.475
44.975
23.3875
28.5125
32.1375
48.725
52.0375
39.4375
21.8375
32.48125
38.875
52.7625
47.975
24.725
17.0125
17.975
17.425
22.5125
46.2875
33.1375
11.7875
6.76875
14.375
25.2375
21.35
15.5375
26.3375
15.9125
17.175
18.3125
35
20.2
6.0375
6.66875
14.9625
17.8
10.325
5.475
2.575
4.9
8.0625
8.925
10.9375
9.75
13.2
49.71875
68.1125
62.4625
53.1125
12.05
7.2
12.95
8.95
28.325
40
41.7
39.625
62.246875
64.625
70.7125
58.275
25.3
18.175
19.6875
24.2
36.75
49.4125
36.6875
12.05
19.240625
36.575
64.4375
69.225
44.4125
40.4625
28.7875
23.6
22.2875
44.8625
29.6
10.6125
10.921875
13.4375
33.85
66.7625
39.8
30.225
22.3875
24.4
25.4625
39.025
29.5625
11.175
11.425
19.5375
25.6125
39.1875
53.2125
40.925
29.1125
22.825
20.8875
52.125
43.4
20.075
8.35625
6.2625
15.2
16.65
22.425
23.8875
15.5625
18.575
32.05
63.7
51.35
11.7375
8.98125
4.8375
4.5875
6
3.9625
2.2625
1.7375
3.75
2.3125
8.925
6.8375
3.675
0.2
5.725
6
7.45
6.325
3.7375
4.6125
7.4875
10.65
25.8625
16.35
4.575
6.9375
11.45
26.075
48.1875
35.4875
30
26.8375
31.6625
28.6625
41.3375
33.6875
19.5375
18.984375
41.7875
29.6
31.625
30.8625
34.4375
23.3875
28.325
31.4875
35.3875
42.0375
35.6625
28.75625
15.575
10.5625
17
23.4125
24.775
24.2375
21.10859375
62.6
54.875
35.125
31.75
41.603125
49.2
57.2375
66.8125
37.4375
22.9
22.4
25.5375
35.2375
48.1625
27.15
11.9375
13.11875
16.15
13.375
16.7
25.475
50.5875
49.5375
42.1125
39.275
47.6875
25.101904296875
22.4105543136597
22.4000412277877
22.400000161046
22.4000000006291
22.4000000000025
22.4
22.4
22.4
22.4
22.4
22.0875
18.3875
14.775
18.35
24.775
22.8375
25.0625
18.125
16.75
15.3625
18.5125
25.4875
24
11.125
8.35
7.59375
10.55
12.25
20.05
19.2625
16.75
14.225
16.5
20.4625
29.975
15.0375
10.825
12.00625
20.6125
25.8875
39
36.25
34.8875
34.8875
46.5125
47.2375
51.8625
39.2125
45.425
56.49375
67.075
71.625
52.65
46.55
55.275
42.975
45.625
76.5375
61.8
45.1
39.6
47.6375
63.1125
65.0625
72.5375
73.7125
43.375
41.4875
40.7125
51.9875
48.7625
38.1875
21.9875
19.340625
23.65
38.475
38.7875
32.1625
29.8
26.4375
28.1375
45.425
50.6125
49.0875
41.8125
56.121875
65.7125
68.225
36.0375
29.1
19.5625
16.4875
16.2375
23.3625
27.5
31.2375
23.3875
23.215625
19.5
24.225
22.275
15.325
13.65
12.55
14.225
11.75
20.1875
18.6625
14.4375
13.346875
13.3875
17.825
21.2125
22.7125
20.75
19.65
19.4
19.3625
28.675
18.425
11.65
17.825
30.6625
39.9
39.3375
32.7375
32.225
30.6375
36.125
35.925
33.9625
42.1125
40.7
70.73125
75.8625
81.5375
65.8625
29.275
24.0125
20.1125
26.72109375
29.125
49.3375
34.575
25.6375
25.859375
27.225
36.175
20.5125
24.05
25.9875
22.5125
26.8875
34.225
30.075
21.6
16.725
14.08125
11.025
10.2
12.4125
11.8875
11.35
13
15.4
12.175
12.1625
9.6875
6.1625
6.709375
10.725
11.5625
11.05
26.5125
12.4
14.05
16.4875
18.2625
19.875
23.775
24.05
39.421875
36.4375
34.3
39.55
21.875
21.9
24.6875
32.1875
38.6
43.275
47.275
47.5875
53.478125
57.075
55.9
54.5125
47.0625
39.05
41.675
56.1
38.75
39.325
26.55
23.1875
35.371875
60.6875
48.3875
37.85
31.4125
42.925
61.4125
43.05
52.5375
58.75
42.8875
28.9
27.121875
39.7625
52.25
47.6875
28.1625
19.5
18.675
19.55
24.875
35.875
38.25
26.2
28.965625
41.975
50.0375
47.9125
43.6125
47.5
41.75
44.1
35.85
31.525
22.425
12.375
12.496875
26.725
27.025
26.4875
18.675
17.0625
21.7125
46.975
37.25
41.375
38.075
39.725
36.175
35.4
38.3875
32.9875
22.4625
24.125
25.4875
39.2125
29.975
27.8625
36.525
35.65
36.740625
33.2125
47.2875
36.76875
30.2062255859375
30.2000243186951
30.2000000946224
33.275
70.4125
60.05
51.525
59.9125
56.0125
18.45
27.2
25.7
40.925
50.675
61.95
71.1125
52.425
42.45
28.95
18.4375
25.45
38.7125
40.2125
61.0375
67.8
90.05
124.58749875
117.32500125
101.2125
90.9375
62.2625
43.475
58.865625
78.35
76.6
79.575
64.5125
75.8
83.3125
62.2375
52.2125
46.925
40.4125
32.95
49.525
66.5375
36.975
38.9875
77.825
41.46875
37.0515625
31.45
33.4
45.7875
39.1625
37.2
42.2
49.975
40.2
19.175
13.85
12.35
13.35
13.35
14.85
13.35
14.375
15.9375
22.8875
29.2
26.2
24.7
21.425
17.1125
19.85
22.5875
20.0125
20.05
16.6
13.6
14.715625
23.2
24.95
21.8875
20.6
19.1
16.85
19.1
26.0625
31.275
31.3875
24.7
28.2625
24.45
21.45
19.7
29.4
24.1125
22.6
20.6
18.35
23.575
24.4125
12.1125
20.75
34.45
29.95
19.875
18.35
17.35
13.85
11.1
14.1
19.1
16.8625
13.875
17.325
24.7
33.45
34.7
26.65
20.8625
22.1
32.6
54.425
51.3625
37.2
36.3375
36.396875
40.1375
45.35
19.6875
19.6375
12.8625
11.1
12.85
13.35
13.625
20.1875
23.45
21.1375
22.7
26.7
19.45
14.625
16.3625
30.4375
48.8875
52
48.975
36.95
44.2375
40.275
42.2
41.95
19.9
21.6
40.5875
34.075
43.4
46.25
51.1
46.9875
39.7125
37.575
43.45
30.9125
32.6
32.6
35.6125
26.3625
29.9625
28.5125
37.5875
35.0625
24.45
29.00625
33.8
46.6875
42.4
26.75
26.5
30.0125
26.75
30.5375
38.125
40.625
41.125
44.978125
83.5875
83.85
83.5875
36.85
35.825
28.9875
28.0125
44.9375
68.225
58.0625
57.7875
39.6625
60.8375
60.3375
87.45
70.4625
46.9375
16.625
19.4
36.0625
77.35
50.475
58.825
57.375
50.4625
46.175
40.125
11.825
8.3
10.55
11.55
14.35
27.4875
38.0875
47.95
48.7875
57.8125
61.6
17.3625
12.5625
16.875
14.6125
19.425
24.2
31.8
38.375
41.65
47.040625
54.0375
57.3
44.1625
48.475
52.0125
33.3
30.775
26.7375
33.5625
26.975
16.125
21.859375
21.65
25.475
17.6375
13.3375
10.55
10.8
11.3
14.3625
23.2
23.7125
13.5625
15.165625
21.925
24.45
19.6625
14.875
21.6875
20.4125
15.875
16.4
19.925
19.65
9.55
11.8625
18.1375
21.65
19.3875
16.6125
12.05
14.875
17.15
18.1625
28.775
18.9
9.55
12.55
16.3625
22.4375
20.6625
17.15
13.6
11.8
14.9
16.6375
17.3875
8.8
5.775
5.315625
8.05
12.05
13.3
10.8
11.3
13.075
14.625
11.8
13.55
13.3
14.825
15.915625
19.15
25.9625
35.8125
30
29.0125
30.5125
18.1375
26.9875
25.225
21.4375
34.8125
30.471875
35.3625
35.825
31.7875
18.4125
20.1625
21.9125
20.8875
23.359375
20
13.5
7.25
5.4375
8.75
14
15.25
17
16.75
17.5
22
19.5
28.75
23.25
17.25
31.696875
53.9375
53.9375
59.7375
28.725
38.5125
24
29.7875
29.55
21.5
9.75
4
5.0625
14
13.5
14.25
14.5
11.5
12.25
10.5
13.75
13.75
8.75
4
4.75
10
19.25
15.75
15.5
10.75
13
12.5
18.75
17.25
9.25
3.25
3.5
7.25
11
10.25
8.5
8.75
9.25
10.75
11
12.25
17.75
26.425
33.15
39.9
27.425
22.975
18
14.75
14.75
18.5
17.5
15.5
21
22.25
27.634375
32.9
26.45
21.25
22.75
20.25
19.75
19
20.5
27.25
23.25
21.2375
16
19.75
26.2
17.75
15.25
16.75
14
18.75
20.25
21.25
18
17.25
8.8125
22.2125
37.4
24.2375
23.5
22.25
19
26
30
35.25
41.4625
45.15
48.025
47.4
40.15
38.9
38.675
33
39
44.25
44.75
45.85
34.225
27.65
36.65
36.9
37.9
28.2
25.9875
20.75
24
32
40.25
27.75
25.9875
24.675
26.7125
31.65
19.475
18.475
15.5
12.5
11.25
11.25
11.25
9.25
11.25
15
14.125
13.75
16.75
16.5
13.75
10.25
11
9.5
10.5
9
8.5
8.5
12.875
21.475
19.2375
20.7375
15
12
10.25
12
22.5
32.25
23.225
16.5
22.640625
20.725
26.675
20.9875
22.2375
33.75
30.4875
40.915625
69.4
55.6625
29.75
16.25
27.29375
29.8
38.2125
27.7125
18.925
12.6875
15.85
14.625
25.575
34.5
24.8875
23.1375
18.328125
22.6625
19.575
18.3875
15.8125
12.45
21.1875
44
50.7125
33.325
24.85
29.8125
31.403125
27.95
21.975
15.775
13.1625
10.7875
9.5875
12.45
18.475
24.5625
33.1125
17.4625
10.396875
15.775
25.6
15.075
9.6
9.125
7.225
7.7
6.9875
6.1875
3.325
4.5125
6.471875
10.2625
13.4
11.2625
9.825
8.1625
5.55
8.175
8.8875
8.175
7.6125
4.75
7.078125
14.825
18.8625
27.75
27.325
26.35
8.425
7.2625
9.825
13.9
10.0875
4.275
6.4125
9.5375
14.5875
23.6625
19.625
12.4625
15.4
29.375
44.7125
50.0875
33.5625
4.275
5.284375
12.6625
21.95
20.325
20.1375
14.625
19.45
28
35.125
37.3625
31.575
15.975
25.584375
26.25
18.15
13.875
11.5
15.1
12.45
12.0125
16.35
16.1625
13.3875
7.8375
6.946875
11.7125
15.3
13.4
13.7125
14.1875
11.325
12.75
12.25
13.6875
8.6
2.1375
3.8
6.6625
23.8625
19.3625
12.225
8.125
9.125
7.9375
7.175
7.15
19.85
27.55
18.434375
21.7125
30.5625
34.15
15.0625
20.8625
17.5625
24.7875
40.2375
52.2125
48.4875
50.2875
34.384375
39.475
32.725
27.6875
23.8875
18.8625
19.93125
23.125
25.021875
14.0630249023438
13.4025899410248
16.8734463870525
24.6521423339844
29.8375
51.15
70.5625
61.9875
52.55
45.6625
30.557958984375
29.4045232772827
29.4000176690519
29.4000000690197
29.4000000002696
29.4000000000011
29.4
29.4
29.4
29.4
29.4
29.4
29.4
29.425
32.7875
28.6875
15.925
20.753125
23.5875
52.0625
48.1125
26.7125
16.3875
13.35
7.375
7.7125
12.3125
11.3125
6.65
11.128125
16.925
10.95
9.3
8.3375
9.05
12.6875
13.4125
12.35
11.9875
11.9625
17.25
25.2375
35.875
51.1875
27.9125
12.6625
9.6875
29.025
46.8625
44.325
36.5375
47.4875
42.25
45.646875
49.25
50.8625
38.675
26.075
21.45
26.4375
24.4875
20.8125
37.4
46.0875
28.925
45.5625
50.9375
68.0875
36
20.05
23.7625
25.1
21.8375
30.9375
27.275
12.4
6.9875
12.034375
18.225
18.9375
23.975
14.3375
9.075
8.0375
7.05
9.075
12.1375
10.3375
4.325
7.790625
14.275
20.95
18.0375
12.475
8.7625
9.7875
7.45
6.4875
13.4375
7.3375
2.3625
3.025
5.6375
11.6375
10.0125
7.7125
14.5
9.8125
9.7375
10.4875
15.175
18.7375
6.3125
6.734375
12.3
14.9375
13.6375
10.3625
8.0625
11.375
14.8
28.4625
37.9
39.975
9.325
10.05625
18.6125
20.6125
14.3
11.05
10.6875
10.7
4.05
3.375
4
4
3.675
3.59375
4.975
6.6625
7.025
5.7125
4.075
3.7375
5.4125
5.75
5.4
4.0375
3.025
2.7
6.65
7.65
7.35
8.4
5.725
5.0875
4.75
7.425
10.7125
6.6625
4.975
4.975
10.2875
12.65
10.6625
7.0625
6.4125
7.4125
7.3875
6.4
10.0875
6.3375
2.7
4.41875
8.975
13.625
10.675
8.7375
4.3875
4.809375
8.01595458984375
7.42469100952148
8.4125
5.7
1.725
1.80625
5
26.6625
30.325
21.025
9.0625
4.05
5.0625
8.4
12.0625
12.9875
4.6625
6.246875
10.3375
35.75
25.8375
7.425
6.75
5.075
4.05
8.725
12.8
20.7375
11.9625
8.89375
9.3375
12.0125
9.35
7.025
6.7
7.6875
7.0375
5.375
4.6875
4.375
3.35
6.409375
10.675
11.0125
12.9875
10.7
7.675
10.05
12.725
12.0625
7.35
8.325
11.6625
43.79375
46.925
36.325
47
52.0625
45.7
60.0625
85.6625
83.45
77.4125
72.475
48.55
41.946875
82.175
95.8625
84.3125
84.275
93.175
68.8375
59.475
67.45
77.8625
51.5875
24.85
23.603125
25.525
28.125
20.3875
14.8875
13.325
11.7125
11.3859375
13.3125
18.1625
19.425
10.0125
11.871875
14.225
19.7125
20.3875
22.6625
14.925
13.65
16.225
16.2
17.2
11.35
8.675
9.128125
16.15
30.35
27.825
41.4875
29.2
19.7875
19.1625
23
30.125
41.1125
29.375
27.01875
24.5625
37.5125
28.775
18.125
25.5875
26.9
48.5875
47.6125
40.7625
33.5875
37.1625
38.840625
40.425
50.2125
49.95
31.7875
27.8625
35.0125
33.0625
38.9125
39.5
36.1625
35.1875
52.15
71.1625
78.5125
81.0375
53.3875
56.3875
52.775
57.0125
53.35
51.3875
36.2125
26.8375
26.70625
31.325
40.075
45.9
42.4125
39.55
37.9375
38.9125
39.5
39.475
27.4875
17.45
17.775
18.7125
31
32.3
26.85
29.1625
31.7625
38.9
45.0625
49.9875
54.575
53.6625
49.865625
58.825
93.5
62.125
63.0625
55.5875
24.65
47.1875
41.525
59.0625
37.825
24.8375
27.50625
31.2875
38.8
38.8625
20.775
17.8625
20.475
24.7
17.2125
17.7625
18.4
13.875
11.275
13.225
14.5375
13.225
11.9375
10
11.3375
12.975
12.65
17.175
18.75
20.9625
26.125
27.75
22.9
14.225
11.3625
12
11.0375
12.65
12.9875
28.5625
34.975
31.95
27.9125
44.2125
60.475
37.1625
44.075
31.1625
25.6375
26.625
37.825
49.3125
50.55
53.575
73.05
78.075
82.8875
68.225
43.7125
24.3625
19.5
28.025
55.775
59.3625
50.75
49.95
49.475
59.2375
57.325
30.0625
17.85
16.575
14.9625
14.325
22.15
21.1625
15.1875
10.3
9.73125
12.25
18.075
22.925
27.2
15.5625
13.625
13.3125
15.8625
18.7625
13.2625
10.3
10.3
12.9
22.2875
16.8125
14.925
14.3125
18.8375
23.6875
18.2
17.225
9.6875
7.7
6.45
9.975
17.475
18.0875
15.2
11.65
10.4
10.4
10.3875
10.675
10.95
7.7
8.675
10.325
16.4625
21.6625
17.1625
13.625
13.65
21.75
20.15
16.225
14.8625
15.5
18.725
30.0125
29.0375
20.65
20.375
26.55
22.75
18.65
13.45
17.0625
3.8
7.5125
38.371875
70.7125
72.7375
46.525
15.45
15.85
15.85
13.7375
15.275
23.375
16.925
12.5
17.578125
27.8
33.4625
34.4875
40.8875
43.3375
41.375
54.375
55.7625
39.825
33.375
29.375
31.69375
36.875
33.7875
31.95
36.775
33.4375
40.75
44.75
45.6875
43.6
27.9625
22.8125
36.01875
37.175
25
23.175
19.55
20.8625
15.1
13.6125
26.8
47.85
27.2375
10.9375
12.5125
21.9
31.55
18.475
8.225
8.85
9.7875
9.8
15.7625
42.2375
31.725
18.4375
35.2625
38.25
35.0375
30.075
51.3625
47.4
28.8
28.5875
68.775
66.025
37.3125
38.35
46.975
59.825
65.1625
44.875
23.625
24.275
21.2
55.525
53.975
39.75
24.8625
15.3125
21.25
45.1
60.3375
42.7125
16.65
3.925
3
3.95
18.4
33.025
23.875
7.5
8.59375
11.875
17.825
22.875
8.8625
6.6875
10.1125
17.3875
35.4125
57.4625
49.375
27.1875
25.8375
42.25
40.0125
24.7125
24.4875
26.8
39.475
46.8375
86.1875
74.275
48.2125
46.625
51.46875
62.1
70.5125
45.7375
31.075
27.75
25.6875
28.5875
37.1625
44.425
50.8875
40.3375
66.71875
73.45
53.425
24.0375
15.0125
10.4125
7.275
13.975
21.925
35.025
42.3375
45.325
38.878125
30.6
19.0625
12.25
3.5375
1.3375
0.8125
6.7
6.45
18.0625
11.6375
7.1875
6.278125
11.5625
14.0875
15.975
13.2125
16.375
17.3375
16.8859375
28.675
46.325
32.35
16.45
22.090625
27.2375
53.3625
33.4375
16.4875
24.5625
22.475
23.925
23.1
48.6875
37.6375
14.1
11.884375
14.3875
20.2125
19.975
14.15
23.9625
20.4125
23.0625
24.825
25.9375
25.2625
9.0875
7.2625
9.9875
13.7875
20.2875
19.7375
23
22.4125
20.1
31.95
54.125
46.6125
24.35
19.91875
23.15
68.375
67.7125
26.8375
25.4875
22.55
19.85
19.5125
26.8125
25.875
7.3125
10.0375
7.9125
15.525
17.0375
12.125
7.4
9.1875
10.7125
12.45
10.05
10.3
11.1625
9.446875
9.0875
14.375
14.6875
13.55
11.2375
19.275
25.2
27.875
33.625
37.075
21.6875
24.7125
37.55
39.6875
49.6375
52.175
51.925
54.85
52.2625
47.4125
50.9
50.7625
40.5125
56.865625
72.3375
91.8125
99.1875
73.475
64.3625
42.2
42.4875
48.95
60.1125
69.4625
62.9375
76.265625
90.2875
103.875
104.9
83.325
72.0375
64.5875
64.2625
74.225
89.8625
66.1125
56.6
69.2875
78.5
83.4875
80.9625
50.675
45.7125
44.7625
71.4625
77.6
78.9375
59.2
36.0875
36.884375
35.275
41.7375
18.8
12.075
7.075
6.7875
10.6375
11.825
18.2625
10.2875
4.9875
5.85
10
17.9
22
18.525
15.3125
12.9625
10.6
13.825
27.025
26.6625
49.85
45.06875
42.525
47.525
38.725
19.6625
14.7125
17.075
34.175
99.3625
80.2375
60.1125
69.9625
87.3375
88.65
56.15
89.4875
79.0125
70.225
65.075
68.125
79.425
69.4
53.2125
49.2625
60.44375
76.1125
93.0625
85.7625
66.4375
51.1125
53.125
54.328125
72.7
56.0625
43.175
40.525
56.63125
64.3625
65.7
61.025
43.5625
28.675
28.7125
35.875
32.3375
31.7625
11.1375
25.375
46.390625
53.45
69.6875
42.825
23.7
19.775
16.05
17.525
24.425
33.1875
18.85
28.525
59.0375
85.2875
72.7125
83.425
84.9375
49.7875
35.15
48.5
61.1
65.6875
48.3375
55.075
63.196875
65.8625
77.4
63.5125
40.575
22.6125
11.7875
9.775
27.6125
49.125
46.875
44.5625
50.646875
38.525
38.025
23.7875
26.925
19.5375
27.65
37.375
39.35
27.5375
11.425
8
14.69375
29.175
55.8625
57.4625
30.5625
19.4625
21.2
37.9375
53.0625
34.9
17.125
10.5375
34.58125
48.2
32.525
53.6875
34.0375
35.0125
27.525
26.65
29.575
19.45
1.4375
2.0125
6.775
13.7
13.125
28
44.5875
16.625
18.325
26.6625
34.7
20.8625
4.85
2.575
5.784375
15.9625
42.8125
40.25
33.4125
45.2
15.75
31.825
45.625
31.475
7.15
5.4125
10.34375
15.7125
12.2625
9.425
9.725
6.6125
5.75
17.475
21.7875
20.3125
10.575
1.725
4.6
7.425
16.3
15.1375
9.7375
4.6
5.4625
7.7625
22.6
45.1875
53.9375
53.5125
56.409375
65.375
72.25
76.8375
43.2625
8.5875
10.925
15.525
25.775
24.6375
9.9625
35.25
60.403125
67.0125
76.4625
72.3
55.95
49.45
48.5625
46.4375
45.575
41.825
28.6
34.3
39.075
34.875
34.6125
34.6125
31.7625
35.8125
26.375
23.2375
24.6625
27.7875
11.6875
10.275
8.571875
7.4625
15.15
25.175
27.5
31.2375
26.6625
23.7875
24.3
24.7
13.3125
11.875
17.153125
29.65
48.075
69.2125
62.85
54.85
66.475
56.55625
56.9875
66.8625
57.925
41.25
38.93125
46.6625
49.1625
40.675
27.4625
19.8875
19.0625
24.1125
55.0875
34.2375
9.075
5.1
5.76875
7.375
6.8
9.0875
7.375
7.125
9.1125
9.375
7.4
17.2375
12.975
20.3125
20.025
23.7125
22.8625
22.875
13.0375
7.425
6.3125
11.725
25.0625
44.425
21.475
9.3375
7.253125
14.9875
24.5625
30.5375
27.175
21
20.1625
30.6625
43.4
56.0375
26.8125
58.85
75.7125
79.8875
87.1375
51.025
28.5125
18.45
15.9375
15.9375
39.4875
22.625
6.2375
5.675
8.53125
13.0125
23.1375
31.0625
29.425
26.9
25.225
23.8
32.2625
20.3375
8.1875
9.6125
28.053125
55.275
71.0625
73.5375
57.025
45.55
54.1875
77.525
78.9625
71.9625
65.7
61.575
61.7
60.75
67.25
50.775
51.25
34.875
30.425
33.55
52.2875
66.8625
48.2625
25.65
66.6125
73.4875
79.3375
59.8125
29.0625
27.95
24.7125
37.6625
40.075
51.3
52.3375
59.9625
67.45
66.8
45.6625
48.475
34.1875
18.425
15.1
27.125
42.0125
44.575
33.8625
35.55
37.959375
42.675
66.2375
57.925
32.5875
31.875
38.45
39.05
51.0375
69.475
46.8875
39.875
50.453125
49.1375
62.725
55.4875
46.1125
34.9
14.8375
20.7875
32.2125
23.2375
5.1
4.225
4.203125
10.75
19.2
42.125
45.6375
26.175
14.225
12.5703125
22.5875
21.9375
7.2625
6.15
9.33125
13.1375
16.55
32.025
24.1875
23.675
14.9875
16.3875
16.6625
10.7
5.05
5.325
5.66875
8.975
15.975
21.025
18.275
15.775
14.1375
23.1
32.6875
25.8
8.975
7
8.49375
13.75
22.125
24.3625
38.45
24.1875
20.5625
22.8
28.9625
23.8125
19.85
15.7
11.921875
13.7125
32.75
34.7375
23.275
11.55
12.1375
18.3375
21.425
12.9
8.1375
10.3375
16.4625
23.5125
26.025
33.6125
26.95
26.1875
23.125
21.1875
21.6625
14.6125
5.8875
5.875
7.08125
10.4
15.4125
24.7
31.2
29.5625
47.6375
72.575
73.7875
64.05
33.0375
17.425
17.071875
19.05
29.9875
24.9875
21.9125
28.2
27.4125
33.05
35.4875
23.5125
9.5375
6.425
6.15
8.975
16.2375
28.875
33.425
36.7875
41.6625
47.4875
46.575
23.0125
9.4875
8.6375
15.70625
28.275
51.0125
64.35
43.575
32.7
29.4125
31.1375
65.6375
64.7875
45.125
45.0625
37.24375
48.475
61.25
72.7875
62.9375
52.8375
66.825
76.7125
57.275
56.7625
53.2875
55.45
50.91875
63.925
49.725
46.525
26.0625
20.0125
25.1125
24.875
55.625
70.2625
50.975
57.5875
64.5125
68.2125
73.0125
74.1875
56.0125
30.75
28.325
38.9375
78.9125
74.5875
42.45
28.6
26.38125
34.15
43.175
41.225
34.2875
18.925
17.8375
24.5328125
33.5375
37.8125
19.15
11.0625
12.753125
13.8375
18.25
30.45
44.9875
35.1125
41.45
63.3
66.475
56.95
22.9625
19.075
21.20625
27.3375
39.3
45.4125
43.8125
23.65
18.1
20.0625
25.8875
17.45
6.075
3.875
4.75
9.6875
12.2
15.575
17.8
17.5375
16.15
14.4875
15.0375
11.1
4.45
5.525
5.45625
8.2625
11.375
15.775
15.5
13.5875
11.1875
15.0375
14.6875
12.425
7.4375
6.6
7.046875
10.4875
15.5
23.3
19.675
13.3625
15.2875
14.4875
14.9875
8.0625
5.2625
5.2625
6.653125
9.7125
18.5375
21.65
27.1875
29.7125
24.525
40.7875
57.025
34.9625
11.35
8.8375
11.625
20.225
27.15
29.95
24.4
19.1625
20.275
38.025
65.9875
61.2125
38.475
40.3625
56.690625
38.7
34.0125
34.0125
31.8875
32.55
22.8875
29.6375
53.75
31.9125
11.35
8.8125
10.084375
16.875
19.9125
21.325
24.4125
21.4
10.0875
15.6
26.0875
16.6375
6.9
5.8
5.353125
6.675
9.95
13.575
13.85
11.925
10.55
17.7875
46.6375
47.375
12.9875
7.725
9.375
20.7375
14.9375
20.75
37.4875
30.5125
24.1625
14.15
13.025
9.4375
10.475
11.575
13.196875
12.2
11.925
16.875
16.875
13.0375
12.7625
11.1125
10.825
8.325
5
4.975
3.834375
5.825
6.975
10
11.1
11.1
10
11.6625
15.8625
12.4875
6.1125
8.55
11.246875
19.9
12.7375
13.8375
16.375
13.325
11.0875
19.1265625
41.2
25.85
3.3
0.55
3.09375
10.45
14.3
18.425
19.2625
15.775
9.175
11.0625
23.45
21.1875
8.25
3.3
12.225
23.925
27.5375
22.825
21.775
14.675
16.8875
25.075
40.3375
22
3.85
1.65
2.75
7.975
13.475
18.15
17.125
10.275
6.975
9.45
11.625
9.075
1.65
0.55
-0.61875
1.925
6.6
10.175
11
11.0125
37.2875
28.65
33.8375
15.1125
6.05
8.525
8.16875
7.975
11.275
12.0875
13.75
8.5375
6.6125
6.3375
6.05
4.95
0.55
1.375
1.65
2.475
6.875
12.375
17.075
17.3625
28.45
31.75
58.9125
63.6625
43.4125
47.7375
47.81875
38.1375
26.0875
36.2375
47.3625
32.8
30.9625
45.3375
27.575
12.65
3.85
3.025
0.825
1.925
6.05
10.7375
12.925
11.0375
12.725
12.2
15.975
10.475
3.025
1.375
2.2
7.425
15.4
26.95
37.425
15.775
11.65
16.875
29.5
17.325
4.4
4.125
6.66875
12.1
15.7
18.175
17.1125
12.1625
9.7
10.475
18.225
11.2875
1.65
1.1
3.025
6.8875
12.65
10.45
9.35
7.7
6.6125
6.6125
5.775
5.775
2.475
4.675
9.7625
15.3875
25.2875
35.475
26.4125
12.6875
10.825
13.025
14.8875
9.625
3.575
3.85
6.6
8.25
12.925
19.8125
24.2
26.4625
28.7375
44.55
77.1375
54.45
40.0125
37.5875
58.025
62.725
65.075
58.3875
33.275
21.475
19.0125
18.20859375
24.4625
18
7.375
5.775
11.115625
20.125
29.6875
44.35
47.3
38.575
33.075
54.9625
75.0375
53.7125
34.9875
47.45
58.890625
61.225
66.7875
57.85
45.95
52.175
48.4375
58.475
57.3
44.65
17.7125
15.05
15.434375
16.6375
17.2
22.55
30.5125
27.125
22.8875
34.55
41.85
39.2875
25.275
14.2625
17.425
32.3875
42.0875
51.0625
47.95
33.075
31
22.3375
19.8875
16.3875
14.2625
12.925
14.5375
14.0375
18.3375
30.0625
29.75
23.95
36.45
46.8125
63.45
45.9625
29.9875
23
30.846875
46.3875
61.85
60.025
68.4375
60.4125
50.225
49.2875
51.8
48.9375
45.1375
46.6375
45.075
49.6625
46.8375
56.6
58.9875
49.05
26.9625
47.55
68.575
60.225
58.9375
58.9375
57.946875
60.875
64.1125
65.725
65.5875
65.4375
61.2625
63.6875
66.5625
64.1
44.95
42.3
52.24375
54.75
59.6
59.45
61.0125
61.45
53.65
51.8125
51.6375
49.325
43.5875
47.825
52.8
54.8875
59.05
58.3625
54
47.825
46.3625
52.85
55.625
53.175
38.0125
36.6
41.190625
42.3125
45.9375
46.6875
61.2625
58.6125
46.2
42.5875
42.675
41.2125
37.45
36.575
39.21875
45.275
50.45
58.05
47.25
43.6875
43.3625
44.6125
51.2625
54.0375
54.325
52.8875
53.565625
54.0125
56.625
55.8
59.5
51.1
43.5
62.8125
68.7125
65.15
56.6625
54.8625
59.996875
61.625
60.9375
60.825
63.9625
58.4125
56.075
52.85
55.225
55.9375
48.375
53.6375
52.290625
64.5
63.4375
62.3625
62.8
63.5125
59.5875
66.05
67.725
65.4625
49.5875
48.35
52.39375
58.825
68.9
71.6875
78.8
78.3875
72.8125
74.3375
65.3375
50.3
45.875
52.0625
62.165625
