"x"
44.1875
34.7875
32.1
21.3375
29.925
18.425
14.825
20.225
23.925
15.9125
17.2875
17.875
21.45
18.1875
10.4625
9.05
7.65
10.1
23.9375
21.35
32.825
36.6625
24.05625
26.340625
27.775
22.4375
14.1375
16.3125
11.4
9.35
10.05
38.925
43.925
46.025
42.36875
38.746875
21.2625
22.675
33.5875
31.25
43.8625
62.7625
62.9375
71.8625
64.75
58.6875
31.0625
33.59375
25.2875
53.7125
62.7625
75.375
86.0625
90.2
91.4625
87.005859375
74.1359130859375
57.7
47.1
35.18125
26.9
48.1375
80.0125
84.7625
104.775
112.7375
104.5875
99.9375
84.0875
65.5375
46.1125
36.325
50.2
81.1625
117.3499975
89.6625
74.8125
79.7625
40.8
28.65
32.1625
20.0125
14.8625
13.88125
26.85
43.15
38.8125
27.7875
50.575
56.925
73.425
86.0125
47.6625
36.4875
37.6
60.4875
76.4125
94.25
101.7875
97.95
85.4875
92.925
104.8625
132.37499875
126.78750125
77.025
55.475
57.16875
77.85
70.1
96.8375
120.4875
123.581248125
125.2625025
115.12499875
81.625
59.025
44.6625
28.7375
31.13125
48.7875
96.1625
127.02500125
124.47500125
126.97500125
118.58749875
113.9
101.65
100.9
72.4375
49.19375
51.534375
70.725
91.4875
104.975
111.0625
127.33750125
133.7125
139.9124975
130.7625
115.0250025
72.4875
61.50625
34.415625
31.05
46.05
75.35
56.2375
27.825
27.359375
47.6125
54.65
58.4625
41.1875
23.975
21.83125
32.9375
37.425
38.55
32.8375
43.4875
35.3125
31.35
44.9
46.7375
49.625
37.04375
42.303125
61.9125
51.975
30.6125
59.6625
56.1625
59.6
51.625
54.3
68.05
40.6
46.5625
60.425
66.4
76.3875
76.275
73.175
55.1375
55.3375
64.8375
78.575
63.425
50.075
38.04375
37.840625
40.45
47.625
55.45
63.625
65.4
72
76.525
70.3375
95.1875
68.3125
23.7375
20.44375
22.6
36.275
44.15
58.85
52.85
36.2
36.275
37.5625
31.9125
17.875
15.7125
14.1625
21.3375
26.3875
49.175
57.35
69.1625
123.58749875
96.325
84.8
50.475
22.25
12.15
11.5375
14.5625
20.425
25.0625
29.0875
43.4375
43.4
41.775
41.8375
22.9125
28.925
33.05625
36.884375
32.6
36.2
47.975
73.3625
64.1375
60
57.425
63.2
44.8375
34.0125
33.79375
39.009375
47.6875
52.8625
69.3875
61.8375
60.8
51.4375
41.2625
35.9875
26.65
18.1875
12.44375
17.690625
33.3875
36.75
24.575
21.9875
24.1375
23.45
21.425
16.075
13.4375
9.8125
9.4375
10.75
15.5875
18.35
21.6
40.3125
37.9875
43.2
47.1375
47.425
31.65
11.7125
17.25625
21.046875
28.35
44.1
41.0375
46.0125
44.425
41.275
40.475
45.6375
36.075
34.5125
25.3375
24.75625
30.075
50.4875
55.8
35.975
40.4875
36.2625
39.7625
39.95
30.5625
25.4125
44.775
55.65
60.25
77.075
77.075
73.925
63.7375
54.9
55.05
35.975
26.075
23.4875
24.4375
28.71875
32.55
51.975
54.1
58.8375
82.05
95.225
93.8625
133.42500125
129.43750125
121.2375
103.9625
106.50625
92.35
73.0125
79.3125
74.2375
120.67499875
134.6625025
120.275
85.4875
71.275
61.475
73.2625
91.75625
82.0125
67.7125
83.6625
82.1625
68.0875
43.0625
45.05703125
59.740234375
73.1125
72.4625
53.575
51.4125
46.65
49.1625
70.4125
85.7375
45.475
28.2375
58.775
103.8625
87.25
75.3625
94.4375
98.20625
76.653125
68.2
73.575
78.2875
63.3625
66.725
71.575
73.5375
63.7125
40
36.85
39.7125
51.95
45.15
52.9375
102.1625
120.725
103.675
107.41250125
117.775
80.8625
54.5625
45.14375
48.428125
57.2875
69.2875
76.35
87.0875
99.7625
86.075
62.65
63.2125
65.25
62.1125
62.04375
60.734375
64.8
70.25
67.1375
58.2
56.175
56.2125
52.6125
56.25
43.0625
54.4875
57.9625
63.6125
70.7125
73.7375
70.575
69.5875
67.85
66.5
72.8875
77.775
67.575
60.5125
61.34375
57.009375
50.65
77.2
87.2125
81.4875
74.525
77.575
75.95
74.9125
72.3375
67.55
70.65625
71.559375
75.175
83.9125
81.45
75.6
77.6375
72.725
60.8375
64.825
63.0375
71.0625
70.9875
69.825
68.6125
55.1875
57.4375
60.8125
53.925
48.5
38.0453125
30.3625
30.925
32.625
26.95625
32.759375
35.1625
44.7875
58.975
57.8125
57.2375
41.0625
28.5875
39.0375
41.35
25.775
26.9375
22.53125
21.8125
23.225
26.025
31.1
26.8625
31.125
29.4125
33.9375
25.2
13.6
13.59375
21.765625
24.6
21.2125
30.725
32.4
31.85
36.925
42.6
48.2
30.8125
10.45
10.6
21.88125
24.525
27.1
27.3125
32.275
31.9375
37.775
33.1125
38.3
30.8375
30.375
27.975
54.35
63.075
44.675
64.975
91.8375
98.2125
79
150.150005
172.07500125
116.5875
60.4875
33.36875
42.809375
58.325
76.05
95.175
98.7875
81.3
86.875
77.675
67.4375
49.2875
41.475
41.65
52.23125
53.65
87.8
101.2875
90.7625
85.35
106.5625
96.2125
133.07500125
82.2375
32.175
25.5375
19.4875
17.9875
44.0625
67.9125
86.675
76.125
66.2
72.95
68.1875
51.425
15.325
7.175
5.39375
10.1125
13.35
21.7375
34.325
32.425
36.7625
38.525
31.0125
17.5625
8.1
5.66875
7.978125
18.275
17.5875
52.0125
62.8875
70.5875
61.125
60.5125
56.6625
41.4125
46.975
44.375
54.35625
61.8875
68
84.0125
114.0625
120.725
99.8375
106.80000125
122.6375
106.525
64.05
32.4875
34.9
38.7375
70.925
80.775
70.1125
66.7
75.45
77.8125
93.075
87.425
50.4125
24.01875
21.734375
32.5
45.9875
41.25
39.1875
34.4625
34.45
36.18125
29.55
28.1375
25.025
18.4125
19.60625
30.2875
35.8
29.0375
64.2875
97.65
93.675
103
71.725
84.475
42.9625
36.8125
44.18125
57.325
69.875
93.1875
109.2
114.9
123.4750025
97.0125
62.35
75.2875
24.0625
25.73125
42.996875
35.8875
54.1125
38.325
52.0625
42.7375
52.85
48.6125
47.6
43.475
42.55
38.23125
37.396875
38.375
43.35
39.4625
48.7125
66.65
62.8375
57.8125
23.5625
19.275
17.5375
30.86875
46.471875
37.6
47.5625
52.3125
61.0375
89.75
73.225
87.875
82.6125
57.1625
40.2
25.10625
13.028125
16.8125
58.7
85.1625
98.575
104.225
48.625
33.9625
47.9
42.2125
17.8
20.225
30.75
34.5875
29.3875
32.575
40.3125
37.625
38.1
30.7125
22.6625
21.9875
11.425
8.43125
8.659375
19.7125
26.8875
31.325
25.3625
21.0375
14.0375
18.2
53.525
40.9875
27.5875
26.6
36.40625
30.725
52.575
66.075
65.875
45.2875
41.6125
85.5625
86.7375
39.475
30.8125
12.46875
25.896875
43.6875
56.475
60.75
62.0375
71.9125
85.55
58.275
44.4875
40.375
36.9625
41.3375
38.06875
50.3375
82.075
109.275
102.075
100.325
69.2625
41.2375
39.175
64.35
27.7625
28.5
40.85
44.4875
52.625
53.3625
57.3375
62.8625
99.4125
102.2875
89.3
44.025
32.3
38.31875
30.428125
62.45
77.3
74.2
84
74.890625
64.0671875
77.925
74.7125
26.025
13.2125
3.46875
4.021875
6.5375
11.7625
20.2875
54.3125
98.75
66.95
64.8125
110.1875
96.0125
58.2125
9.1375
22.3625
52.475
60.875
91.8
74.9375
69.55
73.825
50.2125
52.4625
75.9375
22.775
12.18125
15.703125
29.1
40.3625
42.0375
48.575
80.7375
62.5
58.5125
56
54.9
18.225
7.7625
16.45
42.8875
48.9875
38.575
49.1875
40.8375
27.175
37.8
32.725
13.7875
11.85
9.0375
12.53125
30.575
45.175
70.725
99.8375
94.825
73.65
58.2375
70.1
66.2625
47.0125
44.19375
25.615625
19.85
28.55
25.375
21.1625
29.2875
45.5
58.3
56.65
51.7375
30.225
21.475
36.14375
49.2875
59.25
62.725
60.575
58.325
60.35
53.6125
80.7625
77.0875
33.1875
19.78125
20.740625
36.6875
63.7875
73
97.425
94.8125
126.73750125
79.6375
47.575
25.475
8.775
18.34375
23.234375
30.325
37.0875
60.825
78.9125
97.1
112.125
108.9625
106.8625
104.4375
65.7
48.4375
50.30625
41.6875
62.8375
96.4125
125.3625025
144.3249975
105.425
110.3625
108.475
91.325
37.9875
28.6125
27.9875
41.025
58.4875
58.475
64.4875
54.775
50.8
50.325
25.1375
17.55
9.7625
13.6625
12.0625
17.2
21.9
40.975
41.1875
23.8375
43.175
73.275
83.2
64.8125
44.125
26.7
26.11875
28.15
34.25
36.325
48.9875
74.425
76.5125
87.7625
83.875
81.925
48.375
47.3375
47.89375
52.175
63.925
66.9625
64.2875
59.2125
61.0875
65.1875
68.925
56.625
49.275
47.39375
56.021875
64.3375
64.5625
65.3125
63.875
59.25
48.65
53.45
54.0375
46.25
25.9
40.44375
27.678125
37.1
47.275
66.425
80.3875
88.7125
82.2625
73.725
41.175
34.7
20.6625
23.36875
46.021875
67.4875
96.275
111.25
124.1124975
83.325
81
74.0625
90.3625
76.075
36.3
16.65625
16.084375
24.4
35.0375
29.1125
22.6
21.525
21.1375
13.5625
9.3625
4.8125
3.8125
4.56875
6.384375
16.9875
29.275
63.6125
77.9625
53.1
44.825
31.6625
27.55
22.5875
15.6
6.2625
6.30625
10.1125
13.1625
32.225
34.3625
41.5125
53.35
52.7
48.525
56.4125
42.2875
30.11875
34.959375
40.3875
35.3875
42.975
44.8
27.8875
38.8
51.7375
90.7125
85.4
67.45
36.775
15.79375
27.575
34.8625
46.7
71.4625
53.6875
55.6375
41.2375
52.8125
73.25
37.9625
12.7375
10.375
12.275
23.9625
36.8
74.4
72.5
69.1
75.8
74.3375
58.1125
51.6625
24.39375
19.146875
29.575
44.4125
61.7375
73.0875
58.525
54.3
65.2625
89.9125
86.65
69.925
38.3125
11.9125
18.2125
19.1625
26.475
27.0875
30.625
37.4125
32.925
46.1375
42.15
26.2625
19.8625
19.66875
42.175
62.1625
74.0125
84.55
64.1375
58.1375
51.55
67.7875
62.6375
52.1375
43.08125
49.421875
72.075
91.275
103.3125
102.35
97.85
113.090625
132.6250025
131.6
68.825
50.325
33.75
30.26875
48.7625
74.0875
88.7375
89.475
73.975
79.0375
88.8
98.3125
102.3625
76.3625
50.5125
47.25
56.5875
56.4625
61.0125
76.625
79.275
64.6875
74.5
99.825
89
43.575
16.475
10.04375
16.5875
20.825
16.1125
27.7125
50.65
35.1875
15.15
21.25
36.5
29.7375
30.7625
34.5375
47.4875
58.9
77.4375
92.075
87.875
78.85
76.275
68.8625
55.9125
27.825
19.75
19.5625
9.7125
8.6125
11.8875
8.9
9.2625
16.275
21.1125
38.975
31.725
19.475
19.0625
21.48125
44.4875
63.4875
86.05
66.3125
61.9
51.5
75.0625
77.4375
41.0875
32.925
31.2625
31.75625
50.325
58.2875
51.875
45.3
33.275
27.65
26.6
22.075
45.1625
46.5625
42.675
43.5875
46.05
40.925
38.5125
41.325
37.725
27.6875
28.9125
32.3625
40.225
43.5625
34.58125
42.890625
52.9625
52.6875
52.1
54.475
43.1
31.4875
19.6625
24.3
47.5375
40.6375
39.75
42.40625
44.9
38
49.475
25.975
17.3125
15.9625
19.2125
23.6125
50.7875
41.3
23.175
31.70625
42.15
57.325
63.3125
53.9
30.4125
45.9375
76.5125
72.1875
54.3375
40.3875
30.65625
25.521875
26.15
20.0125
42.15
23.6375
14.325
15.2375
23.4375
26.3
40.975
23.1
17.975
12.85625
20.2
21.0125
37.45
46.3375
41.425
33.0625
26.775
29.925
36.075
26.3
17.8625
14.64375
24.575
33.475
53.475
64.225
59.85
67.7625
76.575
89.7625
45.7875
15.825
15.33125
30.290625
44.7375
44.15
71.1875
72.975
57.9125
57.875
68.65
91.053125
82.7375
42
35.325
26.3875
32.675
40.3375
56.1375
68.95
82.525
81.25
85.425
88.6625
67.225
47.3625
51.9
38.5875
37.8375
54.4125
58.85
69.25
48.7875
59.5125
87.2625
106.38750125
71.05
35.4625
33.3875
47.79375
61.3875
66.1125
70.65
49.8375
65.5125
51.375
38.975
52.075
48.375
30.2375
31.35
15.9125
19.6125
67.5375
48.625
18.5375
20.9875
22.2125
27.025
31.3125
63.9125
31.4875
40.14375
30.596875
40.2625
45.3625
46.275
25.1625
13.225
29.4625
39.775
29.0625
29.775
16.925
15.65
14.875
33.05
52.5875
79.9875
81.075
86.75
115.0125
103.65
100.05
62.6625
33.675
37.725
39.89375
44.75
57.0125
71.9875
70.875
68.775
72.8875
75.15
80.2375
85.975
51.75
21.11875
21.946875
46.475
73.8
78.2125
69.9375
65.9625
68.6125
94.6625
108.05
97.675
64.05
64.03125
51.528125
65.8125
63.125
63.6
37.2875
23.4625
18.775
16.0625
38.1875
66.925
55.7875
53.73125
22.684375
31.4
37.9125
44.375
27.0625
34.45
40.993310546875
36.1191144943237
36.1000746659935
36.100000291664
36.1000000011393
36.1000000000044
36.1
36.1
36.1
36.1
36.1
36.1
36.1
36.1
36.1
36.1
36.1
36.1
36.1
36.1
36.1
36.1
36.1
36.1
36.1
36.1
36.1
36.1
36.1
36.1
36.1
36.1
36.1
36.1
36.1
36.1
36.1
36.1
36.1
36.1
36.1
36.1
36.1
36.1
36.1
36.1
36.1
36.1
36.1
36.1
36.1
36.1
36.1
36.1
36.1
36.1
36.1
36.1
36.1
36.1
36.1
35.2375
47.325
57.15
34.85
15.675
24.2125
32.125
38.825
48.05
53.2625
45.9625
48.375
36.35
52.075
76.6875
61.25
39.3875
14.325
15.1
26.175
41
41.85
36.6375
38.4
40.1875
75
78.2125
51.8625
50.25
21.63125
23.1125
19.925
30.15
37.4875
47.275
51.9
57.4625
34.7625
50.5875
41.0125
13.5875
9.075
28.3625
30.75
32.925
53.65
35.2375
29.275
28.825
35.7125
38.4375
18.375
21.68125
22.628125
24.125
28.9
28.5
32.0625
31.2875
25.7
32.8625
45.9
55.7625
37.2625
30.8
39.6375
40.325
30.075
25.4875
33.225
22.1875
17.225
28.7625
36.575
50.275
36.65
14.425
16.18125
16.5875
17.35
36.2
49.4125
48.525
65.1125
99.4
106.6625
61.8375
17.5625
16.6875
17.25625
28.825
57.35
77.2375
67.975
72.3375
60.8375
72.4375
81.2
101.8
65.3125
47.73125
35.559375
31.6625
26.7
16.075
33.975
56.2625
113.5375
57.625
46.4375
36.575
29.2375
19.225
16.55
14.75
21.1
36.0125
35.35
43.1375
36.225
22.125
24.6125
27.3375
22.425
23.9125
24.8375
33.8625
35.225
35.825
27.25
30.475
34.9125
42.4625
48.0875
46.975
26.8625
17.38125
9.515625
13.325
15.7875
17.0875
23.875
24.025
33.425
45.8125
66.1
55.225
38.1125
21.1625
10.5
18.8
28.525
37.6125
54.2
58.8125
57.8625
76.2625
70.2625
69.7625
56.125
38.99375
37.540625
57.175
79.475
89.85
75.3375
80.0625
101.9375
111.57499875
140.1843778125
57.0125
22.575
30.23125
49.915625
73.025
86.875
69.425
58.0625
31.075
35.3875
47.2375
49.9
42.6
31.8875
25.5125
25.125
31.3375
33.7625
35.025
13.425
10.325
12.7125
9.9625
34.7375
42.9375
26.5625
23.15625
36.634375
52.525
42.025
28.325
10.5125
10.525
15.2625
13.7125
20.425
37.475
28.325
37.275
36.29375
39.925
44.1375
47.5625
43.8125
41.775
37.7
27.3375
28.5875
29.3125
30.425
16.36875
15.996875
9.1
11.6625
12.8625
11.5375
22.0625
21.0375
27.7125
29.2875
37.025
22.425
14.60625
8.759375
18.2625
25.35
31.1125
28.5875
31.625
29.0375
35.1875
36.425
36.85
20.3375
29.58125
33.603125
34.525
65
77.575
72.9375
62.6625
50.725
52.55
38.5125
60.85
53.4625
46.20625
44.509375
29.7875
38.475
42.2125
42.975
41.9625
51.0625
54.2375
69.3375
61.45
48.45
30.66875
21.521875
22.1375
25.3875
27.35
27.9125
29.575
27.15
27.225
28.6375
28.975
15.65
14.50625
11.565625
11.8375
18.6
15.2375
20.375
26.8
19.45
24.8875
22.5
20.0625
24.2125
32.19375
39.965625
45.25
47.725
45.4
45.3875
39.375
40.3
38.675
50.775
46.575
34.1125
24.05625
25.834375
38.025
56.6125
62.0625
52.6375
54.75
66.05
74.4125
72.6
64.7875
53.3375
39.18125
40.978125
49.675
48.6
52.05
48.6625
48.75
57.0875
66.2375
79.675
48.375
25.9625
19.8125
32.79375
47.9625
65.8125
83.325
75.925
76.9625
62.275
70.875
75.7
86.6
53.725
38.66875
39.671875
44.475
53.3
49.025
51.1
75.65
80.1125
65.35
65.7
69.375
52.375
31.11875
22.284375
31.275
40.65
41.625
44.475
56.6125
63.4
49.9
32.975
47.7125
46
26.05625
24.315625
38.8125
45.6125
47.775
38.9125
48.4375
45
39.95
23.25
19.2375
24.9125
27.4625
24.35625
43.975
53.35
76.075
79
56.3875
40.525
49.25
42.3875
37.05
31.7375
36.83125
42.478125
42.0375
50.0125
51.9125
61.3625
77.5875
88.15
74.2046875
33.6646484375
44.0875
57.9125
38.66875
39.871875
36.45
44.4
57.2875
83.7625
101.675
98.725
139.474995
138.5249975
101.25
57.4375
46
45.43125
55.3625
52.8125
44.525
27.8625
24.025
48.1625
61.3375
90.1375
90.3
75.3625
59.26875
56.590625
63.975
69.5875
65.875
78
84.2125
82.4
59.8
65.2875
60.8875
34.9125
39.5
47.925
48.075
55.575
58.4625
53.4125
41.0875
42.925
41.875
51.2875
45.1
34.925
26.05
31.74375
37.65
41.925
42.425
52.175
62.3375
52.9875
53.8125
54.25
58.2625
37.5625
17.08125
19.084375
34.3125
44.9625
44.05
45.5625
47.8125
45.075
46.85
62.0875
64.8375
52.65
33.45
27.775
39.4625
55.7375
49.9875
47.975
58.275
53.6
55.825
74.3375
78.3125
50.6375
15.525
16.79375
21.175
34.1625
38.6375
35.8625
44.3125
47.7
46.675
36.9625
53.15
31.2625
19.38125
14.290625
21.4
50.1625
46.75
40.225
56.975
52.9125
67.1
79.8875
82.525
35.6875
31.4125
27.4875
39.0375
50.75
51.7125
44.9
47.325
51.1125
38.225
27.9625
18.4875
19.0375
23.16875
22.628125
31.3375
49.8875
59.0375
44.575
45.85
55.35
59.2375
59.8
55.8125
36.8375
18.38125
16.303125
20.55
21.1875
23.25
26.4375
24.875
44.575
19.6625
26.7375
19.75
28.15
22.8125
18.125
25.4375
33.05
26.0875
28.775
26.6625
27.5625
29.125
35.7125
49.7
38.55
49.33125
42.390625
57
60.85
54.4875
67.625
67.275
63.475
65.2
65.775
62.4
50.6625
49.5875
44.41875
59.1
52.6
50.2625
33.1625
61.125
70.6125
92.1875
93.3625
88.25
40.9875
37.51875
46.328125
34.6875
50.3
41.15
25.1
51.35
36.45
75.9625
94.725
103.7625
36.8375
36.4875
47.79375
38.5875
32.05
19.7625
25.5
52.65
54.675
62.825
45.5375
45.0875
26.125
28.2
32.4125
50.3375
36.275
59.7875
61.1375
52.3125
52.3375
52.5125
56.425
45.15
42.1
46.33125
38.328125
56.625
55.1375
43.1375
39.6
29.6
39.1625
25.875
36.1375
66.1
40.3875
31.35625
27.634375
41.5125
45.75
37.5625
31.8875
49.85
48.15625
51.625
47.9875
49.3625
37.575
23.64375
22.478125
30.275
30.625
31.7
29.9625
55.05
73.4625
71.05
62.25
58.0625
47.125
25.28125
18.353125
34.6625
30.4125
22.975
32.4375
45.5125
46.675
58.7
51.525
43.225
39.6125
20.30625
12.165625
21.9
29.5
35.4875
31.875
44.075
41.23125
38.9875
36.8875
37.7875
17.9875
4.53125
6.009375
11.95
13.8
19.525
15.425
24.5125
25.125
24.2375
23.5
21.8625
15.425
17.1625
20.34375
37.825
34.575
51.35
62.05
52.2875
54.1125
55.8625
63.275
59.5875
42.475
30.41875
28.515625
33.9625
41.4625
47.5875
42.7
57.1
66.6
66.5625
61.5625
63.4375
41.675
17.05
15.25625
23.175
30.3875
32.225
32.5125
54.1125
55.1125
51.7875
54.375
58.6125
44.2125
17.63125
21.453125
33.0625
47.125
61.45
51.1
52.3
60.85
68.775
83.8875
75.05
36.975
13.9125
8.66875
29.3875
33.8
28.2625
21.3875
35.9125
45.125
46.3125
43.6375
43.5375
21.8
8.64375
7.090625
13.9625
18.2375
19.8875
26.1375
36.525
40.225
39.9625
46.5
53.3875
21.1375
9.03125
3.709375
8.7875
13.225
13.3125
11.85
17.75
23.3375
27.2
29.0125
18.8375
16.875
15.63125
21.653125
40.2
42.05
42.8375
49.8625
53.0375
47.6
52.9125
55.675
64.4125
59.275
47.45625
50.521875
85.6125
74.5875
62.15
70.325
78.775
86.7375
107.10000125
127.0875
106.1375
58.525
25.91875
19.359375
37.4125
54.9125
46.8125
54.3875
64.5875
77.15
81.825
84.675
78.7375
57.5625
25.1375
31.225
38.3875
39.0375
36.5875
43.75
55.9
54.865625
55.9625
73.75
72.725
57.7375
40.3125
33.7875
42.8
63.9875
55.375
56.1375
59.9875
68.2625
63.725
81.3875
76.9
49.65
31.54375
23.959375
37.5125
55.3125
40.55
53.2625
66.575
66.125
68.725
69.1
66.9875
55.8125
37.9375
27.575
43.1625
48
35.8875
32.9625
35.525
35.525
34.625
22.6875
13.2375
10.1
21.55625
14.503125
18
23.7375
22
25.0625
19.1375
23.0125
22.9875
16.3875
18.75
13.2125
10.8875
23.54375
41.3375
39.1875
34.15
34.125
46.65
44.8875
50.8625
53.6375
59.85
49.3
30.59375
34.753125
37.6125
42.425
43.5875
36.5625
58.375
70.475
72.5375
91.2375
77.3125
39.7
32.89375
33.534375
36.075
50.375
50.6625
58.25
59.1
59.1125
59.05
73.4125
62.4125
59.5375
34.05
16.55625
31.225
27.6625
27.3
39.725
45.725
47.8125
66.925
78.0375
60.55
33.525
19.9125
20.49375
31.6375
32.475
20.25
25.9625
36.35
36.375
46.075
65.6875
61.6125
45.375
13.05
11.2125
23.55
28.15
39.1125
19.1
19.4
22.325
17.1875
13.1375
14.6
11.625
4.59375
15.865625
32.6875
33.4625
21.2625
14.125
12.05
12.1
13.45
19.925
20.4625
9.1125
6.23125
7.034375
11.725
22.0125
36.5
33.125
47.2
47.6125
42.3875
38.8390625
38.9625
25.6
11.575
8.66875
13.5875
20.1125
22.55
43.0875
37.9
33.925
39.0375
59.7625
51.0875
45.4875
23.19375
7.946875
16.575
21.2625
23.425
32.0875
42.9625
46.4875
43.9125
56.325
58.7625
34.2375
22.16875
17.634375
12.7
29.975
24.4875
24.9125
31.5125
34.525
39.275
40.95
43.175
26.1375
21.6625
20.7
31.25
22.9375
15.475
16.35
30.225
36.9125
35.425
33.8625
23.225
15.35
9.83125
11.028125
12.0125
24.3125
31.8875
27.5
33.4875
31.5
18.3125
11.2625
6.7875
11.2
10.46875
23.240625
37.8375
38.8875
43.375
38.6
31.8
31.8875
20.375
15.2875
23.075
21.45
28.0375
18.93125
19.625
55.95
54.975
40.3
31.6875
35
65.5
75.825
59.1875
27.5375
17.75
17.24375
35.7
51.2
74.55
83.575
87.875
75.7875
89.7625
75.925
82.5625
62.825
24.7625
23.15625
33.475
43.9375
60.1625
63.0875
66.9625
81.125
82.6125
75.3625
71.375
58.3
33.28125
47.234375
34.325
39.3875
20.475
17.5125
30.5
45.25
45.875
32.3
36.8625
22.6
8.16875
9.696875
17.025
17.6625
18.6375
18.875
14.8125
22.9
29.7875
29.175
26.05
10.3125
13.05625
32.509375
33.95
19.625
26.15
15.8375
22.6375
18.9
23.7625
15.675
22.3
28.975
20.325
20.65625
26.2125
30.025
19.95
12.7875
6.6
8.1625
10.7625
10.9625
23.2
28.7375
32.36875
38.240625
54
68.35
79.3875
63.6875
68.6875
60.4
58.025
55.45
57.5125
39.5125
22.4375
18.99375
32.0125
46.225
44.8625
47.3875
31.775
42.7
45.9375
40.7375
47.5875
59.275
32.65625
19.553125
25.175
38.45
30.3625
28.3125
29.4875
36.375
34.2625
38.0875
31.1375
16.8
6.18125
8.253125
17.95
23.7875
16.7
20.425
58.775
31.6875
40.1
48.3125
33.675
33.825
25.46875
19.403125
40.975
46.675
44.35
36.7375
58.775
68.075
61.8875
72.975
73.6875
61.1375
22.6375
22.13125
38.3875
32.475
27.125
52.475
32.6875
34.65
21.525
22.4
22.2875
13.3
3.475
4.7
23.9
28.2
23.575
17.5375
12.625
15.1875
22.3125
14.9125
11.7125
11.4875
5.41875
4.403125
7.225
9.6
9.9
12.1
19.625
20.725
25.425
25.8
49.275
33.0875
18.3875
21.49375
21.4875
28.9625
25.5375
22.1875
35.95
38.7875
39.2125
31.6625
35.575
25.2375
8.25
8.83125
26.0375
44.11875
28.7875
31.95
39.3125
35.9625
45.325
33.575
48.225
34.575
15.20625
10.353125
22.6125
23.275
14.75
33.7625
53.075
57.4625
67.4181640625
65.4
49.2375
42.7125
26.5625
10.83125
9.7
16.2
10.1625
35.5875
60.2625
54.4
56.9
54.6375
62.425
38.5875
21.10625
18.771875
27.9375
37.5125
36.0875
22.1
21.325
28.3125
32.95
32.9375
20.225
14.725
7.01875
9.246875
23.2375
21
27.5
22.35
27.2625
23.175
21.9875
29.9875
42.125
29.3375
17.5
16.425
19.8125
25.4
23.2875
29.3625
27.3125
41.075
44.125
45.05
47.3125
32.925
23.14375
41.903125
53.4
62.4875
27.475
14.1
27.6375
17.2
23.9
48.5375
69.5625
54.625
35.64375
48.946875
50.75
65.4875
47.3875
39.175
55.4375
54.325
53.7125
47.515625
57.325
50.6875
37.89375
30.596875
25.525
34.15
27.8375
48.85
39.0125
40.8375
38.575
38.625
35.2375
20.625
7.6125
8.725
25.775
41.0125
43.1625
24.1
35.9875
34.5375
40.7
63.5125
67.6625
34.575
18.35
18.15625
18.925
33.0375
52.85
48.475
27.2375
24.4625
25.6625
54.375
60.575
49.2625
34.98125
36.796875
36.3125
54.725
49.25
38.7
50.3375
72.3875
74.65
65.825
60.3875
46.925
37.9125
48.90625
86.5875
98.325
101.3875
103.3
94.3375
96.2125
87.9875
89.2625
82.5625
48.7125
30.5875
35.475
52.175
67.85
88.325
99.4625
108.45
110.8
109.75
91.725
70.0125
46.0125
26.7125
16.14375
28.65
39.4
47.6125
33.2875
44.8375
52.4
45.5125
60.925
57.8125
48.925
48.56875
43.796875
41.7125
44.55
44.05
21.1875
33.3625
40.9
48.8375
51.1875
56.3625
47.9
35.6875
25.83125
29.5
29.725
28.15
17.1875
16.175
11.7375
16.1375
21.25
34.65
43.325
19.375
17.85
37.3625
54.7125
49.65
42.2
50.2
66.4
71.3875
53.4125
58.475
46.6375
58.90625
65.953125
50.825
38.3375
47.625
45.2625
45.7125
42.5375
40.8625
51.8625
65.1
61.55
62.1125
56.23125
72.05
59.7625
64.2875
79.25
71.425
84.1375
99.4125
112.725
106.3125
85.1
58.38125
70.603125
78.5
94.95
94.125
69.875
64.1125
84.25
97.525
127.0125
122.11249875
62.2625
45.30625
54.553125
61.3375
61.5125
67.025
60.625
59.1875
54.790625
63.625
62.9875
53.4625
34.625
20.225
19.825
22.075
28.3625
32.425
52.275
36.4
46.0375
56.925
47.8
49.1
42.3125
28.1625
16.1375
17.1125
22.475
36.6125
31.0625
37.35
36.2125
41.7625
46.425
46.4875
14.9875
7.7375
8.75
14.8375
19.9375
35.25
36.2
33.125
51.275
41.1375
9.5375
6.325
7.05
5.11875
4.984375
15.425
26.8375
24.8
26.4875
26.2875
30.1875
32.8375
27.95
26.45
18.1625
14.1
15.1
22.9375
28.775
29.575
42.225
38.9125
42.225
55.9
64.8
62.4375
30.225
19.06875
24.921875
51
89.15
82.8
73.975
76.0875
76.7
68.7875
88.5875
83.2875
45.8375
21.66875
26.346875
36.775
47.6
55.9875
61.7375
71.35
68.8625
74.0375
80.9
69.5
45.875
30.40625
33.159375
41.775
57.05
54.6
60.1375
69.95
76
73.2875
75.35
78.7375
46.6875
29.7125
16.1375
26.175
27.2125
37
41.2625
55.5625
48.8625
60.3375
73.3
107.225
79.575
39.175
44.20625
64.1875
83.7875
59.2875
38.025
42.1125
35.0625
44.5875
36.9625
42.525
28.5625
11.8625
30.40625
43.5375
57.3875
71.7375
44.725
46.7
44.5125
38.175
40.025
38.9875
28.25
29.69375
36.834375
48.25
69.575
73.55
71.05
68.7
66.1
68.5
79.4
79.0125
53.0125
37.1875
15.29375
44.525
66.3375
70.85
69
70
53.1125
56.175
63.0375
69.25
57.8125
20.78125
10.803125
36.525
56.525
69.1875
55.5625
66.4125
68.0375
74.5
96.946875
102.3375
63.225
54.23125
47.859375
56.8125
71.5375
63.9625
49.2625
72.6875
76.2125
78.6625
110.15
80.5625
42.8125
32.15
39.825
43.525
64.625
71.4625
57.575
89.65
95.3625
79.425
82.9875
96.5375
78.125
55.325
49.2625
66.25
81.5875
59.2875
47.3875
52.7375
59.3375
59.0875
49.675
57.7625
54.6375
61.90625
72.471875
68.4
36.2125
44.275
46.2
46.9875
33.075
47.375
38.7625
68.025
55.8375
30.5125
20.3375
33.9375
30.65
36.225
30.35
34.2875
37.6875
36.8125
100.00000125
143.4250025
100.625
63.31875
53.159375
52.9625
52.35
42.2125
23.05
15.825
20.15
17.2875
30.275
55.575
42.35
14.9625
9.6375
18.725
25.1
26.5625
16.9
14.125
13.125
15.1109375
25.2659057617187
43.6
24.275
7.275
3.26875
12.8375
18.4125
27.325
46.2
46.2
66.525
63.4375
58.7875
68.4125
41.6
50.10625
26.203125
41.2125
67.725
75.9125
43.725
21.7125
26.05
23.4875
24.88125
31.1
31.3
14.7
10.13125
5.7125
12.9125
22.2
8.3875
5.9
5.575
9.0625
8.8125
7.9875
7.3
5.65
7.1875
9.425
14.85
14.35
14.65
17.6625
16.85
5.375
7
12.5
17.575
19.9
17.83125
39.075
58.4875
68.1
54.65
54.4
62.1125
72.4875
61.1125
59.7
56.7375
60.84375
73.134375
70.0875
80.7875
55.45
27.525
42.2875
41.675
71.25
93.75
125.05
84.1125
74.8625
70.83125
88.175
124.0625
97.0875
63.1
20.4875
36.5296875
29.4125
46.2375
55.875
42.3
23.53125
14.396875
13.975
20.4625
20.025
20.3875
17.3375
26.5875
34.35
27.1375
62.825
49.35
34.70625
36.653125
55.8875
66.5875
61.6875
46.9625
48.6125
45.125
51.2
37.2125
45.2625
37.8625
11.68125
14.128125
18.2
29.5875
39
28.65
18.0875
28.95
22.5875
19.2375
41.025
45.575
39.39375
55.896875
75.9125
87.6125
91.35
59.9625
40.95
50.3875
58.925
82.6125
79.175
57.775
67.96875
74.765625
87.9
79.175
83.575
63.85
58.0375
35.175
37.975
84.55
68.75
57.8875
68.8375
72.98125
83.55
95.7125
64.4
43.3
42.3625
27.675
33.8625
60.575
59.0375
54.1875
46.73125
53.209375
52.25
49.25
59.6875
28.4125
17.225
16.8875
24.2375
43.5375
80.7125
54.6625
58.05
63.075
58.2625
36.9375
40.8875
28.3625
34.35
40.2
68.4
68.425
46.3
17.525
28.45625
54.734375
90.2
87.3875
83.5375
95.675
92.275
94.3625
88.9625
89.5375
83.0625
53.6625
41.75
48.21875
45.8625
53.2375
77.725
41.825
43.3375
46.4
32.525
30.15
30.375
25.9125
33.7125
46.85625
40.3
30.8125
27.6375
23.6125
14.55
14.075
11.05
9.5125
12.225
5.85
6.2
13.71875
51.4625
91.4
99.95
70.0375
72.6125
75.0125
80.725
96.95
84
47.2
17.68125
35.621875
35.725
56.1875
76.6375
59.7625
58.6125
71.225
59.6
74.7625
65.65
27.3125
11.58125
11.665625
15.8375
17.3125
22.3375
57.6125
101.7
63.6984375
73.775
92.9125
74.2625
29.325
12.83125
10.615625
20.1375
46.1375
72.5
71.1125
78.85
72.0375
65.8
82.5375
78.025
25.95
15.3
18.40625
22.575
24.3375
26.7375
24.6625
30.425
35.625
60.0625
28.55
63.1875
47.1375
34.55625
25.246875
34.35
33.6625
54.1625
46.7
45.4625
48.3125
37.3875
39.8625
40.0125
20.575
28.99375
45.428125
42.1125
41.1
51.5625
37.325
47.5625
41.5875
34.8375
53.325
62.0125
39.0875
34.125
37.975
43.5
92.2
84.2375
58
42.425
46.175
44.775
42.9625
39.925
28.825
30.725
37.6
37.95
39.75
35.6875
34.8625
32.7625
25.1875
20.0875
17.7
17.8375
13.8875
7.5125
8.825
9.0375
28.0625
25.775
27.6875
26.175
20.975
25.7
35.825
35.6625
12.5875
9.50625
11.284375
30.4625
55.425
62.6375
57.1375
61.4375
43.05
47.8
65.5875
62.4125
48.7
48.85
57.8375
64.95
61.725
65.0625
84.9
89.6875
72.025
77.8375
94.15
102.0375
45.675
18.71875
12.534375
19.3375
13.9125
16.925
19.8375
21.4625
25.3375
19.075
18.9375
35.1625
36.55
37.075
22.7375
33.575
34.6
48.4
31.725
22.4125
21.85
29.5
64.7
82
53
16.93125
10.396875
15.6375
28.8
42.8375
47.075
57.6
55.2125
80.3625
100.75
102.9375
77.525
60.53125
81.446875
91.1125
107.325
92.3375
73.5
68.85
58.9875
61.2
80.975
55.2625
18.6875
7.2625
9.9625
12.7375
28.225
51.7
57.3375
57.9
56.440625
65.525
55.475
41.2625
18.925
13.8375
22.35
45.9875
62.85
93.4125
84.675
70.575
90.7875
105.5375
122.55000125
103.075
67.475
78.2375
79.7
85.0625
90.6
83.2375
99.4125
83.775
78.9125
89.8375
116.4
95.7375
58.8625
51.475
65.4625
76.425
79.2125
85.05
79.875
75.225
67.6875
61.8625
53.1625
57.475
45.4125
49.65625
61.321875
66.2
74.5375
86.0375
74
63.2125
61.0375
77.2875
101.95
105.6625
76.65
72.4625
71.4625
63.475
73.75
65.2875
36.1
36.4
32.575
53.5375
112.68750125
89.4875
58.675
54.71875
70.128125
85.525
89.35
85.4
67.8125
76.35
78.9375
82.6875
75.525
72.1625
17.0625
8.56875
6.765625
12.625
20.925
31.8125
69.1875
57.0375
50.4125
37.7875
46.7375
41.4125
15.9625
9.1375
11.26875
17.475
21.9
29.275
54.1625
54.125
34.7
33.7625
39.3125
25.2625
7.775
6.63125
11.071875
14.9625
14.6875
17.2
29.4875
52.3
41.9
45.50625
59.4125
59.6625
20.1875
8.96875
9.965625
12.7125
21.25
31.2625
46.0125
64.5875
45
38.5375
39.6625
30.8875
16.3
17.6375
17.35625
21.1
30.2875
42.2375
31.8
35.725
25.075
22.3125
32.375
21.6125
13.9
10.75625
15.540625
25.625
31.25
46.225
38.7625
41.0875
33.9
33.55
39.15
31.75
12.725
6.975
6.13125
14.2125
24.7625
36.1
53.5875
69
76.575
100.2125
109.3375
105.4625
54
34.93125
26.584375
31.8875
44.2875
53.425
44.175
34.6
34.85
41.9625
46.9375
43.5625
15.425
6.39375
6.134375
7.775
12.2
22.7625
42.9
61.3125
51.75
43.5125
55.6875
44.025
16.4375
9.7125
9.65
27.55
35.3625
75.9625
90.6
59.5125
53.775
53.5875
90.875
105.45
47.05
23.70625
25.190625
51.025
57.1875
79.7125
81.675
64.375
76.75
78.9125
72.3375
68.05
63.4375
66.7375
76.025
81.8
69.4125
72.4
47.6125
33.675
39
38.9625
79.3375
111.8875
88.1
59.51875
56.453125
71.375
91.25
89.025
62.375
49.5125
57.55
73.5375
117.47500125
113.575
74.925
72.3
38.99375
50.425
39.075
41.4125
36.475
29.7
23.9875
33.6875
49.2
53.725
26.05
13.875
15.99375
16.85
22.8
37.075
51.8
50.4
74.6625
93
88.5125
83.0375
40.9375
28.38125
24.940625
36.7
43.2
51.9875
58.4875
51.7875
53.375
51.6125
49.075
40
14.0375
6.61875
5.015625
7.5375
13.025
14.6
27.7125
42.675
35.9375
30.4
27.2875
17.3
10.2625
4.975
4.9875
8.6125
11.275
14.6875
24.2
26.3875
28.175
30.375
23.45
14.95
7.9
6.0375
5.525
11.425
11.35
28.7625
47.4375
46.775
38.45
25.375
23.225
13.5875
7.7
6.36875
7.815625
11.2125
20.35
21.4125
33.125
45.4
47.1625
70.1
95.9
59.6375
26.6375
16.95
16.85
25.7
28.9
29.9625
38.925
48
63.15
87.9578125
105.225
110.05
55.1
34.6625
50.525
52.675
62.9875
68.2625
64.3125
58
39.35
39.1875
64.4
66.7625
22.8
13.225
10.73125
32.1875
38.6875
40.975
57.0625
48.9125
26.875
36.225
52.9125
41.1625
19.7875
15.5
10.875
8.7875
14.4125
23.75
33.4875
37.4
42.45
53.075
89.5125
88.5375
51.75
26.46875
14.828125
19.8625
24.65
32.5
65.425
63.175
62.9625
42.4
25.3875
18.4625
16.2375
19.85625
31.046875
32.3375
22.3875
30.425
39.75
36.125
25.1125
24.175
25.95
16.425
8.65
9.45
6.85
9.4
10.9625
14.0125
16.5875
19.9625
22
26.6
29.9625
40.275
29.15
26.16875
30.953125
22.1625
15.9125
19.7125
30.425
32.575
38.3625
53.4
79.2
50.7125
18.9625
5.3125
5.9875
11.9125
15.675
19.8
28.625
31.2625
31.65
33.248046875
39.925
47.4125
32.3125
20.93125
30.990625
35.0625
33.0375
30.3875
34
34.875
37.025
65.4125
64.0375
46.6875
16.1125
10.48125
8.284375
11.45
23.125
24.3625
24.5875
24.2
34.55
30.675
28.7875
21.025
9.875
7.2625
6.6875
8.7875
11.775
14.2
18.675
25.225
54.475
57.9875
61.425
36.975
16.3875
14.0375
15.35625
16.325
21.2
24.8
36.675
32.4
20.2
21.775
20.4375
15.6625
13.5125
8.1875
8.1
7.8
14.0875
23.4625
32.2625
54.1125
71.0875
53.625
89.3125
90.0875
57.6375
44.10625
47.290625
80.7875
63.4375
50.1875
66.95
51.8421875
48.2
55.275
58.65
37.625
19.05
11.7625
11.41875
16.6375
23.2375
39.025
49.9375
50.425
55.6875
62.475
57.45
46.8625
26.6375
17.3875
17.1875
22.8375
31.075
38.2125
58.6125
49.525
36.375
49.275
57.4625
30.6375
15.4
14.95625
17.146875
30.6125
39.6875
47.7375
58.7625
55.175
45.5375
38.6
39.9375
30.7
12.9375
12.175
10.81875
15.5
16.575
15.6125
16.5625
25.775
28.8625
18.475
14.375
11.425
11.3
14.44375
22.621875
31.4
25.225
33.425
48.3625
48.5
43.25
32.8
28.9875
24.375
11.675
11.3125
18.025
21.0625
29.0125
48.4375
55.9
60.95
82.9
91.975
94
99.25
63.0375
46.2375
53.09375
70.4875
79.8875
79.7
59.6
56.0875
53.1375
60.35
56.85
55.675
26.3875
20.15625
27.328125
36.75
41.1625
63
75.75
80.325
84.65
97.9625
98.75
82.4
60.1375
56.29375
58.809375
74.85
94.75078125
92.425
74.375
90.825
91.725
88.3875
92.675
77.4875
47.2375
21.51875
34.865625
34.625
30.2625
37.475
42.775
61.4
61.3
61.25
67.2625
58.5625
38.9375
31.25
36.35625
38.8
48.3375
55.9625
64.1875
66.9875
66.4375
50.15
38.2125
26.3875
18.975
22.00625
24.259375
23.075
27.0625
38.9
55.375
62.8
59.15
56.3375
71.9875
63.125
39.875
28.575
36.4
50.7125
67.8125
71.95
83.175
90.975
86.975
83.925
71.3
62.3375
48.9625
41.15
52.3375
58.675
57.8625
65.375
76.175
41.175
72.775
77.8125
84.90000125
47.8875
32.5375
34.18125
40.565625
55.6
55.2
54.3625
58.6375
48.73828125
37.825
52.7125
47.1125
51.825
59.2625
41.96875
37.703125
47.825
51.8875
50.9875
48.275
41.4625
31.7875
30.625
54.3
48.675
49.5625
54.575
46.21875
45.4
51.75
50.7
45.375
52.5625
65
79.875
85.7375
69.5875
45.35
30.51875
39.421875
44.7375
54.3875
62.2
66.925
68.8
68.175
59.3
55.2625
46
39.275
31.6625
41.84375
47.4625
53.2
64.725
79.0375
73.7625
59.7
52.725
57.0375
45.45
42.775
42.70625
43.471875
51
57.55
58.6
54.55
45.1125
36.45
37.4625
44.4125
62.9875
63.8125
57.81875
56.184375
39.2375
44.725
51.9125
55.125
36.15
28.25
28.0875
40.0875
63.6375
33.4625
30.9125
25.9375
36.6625
33.8625
66.4375
55.6
32.9
18.85
35.5875
75.075
46.5
35.6125
56.03125
48.228125
36.5625
77.5
66.0625
86.95
53.1625
60.05
74.1875
66.1625
60.625
50.2875
56.1625
62.31875
