"x"
68
90.5
83.6
87.3
87
101.1
92.6
93.9
98.1
97.2
91.7
100.7
100.9
114.8
107.8
107.5
118
93
101.5
110.5
114.3
99.6
119.6
119.7
108.2
111.2
104.2
113.9
115.2
98.1
105.3
104.2
113.3
109.5
106.7
109.1
102
108.3
106.4
111
102.4
104.1
101.2
132.10001
123.4
123.8
125.5
128.10001
133.7
127.8
131.2
93.7
84.8
106.9
95.4
112
89.2
78.5
80.1
85.5
80
82.8
93.6
76.1
77.7
86.3
70
70.3
63.3
64.3
78.6
71.9
78.2
55.9
62.2
61.9
65.4
61.5
52.4
55.8
53.5
56.8
47.1
46.1
43.9
51.5
55
62.8
51.1
56.6
54.8
67.4
79.4
76
88.1
64.8
69.3
71.6
71.8
72.1
72.2
71.4
65.4
64.5
71.3
69.4
64.6
65.9
63.4
69.1
74.6
74.9
76.8
74.2
77
80.8
79.2
79.1
82.6
98.4
110
91.5
87.4
84.3
86.2
86
84.6
85
85.8
86.4
83.3
80.5
79
72.2
69
65.1
63.4
63.8
63.8
60.6
63.2
63.1
62.7
61.4
61.5
61.4
58.3
53
53.2
52.5
52
55.2
51.9
49.9
46.4
45.7
46.3
48.7
54.9
59.1
57.8
60.6
60.4
59.6
60.8
62.5
61.7
57.3
63.1
56.8
51.1
54.9
51.7
48.2
51.4
51.8
53.8
55
53.8
56.7
55.8
54.8
56.9
57.7
58.4
60.5
60.3
60.6
64.3
62.3
66.7
68.9
72.3
71.8
70.9
72.4
73.7
73.6
74.4
74.1
76
76.5
74.4
74.3
74.9
75.2
75.3
75.7
77.3
76.3
76.4
76.1
74.7
75
79.5
79.8
79.7
82.3
79.4
80
81
80.9
80.1
79.6
79.8
76
70.4
63.1
61.5
61.9
63.6
66
68.6
69.3
71.3
72.3
74.7
74.5
70.9
69.7
69.3
67.2
74.2
103.6
97.7
99.5
151.60001
123.7
121.3
111.9
96.5
97.2
106.9
100.3
108.4
91.8
80.6
70.7
60.2
63.7
71.4
76.8
53.6
56.2
50.5
59.5
48.3
51.5
58.4
65.5
46.9
47.4
46.9
49.4
49.3
48.4
51.3
55.7
48
51.8
56.4
61.5
62.7
61.5
63
85.6
71.9
71.4
81.7
73.3
78.3
99.4
94.3
99.8
90
90.2
89
92.7
90.3
89.5
89.8
94.3
89.3
84.8
81.2
78.1
88.1
86.2
87.7
87.6
79.5
76.9
79.5
71.8
65.9
63.2
60.4
54.6
57.9
57.3
53.2
49.1
46.5
47.2
41.3
46
47.8
53.2
59.4
59.7
51.8
46.3
44.9
49.4
56
61.9
66
70.6
70.6
63.4
64.5
59.1
56.6
60.3
72.6
93.3
92.4
73.7
76.2
74.8
67.4
63.9
54.5
62.3
54.1
50
55.9
48.7
49.3
58.2
45.4
52.6
61.2
50.5
45.8
49.5
47.9
50.7
59.5
54.5
50.9
54.6
55.7
55.2
58.7
60
69.8
64
63.8
59.6
70.3
72.1
98.3
76.7
81.4
99.2
87.3
89.3
94.8
84.3
82.5
84.3
89.9
73
83.4
80.5
70.9
72.8
68.8
63.5
61.9
65
63.3
66.5
57.2
52.9
50
48.7
51.3
45.2
43.5
41
38.5
36.3
35.4
31.4
31
29.5
26.1
25.3
23.4
22.9
23
27
25.7
24.8
22.4
24.5
27.4
24.6
21.2
19.6
21.2
20.5
19.6
19.9
24.8
29.1
29
48.4
56.6
69.3
71.7
69.6
72
68.2
72
66.1
72.9
55.1
58.1
64.5
58.7
66.9
57.4
52.5
66.2
59.1
60.4
56.8
49.8
51.5
48.9
58.1
43.4
38.8
51.9
45.6
51.8
59
48.5
57.2
64.1
59.5
63
65
61.2
59.7
67.8
67.8
70.6
71.9
73.7
88.9
75.3
73.5
68.3
76.9
83.4
77.6
67.3
70
68.3
68
67.9
62.9
59.5
59.4
60.7
55.9
56.8
50.6
45.6
49
46.4
43.1
42
39.5
39.5
33.1
32.7
38.2
29.6
29.1
33.3
31.8
30.4
27.4
23.1
26.6
25.9
21.1
25.9
22.5
25.1
28.3
25.9
25.9
21.2
22.3
31.8
33
34.6
29.5
36.1
37.8
34.8
39
41.1
43.4
44.9
53.3
49.2
47.5
46.2
38.8
36.6
36.5
34.7
25.3
26.2
23.8
24.4
23.8
22.1
19.3
16.4
13.8
14.1
15.2
12.6
12.1
26.5
13.5
11.1
11.5
15.4
15.2
18.5
20.4
22.3
24.4
28.7
29.8
22
23.2
23.2
23.7
25
25.4
26.4
23.5
25
23.6
22.9
24.1
24.9
25
29.4
32.7
30.9
28.3
24.2
25.8
32.6
29.4
33.2
36.9
44.9
32.7
32
33.8
35.1
41.1
33.9
34.4
34.3
34.8
31.6
32.8
36.3
34.5
31.1
36.4
46.3
32.6
33.7
35.1
36.1
34.5
34.7
31.5
33
35.6
34.4
35.5
38.8
39.1
40.1
40.9
36.8
39.6
37.2
36.9
39.6
37.9
36.6
39.6
40.3
45.9
41.3
45.3
38.3
34.6
36.4
38.9
32.7
29.2
25.9
25.5
25
25.4
24.1
20.8
18.6
22.1
22.1
23.5
28.1
46.3
49.8
47.9
51
52.3
54.5
54.7
50.5
49.5
48.8
54.6
55
48.8
55.8
58.3
58.9
59.8
59.1
61.4
61.5
62.1
61.4
62.6
63.2
64
65.1
66.5
70.2
71.3
74.2
73.4
75.3
76.7
77.7
79.3
80.4
79.1
81.4
78.5
76.9
79.3
71.6
65
51.7
54.4
59.7
66.7
74.4
75.8
82.6
64.5
68.5
65.5
72.8
71.5
78.3
105
101.1
101.6
107.6
102.6
100.1
100.6
100.2
130.39999
158
150.39999
137.89999
126.6
136.2
109
119.5
102
92.6
82.2
80.7
73
67.5
73.5
62.7
60.7
55.8
47.4
46.7
51.8
44.2
45.3
43.2
40.2
44.3
39.4
37
43.2
37.9
47.5
40.6
41.2
40.1
48.6
46.4
51.3
54.6
54.1
62.7
62
68.1
72.7
91.5
81
93.5
87.4
100.1
111.9
95.6
92
108.2
102
111.1
101.5
107.9
117.4
97.3
103.6
102.2
90.6
103.3
103
110.7
105.1
111.3
103.6
110.8
112.8
114
100.6
94.8
96.2
95.4
91.2
86.4
92.9
96.1
100.8
102.1
106.8
107
106.7
100.1
105.4
101
107.3
99.4
109.9
103.3
111.8
111.3
131.3
140.60001
117.9
153.2
136.3
121.9
112.9
100.5
95.1
89.2
84.9
90
91.5
93.2
84.1
82.8
82.2
75.9
71.1
78.9
82.8
71.9
71.6
66.9
60.4
67
64
68.6
63.7
64.4
61.1
62.6
60.7
57.7
69.1
64.8
63.4
57
60.2
57.3
65.2
72.6
74.4
75
74.1
80.3
82.6
76.4
76.9
83.6
80.8
101.2
92.4
87.2
77.9
95.7
91.1
100.1
93.3
98.4
83.5
87.9
110
96
99.2
94.8
93.7
90.8
90.6
89.6
77.4
75.5
78
74.5
71.2
69.5
68.7
69.1
69
68.6
72.8
71.1
45.1
32.7
29.6
36.7
31.6
30.9
33.6
31.2
31.5
35.2
35.6
65.6
114.1
112.3
126
123.4
128
141.10001
123.9
120.8
130.3
108.2
108.3
106.7
89.7
100.8
88.6
88.85
89.1
85.7
81
86.3
95.2
74.6
75.4
72.6
66.7
70.5
62.5
69.5
78.4
59.6
59.4
60.6
65
58.9
60.7
53.9
47.9
55.6
57.1
56.8
58
65
62.2
63.1
70.7
78
77.2
70.2
75.3
80.9
78
77.5
80.7
77.9
88.4
83.9
79.5
85.9
88.2
85.9
89.9
84.1
96.2
106.3
111.3
106.6
107
99.2
101.2
89.9
93.5
80.6
71.9
71.2
71.3
74
78.4
73.9
59.7
54.7
35
30.6
30.5
27
21.8
19.8
18.2
18.6
17.4
14.5
15
16
17.7
19.6
20.1
20.3
21.1
24.5
25.4
41.1
86.2
92.9
81.3
95.3
92
91.4
82.9
62.1
63.9
56.8
64
56
51.8
53.7
48.5
43.6
56.9
47.5
46.6
50
42.7
44.8
46.8
46.2
43.8
47.4
45
51.5
63.7
62.4
77.5
53.1
49.1
51.1
59.7
66
60.2
62.9
65
51.5
59.2
67.4
69.7
56.5
66.2
73
83.1
86.6
87.1
105.5
98.5
99.3
107.1
102.4
85
109.7
115.4
120.3
107.2
91
116
112.2
113.6
102.7
111.2
116.8
135.89999
124.8
107.7
116.3
112.7
90.9
81.3
82.4
65.2
61.9
45.7
63.2
65
106.2
95
93.9
73.3
75.6
71.1
81.8
68.5
74.5
72.1
62.9
59.1
65.8
55.2
66.6
63.3
61.7
37.9
39.8
42
47.8
37.7
44
37.9
44.1
56.6
58.9
66.7
67.8
63
61
56.6
62.8
57.2
58.2
64.7
86.7
58.5
55.4
56.9
77.6
63.9
67.4
60.3
55.8
61.3
60.3
55.5
60.9
59.6
61.5
64.9
69.7
68.6
64.3
63.6
63.5
59.8
64.1
69.8
75.4
79.8
67.3
74.4
82.6
78.8
78.1
72.5
63
66.5
64.1
63.3
70.6
71.7
64.4
86.2
100.6
78.9
80.9
81.5
88.4
80.5
71.2
73.3
73.7
66
73.8
60.7
62.6
72.4
93.5
83.7
66.7
66.6
56.8
69.6
96
67
70.8
75.9
83
72
68.9
68
76.9
76.3
76.3
64
83.9
91.8
63.6
68.6
80.2
62
74
68
72.3
63.1
73.9
78.2
65.4
55.7
77.7
82.8
70.7
77.3
74.3
69.2
67.6
79.7
88.8
86.5
86.3
80.8
73.9
67.9
68.1
66.7
54.4
55.2
41.9
38.1
37.6
33.2
38.2
34.9
32.4
40.8
54.2
40
35.7
39.2
27.5
28.6
41.6
35
28.1
36.4
51.5
44.9
51.4
48.2
55
56.2
48.5
33.8
41.1
52.9
45.1
42.3
43.8
48.2
52.9
36
35.8
47.7
58.8
64.9
50
49.1
50.3
63.5
56.5
48.8
73
69.9
59.6
64.9
71.4
64.7
69.8
60.1
70.3
62
55.6
62.7
50.8
53.7
57.1
51.5
48.3
51.6
56
58.8
51.2
58.3
44.4
50.1
50
62.1
51.3
70.6
74.4
62
66.6
67.6
68.1
73.7
72.8
84.9
84.5
85.2
97.9
81.6
89
86.4
95
99.5
90.3
79.1
70.8
55.4
62.5
50.1
44.4
43.6
48.6
44.2
50.5
66.2
75.8
70.9
56
48.1
62.8
57.1
54.3
56
55
62.5
52.4
64.8
57.8
69.2
67.4
64.9
62.2
65.1
76.6
64.6
70.7
71.2
67.7
70.5
66.3
72.1
79.1
71.2
77.5
88.3
100
90.6
82
113.1
112.5
122.7
133.3
128.2
120.9
121.6
153.2
149
141.10001
112.2
103.9
80.3
83.8
65.1
79.1
97.3
76.6
65.2
58.3
69.8
46.6
31.5
46.9
54.4
52.3
55.7
72.4
69.2
56.7
47.7
58.9
55.9
43.6
37.4
37.1
40.3
35.5
50.5
48.9
52.6
53.4
44.3
51.1
57.4
59.7
53.8
52.2
42.9
37.2
39.3
29.8
28.3
17.4
16.4
14.4
8
6.3
2.7
5.4
2.9
3
4.5
0.3
6.6
1.4
1.7
3.6
5.2
3.8
2.8
4.5
2
3.3
3.6
9.1
9
10.2
8.2
8
12.6
12.3
13.1
13.2
10.3
10.8
14.4
17.2
16.4
12.4
13.5
18
22.8
17.2
13.4
24.1
17.3
21.2
19.6
31.2
26
22
20.6
21
19.4
24.7
26.4
33.6
21
40.5
35.9
24.1
46.6
38.9
34
38.9
45.7
36.8
62
43
38.6
34.2
33.1
34
31.2
48.1
47.7
33
32.2
30.8
32.8
31.7
58.8
66.8
49.6
61
44
49
37.3
28.4
32
37
43.5
38.2
50.4
45.9
33.6
35.2
24.7
27.1
14.9
19.2
13.6
13.6
7.7
6.2
6.9
5.5
7
4
3.6
2.7
5.2
2.6
7.8
4.7
10.9
5.1
9.3
11
8.9
7
7.5
6.3
13.9
18
16.3
17.1
23.4
20
21.2
26.2
35.9
35.6
30
43.4
33.3
43.5
54.1
53.9
62.5
81.8
76.6
68
56.4
47.3
76.9
58.2
65.1
61.6
57.5
78.2
72.2
73.2
69.5
68.5
66.1
58.4
56.4
57.9
50.5
70.9
51.8
53.5
32.5
40.8
58
66.7
61.6
47.1
61
82.3
62
77.9
82.7
70.9
66.1
77.3
80.1
83.7
87.8
97.5
80.7
71.8
77.3
61.9
80.2
62.3
78.9
64.5
68.8
80.7
60.2
72.8
72.1
36.1
59.4
39.3
35.4
22.9
17.4
17
11.7
11
16.9
8.9
12.2
4.2
6.8
9.9
20.1
9.3
13.4
8.8
14.3
11.6
19
15.5
14.5
18.5
20.9
7.9
8.8
11.5
12.4
10
8.5
7.9
10.8
7.6
9.5
9
12.6
12.6
13.6
15.4
15.4
17.6
16.5
14.9
16.7
18.3
23
25.1
13.4
18.9
19.1
16.9
20.2
20.1
18
26.5
22.3
27.6
17.8
17
21
17.1
20
21.1
23.9
23.1
22.7
22.6
18.1
17.2
19.8
20.5
19
13.2
12.9
10.9
9
7.7
13.5
14.2
10.4
11.7
9.2
11.3
7.3
7
10.2
6
10.1
6.7
13.9
7.9
6.1
8.9
3.8
4.3
3.2
4.1
2.3
6.4
2.3
3.6
2.5
2.4
5.4
2.7
3.3
3.1
7.6
2.4
2.3
2.7
2.5
5.7
2
3.6
3.5
6.1
6.7
12.3
9.7
7.6
10
13.8
9.3
14.3
20.5
14.4
11.7
15.5
18.4
14.7
10.7
11.6
14
16.5
22
24.2
21.6
20.1
29.7
34.7
45.2
46.5
43.6
33.4
38.7
34.4
27.3
30
31.4
36
38.3
37.2
38.2
29.4
28
29.1
36.5
25.9
26.8
30.7
32.9
26.4
33.5
28.9
26.1
19
20.3
19.8
19.2
16.5
17.3
15.5
22.8
13.1
15
15
13.9
14.4
13
20.8
16
12.2
15.7
10.2
14.5
10.2
11.1
8.7
7.9
8.3
8.5
7.1
9.1
6.1
6.2
5.2
2.9
3.9
4.6
3.8
1.8
4
4.5
2.9
6.5
5
7.9
4.1
3.7
7.4
4.9
5.8
9.2
5.8
10.9
12
9.6
8.2
11.3
15.3
13.9
11
14.4
13.3
12.4
16.3
13.9
18.8
14.2
21.3
19
15.3
19.9
23.3
23.7
23.6
24.4
26.1
24.7
26.8
25.3
23.1
28.6
30.1
29.9
23.8
27.3
27.9
33.7
36.6
31.3
40.3
27.5
24.3
43
36.8
41.4
38.5
37.5
45.9
54.9
32.9
41.3
41.9
35.4
42.5
41.6
38.1
47.1
49.8
53
49.7
52.7
59.4
64.1
56.4
50.8
46.5
57.4
61.6
42.3
54.3
42.9
50.8
33.7
25.2
22.5
29.4
24
15.7
20.3
12.5
19.9
11.4
8.3
9
7.3
8.3
10.7
9
8.2
9.4
3.5
8.3
6.5
8.6
12.1
16.4
17.6
19.2
24.6
16
16.4
20.7
18.4
23.4
16.6
15.9
18.7
16.3
16.7
18.2
22.5
19.7
20.5
21.3
24.2
35.5
25.9
28.9
34.7
31.9
44
46.7
44.8
37.6
41.5
44.2
36
39.9
33.7
31.2
42.4
56.3
39.1
45.1
35.3
39.6
42.7
56.1
41.9
43.1
41.3
38.7
34.3
36
28.1
34.6
38.4
40.3
42.2
45.6
50.6
66.2
60.7
61.5
66.8
69.6
82.5
69.4
67.8
78.6
82.8
73.6
85.5
93.6
90.4
91.4
84.2
73.5
74.3
67.9
64.5
77.6
71
68.8
59.2
57.2
52
55.8
55.3
51.8
52.7
43
37.6
41.6
46.2
51
46.8
47
45.4
54.3
57.9
46.4
63.2
45.6
49
51.2
62.2
57.1
54.9
55.3
63.7
65
61.7
73.5
77.1
75.3
66.4
71.5
74
74.1
73.9
65.8
73.1
82.8
79.1
82.9
70
79.8
80.5
77.2
77.8
94.8
112.8
90.7
114.9
106.6
112.2
121.3
116.7
111.7
102.7
96.5
99.8
100.4
90.7
71.5
74.6
86.4
84.8
80.7
90.1
77.1
76.8
74.8
57.6
55.7
63.8
69.9
101.3
86.6
113.5
117.1
113.3
78.9
79.2
85.6
73.2
59.7
79.9
66.8
58.6
79.5
65.7
63.3
73.1
69.2
85.6
69.8
76.3
36.7
27.2
28
23
14.8
18
11.7
9.2
19.1
12.3
8.2
19.4
12.5
11.8
9.9
11.4
13.4
9
11.9
16.4
20.1
14.8
15.7
10.1
16.9
18.8
17.2
16.4
17.9
17.8
20.1
23
23.9
13.3
15.3
20.8
21.6
30.7
25.9
23.4
34.9
68.2
79.1
61.4
69.5
76.2
68.5
76.6
51.4
68.7
59
47.4
55.3
53.9
39.7
44.2
36.1
43.9
38.9
30.7
28.6
29.6
33.3
35.8
42
27.1
35.7
25.4
32.3
29.1
42.7
38.3
41.3
41.8
36.1
38.8
28.8
37.3
42
47.3
39.5
35.3
40.8
35
32.3
31.8
30.6
39.5
34.8
35
33.1
21.7
20.3
14.4
17.9
13.8
13.2
11.6
7.9
5.6
6
7.8
6.7
7.2
6
4.2
10.3
8.5
7.7
12.1
11.4
7.9
9.4
7
15.6
13.1
20.7
15.6
12.3
13.2
15.9
16
19.1
25.5
20.7
18.3
27.3
21.3
26.2
21.3
20.5
18.7
33.4
36.5
31.9
30.3
36.6
37.2
38.2
34.8
38.6
33.5
44.7
41.8
49.3
48.3
48.3
50.2
53.5
54.8
46.3
54
54.5
40.8
56.4
46.1
40.9
35.2
39.9
34.7
47.4
42
50.9
39.9
49.7
52
50
45.4
29
33.2
34.6
35.5
31.1
39.8
39.5
37.9
37.6
38.8
33
46.1
34.6
40.8
41.1
46.9
48.1
47.5
47.7
31.3
26.3
14.1
16.3
20
23.4
15.3
7.8
7.1
9.3
5.5
7.7
10
7.3
7.2
10
16.3
13.6
18.1
8.8
13.7
13.2
14.7
16.2
13.5
14.6
18.3
17.5
15.6
14.1
23.2
20.7
21.5
24.8
24.9
21.4
21.6
19.7
19.5
21.2
21.6
18.4
16.1
23.3
21.4
17.4
22.8
16
17.8
18.2
19.2
22.3
27.9
27.7
29.6
41.6
33.2
42.8
36.7
35
55.2
52.9
54.5
48.7
43.8
55.9
40.3
51.2
42.5
49.5
41
38.7
41.9
37
28.1
21.3
32.8
34.1
32.9
30.7
25.3
22.1
26.8
21.6
22
19.6
19.9
23.2
16
16.9
15.3
17.5
21.5
19
17.7
11.6
9.9
8.5
7
9.8
11.1
12.6
7.8
6.2
6.7
4.9
4.5
5.2
8.4
8.1
9.9
6.5
5.7
6.8
6.9
4.8
8.1
9.3
8.4
16.2
12
14
20
29.7
27.2
21.8
28.1
26.5
21.1
25.3
15.9
24.2
28.3
40
52.2
57.8
68
52.3
65.3
61.6
73.1
69.8
91
83.2
71.5
77.5
95.3
83.6
86
98.6
93
107.2
99.8
94
90.1
101.8
79.3
52.3
59.2
43.5
37.5
56
51.4
46.2
58.3
56.9
55.5
46.3
43.5
46
39.5
34.5
32.9
41
35.9
48.5
38.3
38.5
42.5
44.8
55.3
66.7
53.6
60
56.2
54.8
48.8
47.2
51.3
59.6
44.4
38.6
35.7
33.7
20.1
18.4
16.2
16.7
14.9
17.2
17.7
15.1
10.8
12.7
13.3
19.2
21.7
16.6
10.6
8.7
12
16.3
16.5
18.6
22.1
29.5
37.6
26.1
20.9
25.8
31.4
60.5
61.9
56.9
73
91.9
96.8
54.6
49
53.7
63.5
78.5
77.4
48
44.9
23.6
28.3
69.4
69.5
89.5
81.8
73.4
67.8
64.9
71.2
71.5
65.4
56.5
82.5
79.3
63.8
72.2
94.8
75.7
67.8
65.6
49.5
55.7
42.9
40.7
46.4
64.7
66
52.3
66.4
65.9
77.8
85.5
72
77.7
54.7
54.6
60.7
51.2
40.2
47.1
50.4
57.9
54.1
47.7
48.9
41.1
37.2
43.4
30.4
31.7
34.3
39.6
25.2
25.3
28.9
33.2
43.7
67.4
26.7
23.5
29.1
19.1
31.1
38.2
29.8
36.5
48.2
37.1
31.7
48.2
47.8
27.2
33.8
27.6
40.2
25.4
47.2
27.7
40.1
51.2
35.3
33.3
39.6
39.9
41.7
52.4
49.9
35.9
43.9
30.9
41.6
44.7
41.9
35.3
28.3
40
35.8
34.4
39.1
30.5
37.8
34.1
35.1
23.3
27.1
36
32.8
36.6
28.9
30.8
34.8
39.8
32.7
38.2
29.6
34.4
47.1
32.6
27.6
31.8
28.7
34
31.1
32.9
30.5
27.6
27.7
31.5
35.2
24.4
32.9
37.4
37.25
37.1
27.5
30.5
37.1
27.1
34.1
26.6
35.6
38.3
31.8
29.9
32.7
42.4
29.2
34.6
19.7
19.6
17.3
18.1
18.4
14.8
12.7
8.6
10.1
8.2
7.2
8.3
7.9
4.8
9.3
10.3
7.2
7.6
6.8
5.8
8.6
8.9
8.4
10
10.7
11.8
13.3
11.3
17.1
11.3
11.6
16.3
14
17.3
17.5
18.4
29
33.6
28.8
28.8
31.2
31.2
32.8
47.1
49.9
42.4
59.8
64.9
50.7
57.6
55.1
42.6
57.4
50
52.9
42.9
45.1
38.8
44.8
52.7
59.7
64.7
55.3
53.2
40.4
52.4
50.9
48.1
54.7
50.3
61.7
37.7
50.4
59.1
49.3
39.4
48.9
53.6
38.4
43.2
42.9
55.2
38.5
48.4
44.2
52.2
59.2
53.4
52.6
60.4
40.7
40.8
49.7
50.6
49.9
40.1
53
35.5
23.3
22.3
24
19.5
19.7
14.6
11.9
8.3
10
11.8
8.7
8.6
11.5
10.3
7.1
2.9
10.1
6
21.6
9.8
16.7
14.9
20.5
17.3
6.8
9.6
7.4
10.3
11.4
15.7
14.2
14.1
13.1
22.9
11.8
15.3
18.5
19.2
21.6
24.7
23.5
30.3
32.4
32
45.2
44.7
45
43.1
33.4
41
48.5
43.3
46.4
54.5
42.5
42
42.2
49.9
41.3
43.8
41.8
32.6
31.4
43.6
42.3
43.5
44.9
42.8
40
47.6
41.9
51.8
40.7
48.3
39.3
49.9
53.9
42.5
75.7
50
56.3
52.4
60.4
68.7
68.2
76.2
80.6
71.7
85.6
81.5
81.5
95
79.7
79.6
72
63.5
40.4
80.8
70.9
69.7
59.5
41
43
22.8
26.2
29.3
40.5
39.7
23.9
22
22.7
20.7
25
23.2
30.3
35.4
31
29
24.7
25.2
19.8
18.2
20.1
11.1
17
16.5
24.4
22.7
30.4
35.8
26
25.4
17.4
31.3
43.2
35.8
41.2
54.1
45.6
44.3
46.1
49.9
45
43.5
45.6
42.4
46.8
54
52.1
42.6
38.9
36.9
31.1
29.2
32.6
41.4
36.4
46.2
32.8
41.7
37.6
52.8
32
42.3
44.2
34.5
32
54.7
40.2
38.1
37.6
45.3
39.5
34
46.3
31.4
47.5
37.8
38.8
42
43.6
28.2
31.1
27.3
17.4
21.9
30.1
25.3
18.1
16.6
20.2
18.7
12.2
17.4
6.4
10.7
12.7
8.5
7.5
8
9.5
6.6
5.8
3.3
6.7
4.9
4.5
7.6
9.3
7.5
10.3
15.3
6.9
7.3
7.8
6.3
11
8.9
13.7
15.3
15.9
26.1
25.6
27
29
22.9
20.9
25.9
21.3
24.9
18.5
19.9
29.7
23.8
28.9
26.2
26.7
25.4
32
29.7
38.9
35.8
35.7
33.9
37.7
35.8
39.8
47.1
43.2
45.9
52.4
63.4
97.9
69.9
69.8
72.4
68
51.6
49.5
50
47.8
49.5
42.9
60.4
41.2
55
47
47.1
65.1
76.8
74.7
63
43.8
35.2
35.4
30
38.2
34.8
42.5
42.6
35.7
33.6
35.8
33.6
25.8
30.2
26.3
23.9
22.1
24.7
20.5
22.3
18.9
12.4
14.7
16.2
18.9
14.2
16.3
13.4
11.4
25.5
15.3
18.5
14.1
17.5
15.9
15.6
19.6
19
23.3
27.3
41.7
37.7
40.3
39.2
36.3
36.3
41.7
41.7
39.2
47.2
45.2
49.5
32.9
39.2
59.5
57.6
76.1
74.7
62.8
55.9
55.8
74
79.9
90.4
73.1
66
82.2
87
69.2
67.5
59.8
64.5
54.9
53.6
62.7
61.2
77.8
48.5
49.5
45.6
36.6
42.8
44.5
34.1
28.9
29.5
33.4
37
20.3
36.5
27.5
37.8
35.1
26.4
21.5
19.8
21.9
23.4
22.4
31.5
30.8
33.8
32
27.2
26.2
18.9
28.7
11.9
27.3
20.5
21.1
29.1
17.9
21.3
19.6
17.8
22.6
22.1
15
11.1
13.6
9.5
8.8
9
26.5
11.4
11.7
9.5
12.9
11
14
14.8
14.5
13.3
15.2
18.5
12.2
10.6
16.1
17
17.6
20
27.9
20.9
19.3
32.2
41.2
29.7
20.9
35.2
28.4
31.1
42.1
31.4
35.2
40.6
47.6
33.5
30
34.8
40.6
44.8
46.7
55.7
66.3
68.3
57.8
62.5
67.9
55.7
74
70.3
87.1
74.4
73.7
75.9
76.9
65.3
67.3
64.9
63.3
62.6
61.1
44.9
50.2
47.9
59.8
55.4
49.9
42.8
45.1
41.5
41.3
49.4
48.2
57.7
51.5
50.5
43.4
54.3
47.3
58.6
50.9
44.2
72
48.8
59.1
53.1
42.4
37.3
38.8
35.3
40.3
32.6
37.7
38.2
38.1
38.2
38.4
35.8
38
36.1
43.9
43.9
44.1
43.7
42.3
44.2
44.4
48
49.3
44.7
47.3
93.8
96.1
90.7
86.5
94
83.4
84.4
85
88.3
91.3
89.2
90.7
93.1
89.6
98.4
90.2
87.5
87.8
78.9
81.3
78.2
76.6
79.8
79.3
83.1
83.5
82.3
80.3
78.2
78
80.9
76.1
72.2
69.5
71.1
79.2
73.1
65
65.1
62.5
65.7
66
65.4
64.1
63.45
62.8
66.1
71.8
69.1
75.1
69.3
68.2
67.9
66.7
68.8
68.7
70.5
70.6
74.6
72.3
69.8
71.2
73.4
76.9
74.6
72.4
75
69.8
68.7
67.5
66.7
65
69
64.9
65.4
66.5
64.5
63.3
64.5
65.9
67.6
67.2
66.3
65.7
66.3
67.3
67.2
67.1
66.1
68.4
68.1
67.6
68.2
68.2
66.5
68.8
67.9
70.9
68.5
70.3
69.9
71.7
75.4
77.5
76.5
80.1
78.4
79.1
79.9
79.8
80.4
80.8
80.1
77.8
78.3
78.5
78.2
80.3
80.7
81.2
82.1
82.2
83
82.8
84.4
82.3
83.9
84
87.8
88.2
86.4
85.8
87.2
88.5
90
94.6
92.5
94.6
103.2
105.7
119.5
113.3
112.2
109.5
107.6
111.2
118.7
114.1
115.6
111.6
115.5
114.8
144
131.60001
149.7
130.39999
125.8
123.5
120.3
120.5
93.3
98.7
94.2
116.2
87.5
83.9
79.4
69
80.2
60.8
66.8
65.8
75
66.5
64.6
66.2
72.3
70.8
61.4
62.2
67.4
70
69
65.3
64.3
67
64.5
73.5
79
81.1
79.8
78.7
77.4
84.6
105
82.4
91.4
96
87
89.9
87.2
99.9
85.9
81.8
80
83.4
78.9
77.4
75.5
75.6
79.6
80.4
87.2
69.6
66
82.2
70.4
77.9
71.5
72.6
76.3
70.2
66.8
69.4
68.7
63.1
63.9
62
56.6
60.6
58.2
56.5
59.7
56.9
54.1
50.9
52
57.3
71.1
57.3
60.5
66.2
68.6
75.8
70.2
70.2
69.8
79.3
90.2
86.1
96.9
104.6
88
69.9
68.4
63.9
56
60.5
66.3
58.9
62.1
49.2
50.3
49.5
49.1
49.4
49
48.5
50.2
49.8
48.1
46.6
49.6
49.8
49.6
50.1
47.8
49.6
49.2
49.5
51.7
48.9
50
51.5
49.3
45.6
42.3
39.5
41.6
40
42.6
50.8
55.2
54.4
51.7
57.8
47.4
51.7
52.2
50
52.2
53.6
53.1
52.4
51.8
50.6
48.5
40.6
38.9
45.1
40.2
41.3
40.7
42.4
40.3
39.5
51
58
52.8
54.3
60.4
53.7
55.4
54.1
48.4
43
42.3
40.4
38
37
33.4
37.9
39.6
39.6
35
33.8
45.5
43.6
45.7
46.7
55.8
61.1
70.3
79.2
96.4
100.1
103.4
95
82.3
80.6
79.6
87.3
81.6
92.7
67.5
72.6
73.5
77.7
58.2
62.3
55.4
50.7
47.7
45.7
46.6
56
40.7
40.2
37.2
39.6
41.2
42.4
42
42.3
39.8
40.4
38.5
36.9
40.8
40.1
37.4
55.4
38
36.9
37.2
39.7
35.9
34.4
36.2
31.5
32.6
31.5
31.3
30.6
31.6
29.4
31.2
31.4
28.1
33.2
32.6
38.2
42.8
37.7
40.8
46.3
40.2
41.1
39.9
33.1
34.6
30.2
32.1
32.9
33.6
30.8
28.8
31
32
26.6
24.3
23.9
25
27.2
27.2
27.4
29.4
34.1
37.5
36.8
34.6
35.5
44
47.5
60.4
50.4
42.7
39.4
40.5
51.2
52.2
51.6
56.6
58.4
56.9
58.9
58.5
55.6
49.6
45.4
46.7
45.4
40.9
40
38.2
39.2
30.8
25.7
27.7
26
34.4
46.9
48.1
63.5
60.4
66.5
55.4
62.2
61.9
62.1
56.8
58.3
62
56.2
83.2
77.9
79.6
100.4
67.2
65.3
62.6
61.4
70.1
81.7
71.1
74.6
67.7
69.9
73.8
74.5
72.9
76
78.3
80.1
71
67.6
62.1
63.8
67
66.7
69.6
66
61.3
60.2
59
56.6
53.5
52.2
52.5
48.7
46.7
46.4
49.7
40.6
41.4
39.9
40.5
40.2
32.7
28.2
25.3
22.1
27.5
24
23.2
20.8
28.5
24.7
22.8
22.4
22.6
24.7
34.5
38.7
38.6
41.2
49.6
42.9
47.8
36.4
36.8
32.2
30.4
28.6
24.7
20.8
21.1
22.5
25
24.5
21.1
24.9
24.8
20.7
18.7
17.4
18.1
18.4
22.5
25.9
25.1
23.5
22.8
19
20.6
23.8
30.3
42.3
35.5
37.1
36
43.9
36.2
42.9
31.8
33.6
32.7
32.7
33.9
34.8
37.1
40.9
42.2
42.6
44.5
44.7
47
45.6
47.8
69.5
79.9
73.7
69.3
70.7
69
80.2
87.6
91.3
99.5
88.2
75.6
73.7
72.2
67.6
65.2
66.7
49.9
50.3
46.7
45.5
39.4
31.2
28.7
26.6
25.1
26.6
37.7
32
27.6
25.5
26.1
25.8
27.2
26
25.7
27.7
25
23.6
25.8
26.6
27
31
30.7
27.1
24.5
26
29.6
29.5
33.9
39.5
38.3
33.3
32.8
36.6
30.2
31.7
28.7
24.4
28.6
25.9
23
25.7
24.3
27
24
25.7
25.6
23.9
25.2
28.8
33.8
30.9
24.9
20.5
20.6
32
33.5
40.2
44.4
46.1
49
49.1
57.6
60.5
58.9
58.8
44.5
45.6
39.8
45.3
41.1
45.2
45.2
44.2
36.1
38.1
39.3
45.9
45.4
51.8
59.9
62
65.8
64.7
66.4
65.9
66.4
69
66.5
65.3
63.2
64.1
67.7
64.8
62.7
61.3
54.4
55.3
50.6
49
52.3
44.7
41.4
42.6
43.8
37
40
49
36.7
38
46.2
47.3
44.7
58.2
64.3
67.8
68.2
63.2
64.6
67.5
71.2
74.2
60.9
54.7
57.1
60.2
61.4
63.2
57.4
57
55.6
50.1
44.2
42.6
46.4
46.4
49.4
63.9
58.5
57
55.2
49.1
56.2
47.7
49.3
51.1
55.1
45.8
44.8
44.9
41.4
41.9
45.7
52.8
50.4
50.9
56
58.8
55.3
57.8
57.1
57.2
57.7
61.6
61
61.2
66.8
70.1
85.9
97
92.2
91.3
112.3
141.60001
137.2
146.60001
121
102
109.4
113.1
125.5
120.9
113.7
117.1
116.9
110.3
102.9
86.4
93.5
85.9
76.3
70.6
59.3
58.7
56.7
57.2
78.5
60.4
60.8
75
72
58.6
67.8
69.8
81.7
59.7
50.3
55.6
49.4
79.5
126.5
145.8
160.7
164.8
170.89999
179.8
81.9
72.4
68.3
74.2
88.8
75
68.8
71.2
61.6
63.5
90.3
67.8
56.6
70.8
74.9
66.4
45.3
55.3
41.2
54.9
45.3
50
40.8
47.4
47.2
71.3
52.5
49.5
57.1
49.2
51.1
61
61.2
63.9
74.7
75.6
72.1
80.3
82.7
95.2
96.1
91.1
103.8
110.2
103.6
103.2
99.4
101.9
99.9
92.9
90.6
85.9
89
86.7
83.3
85.4
92.5
87.9
95.8
96.9
98.9
103
98.2
96.2
93.5
84.7
92.2
86.7
71.8
94.6
95.3
70
101.8
115.9
55.1
74.6
70.5
54.7
57.4
81.3
64.3
49.8
62.5
88.9
103.2
106.5
114
108.6
113.6
113.4
130.8
114.2
120.3
122.6
108.5
107.6
113.3
76.5
72.9
69
73.7
65.3
68.5
70.1
61
66.1
58
44.9
49.3
55.3
53.7
45.1
40.8
41
42.6
42.9
44.8
42.7
41.7
51.4
48.1
48.3
45.3
52.9
59.9
56.8
56.5
52.2
64
62
61.7
61.5
63.6
86.6
74.5
69.8
70.2
65.7
71.6
75.5
79.8
86.2
77.1
78.7
85.2
85.7
92.3
92.9
99.8
115.6
104.5
91.3
95.3
98.9
106.5
100.5
109.6
104.1
107.9
99.8
95.2
103.7
118.3
118.9
126.3
132
144
127.5
119.1
124.5
131.5
113.3
115.3
121.5
114.9
121
115
106.4
102.8
119.4
122.8
122.8
129.10001
104.8
100.7
104.9
95.7
98.8
99.2
104
99.7
104.8
116.4
124.6
135.2
105.5
116.5
101.2
95.7
106.3
111.7
94.4
91.2
93.7
81.4
77.8
69.2
61.7
61.7
50.7
55.3
64
52.9
52.5
49.4
50
47.9
60.1
41.8
48.4
51
53.2
58.5
58
60
66.1
70.6
73.9
79
65.2
66.8
61.2
65.3
63.7
65.9
58
57
66.3
63.2
64.9
67.3
59.7
63.4
57.5
66.9
67.9
66.4
60.9
69.1
64
61.5
59
69
65.5
68.4
68.7
71.8
82.1
78.4
78.9
76.9
76.8
73.7
86.8
69.5
73.2
74.5
99.1
69.3
67.6
74.9
76.6
72.4
80.3
79.6
73.3
80.1
74.4
69.3
77.2
72.4
74.5
60
61.2
69
63.5
56.9
60
69.1
63.8
52.7
43.2
44.3
43.4
47.6
47.3
47.5
41.6
33.8
34.2
26.5
21.6
23
13.6
19.2
16.3
18.5
10.2
7.2
7.9
7.5
5.9
6.6
6.1
8.3
8.3
6.1
11.4
5.3
5.9
8.2
12.4
20
16.8
21
20
19.2
23.2
27.7
24.6
31.3
30.7
28.6
35.4
39.3
37.8
37.3
36.2
32.4
43.1
47.2
37.2
31.1
36.7
42.3
32.8
37.5
36.2
37.8
41.4
37.3
37.9
36.3
46
42.2
48.2
33.6
38
43.9
45
41.5
44.4
39.6
37.5
34.8
27.7
25.4
30.8
35.8
26.2
22.7
30.7
33.6
33.1
24.2
30.6
41.4
40.3
42.7
37.6
44.8
50.1
29.9
34.9
32
37.1
19.6
25.4
34.7
36.7
22.2
20.4
19.1
30.8
16.2
10.9
13.1
12.3
11.3
9.3
7.7
5.6
7.1
7.6
7.8
9.6
5.2
6.5
4.2
4.2
7.7
10.8
8.8
9.9
7.5
5.5
7.8
8.8
14.9
13
12.9
13.8
15.1
15.4
14.8
12.4
11
8.7
13
16.4
20.3
14.4
16.3
19.6
21.2
21.9
26.6
16.4
22.7
23
17.8
24.4
27.5
30.1
25.1
37.5
29.4
38.1
27.2
24.5
28.7
29.4
31.8
42.2
39.1
46.2
37.4
39
39.8
34.8
28.1
33.3
33.4
38
50.9
43.8
47.5
45.3
41.4
46.8
53.5
52.1
69.4
64.1
55
71.7
82.3
88.6
81
75.7
82
54.6
63.1
59.2
57.3
52.4
51.5
42
55.1
67.8
52.6
52.1
38.2
42.3
28.5
28.1
22.1
22.7
15.3
22.6
25.3
17.3
17.2
27
19.8
18.6
19.9
29.8
23.1
31.5
31.5
30
25.6
21.2
23.9
21.5
25.2
29.8
32.3
42.4
30.8
33
28.8
32.5
37.5
27.3
37.2
36.9
34.2
41.9
34.7
37.9
52
45.3
47.2
45.3
51.7
47.2
43.9
39.8
38.6
51.9
51.2
50.1
54
54
60.8
73.2
60.5
56.5
46.8
48.4
57.4
45.2
55.1
47.6
61.4
44.4
38
78.7
55.3
39.1
43.6
53.8
53.8
50.3
47.5
49.8
61
49.1
55.2
50
41.3
44.2
46.4
59.5
49.4
29.5
36.3
56
42.3
30.6
23.3
24.4
14.6
19.1
23.1
22.2
17.9
17.1
19.8
6
16.3
9.1
8.7
0.6
-4.8
6.4
3.5
4.1
5.3
9.9
6.2
4.9
5.9
5.9
2.5
7
5.4
6.8
11.9
11.4
8.2
7.5
9
12.1
13.3
9.6
9.5
14.3
13.3
12.8
11.1
13.5
10.5
10.5
12.5
16.9
16.9
18.7
19.4
21.2
25.7
29.7
35.9
26.6
28.6
27.4
26.1
30.9
32.8
38.2
34.2
35.9
37.9
48.2
40.7
35.1
39.8
37
38.8
48.4
35.9
37.3
36.6
44.1
38
34.4
33.6
42
42.2
43.8
49
37.6
48.2
45.6
54.9
64.2
60.1
71.3
52
57
48.2
42.2
39.8
37.1
49.9
40.8
39
45
45.9
41
38.2
30.8
22.4
25.4
27.7
23.5
15.9
23.9
9.1
14.8
7.6
10.2
7.5
6.6
5.5
7.8
11.9
10
9.4
11.7
7.9
11.1
11.3
14.2
10.5
16.4
10.4
11.1
10.8
22
12.4
13.2
18.1
12.9
21.8
23.1
27.3
23.9
21.4
25.1
26.2
29.3
35.4
34.8
31.6
34.3
38.9
42.8
44.4
27.8
35
36.8
35.7
40.9
47.2
43
42.2
49.4
47.2
31.5
35.5
33.9
41.1
40.2
34.2
41.9
41.9
38.6
47.3
47
43.3
38.25
35.725
33.2
35.4
36.8
44.9
50.6
41.9
50.2
38.8
33.8
34.5
28.2
31
33.7
29.5
30.3
26.2
18.3
24.2
24.5
24.6
27.1
24.5
27.4
23.4
23.1
17
14.3
15.6
14.7
11.6
11.8
7.8
8
7.6
8.2
6.9
2.4
6.8
11.6
8.1
6.9
6.3
8.5
8.1
16
8.7
9.6
14.4
12.1
16.8
16.4
34.6
42.7
32.9
34.2
41.9
34.7
36.3
55
38.1
34.4
32.2
34.7
37.7
46.8
46.4
43.7
36.6
51.5
59.4
41.1
43.3
54.4
55.2
54.8
57.3
55.2
53.3
59.9
54.7
56.8
52
53.7
47.7
51.8
48
46
47.6
48.4
47
44.6
41.3
41.5
37.5
43.8
45.2
45.8
46.8
52.4
53.7
56.8
55.8
58
57.6
57.6
52.7
50.7
57.3
68.7
72.5
77.6
73.8
77
73.9
84.3
87
79.4
62.8
70.1
68.8
67
68.3
51.5
57.4
59.1
66.2
49.2
51.2
57.3
38
45.7
24.8
25.3
23.7
27.3
25.4
29.5
38.1
29.2
22.3
27.5
13.9
36.8
24.9
44.2
71.1
78.2
58.5
59.1
61.5
55.2
59.5
47.7
58.2
38.7
28.4
29.2
27.1
17.5
22.7
21
25.3
27.5
23.2
20.4
21.9
25.7
24.3
25.9
34.8
31.6
34
28.5
23.6
24.7
26.4
28.5
23
22.7
26.3
25
28.4
32.3
35.7
35.1
32.5
27.9
25.5
29.7
41.3
44.6
62.7
28.4
39.6
34.1
36.9
61
82.5
60.4
45.6
41.9
32
47.7
72
86.3
81.1
70.5
40.4
45
40.7
40.1
64.5
70.2
77.7
72.5
48.8
52.1
26.9
17.3
23.2
21.7
20.5
7.3
15
18.1
23.3
15.9
5.3
6
14.9
6.7
16.2
9.7
12.4
9.5
6
7.2
7.8
7.5
6.8
6.5
7.3
9
9.1
8.9
8.9
8.9
10.5
12.7
11.3
11.9
11.9
11.5
11.9
16.8
16.5
17.7
20.8
21.2
24.4
23.2
22.6
24.5
24
23
22.7
25.2
24.3
29.4
27.9
22.3
23.8
23.2
18.9
20.2
24.8
23.6
20.3
26.2
21.5
17.6
16.8
18.8
23.5
19.4
25.6
21.7
22.6
22.6
20.7
20.8
24.5
22.8
25.8
30.9
21.8
24.7
28.2
21.7
22.4
29
18.3
25.3
23.2
16.3
20.7
21.7
18.5
22.4
16.1
21.4
17.7
11.5
14.1
13.5
12.9
13.4
13.2
14.5
10.5
13.6
11
14.4
15.9
14.4
13.2
17.9
12.8
11.6
12
17
22.3
25.6
32.1
34.7
43.6
46.2
47.5
52.7
43.4
44.3
36.6
26.5
35.2
33
35.2
32.3
47.3
47.5
48.5
40.2
42.5
42.9
47.2
51.6
50.2
42.6
48.5
53.2
66.5
61.8
67.6
71
69
69.7
68.9
60.8
61.8
56.4
65.1
65.3
67.4
51.4
40
58
37.1
43.3
42.8
43.9
52.6
75.6
85.7
65
62.2
71
60.4
65.1
57.3
70.1
62.2
63.8
72.1
63.4
73.6
68
80
81.5
77.1
69.3
87.2
68.3
74.1
70.6
88.1
73.9
63.5
67
68.5
73.2
56.2
49
69.8
61
61.5
61.4
61.1
61.2
54.6
53.8
50.2
58
49.7
55.5
51.5
55.5
58.3
60.3
58.6
59.8
56.3
56.9
60.9
59.3
61.3
67.1
65
65.4
67.7
69.5
68.8
71.9
68.6
71.6
74.8
76.2
69.9
71.5
81.7
78.3
76.8
79.8
83.9
83
89.2
88.1
81.5
85.2
96
104.4
99.5
103.1
98.8
111.4
116.7
129
131.8
110.7
104.5
116.1
99.1
100.1
97.9
89.3
93
100.3
103.6
104.3
115.9
124.9
118.4
124.6
145.2
140.89999
144.8
155.8
139
176.60001
129.5
150.5
149.8
170
154.2
127.1
106.5
90.4
81.4
66.6
69.3
74
76.2
83.2
90.9
90.2
78.4
68.4
61.2
53.5
66.1
53.5
53.7
50.4
54.9
51.6
53.5
52.3
52.2
44.6
46.6
46.1
48.7
52.1
43.9
55.7
51.2
56.2
53.3
58.8
61
61.8
60.3
61.6
65.9
62.8
59.3
61.7
68
66.2
66.9
69.3
63.6
78.6
71.6
75
73.7
75.7
74.1
92.4
98.4
117.4
104.3
94.3
100.3
119.5
124.2
117.6
115.7
132.2
135.39999
88.5
94.8
89
79.3
58.8
51.9
68.2
99.4
69.9
83.6
63.2
66
64
82.6
117.4
127.6
128
119.5
132.3
131.2
128.7
147.39999
140
137.60001
142.60001
164.10001
148.2
162.10001
133.8
132.39999
147.5
157
140.5
100.9
93.3
88.7
68
62.4
66.6
65.9
79.5
65.5
65
65.2
41.4
53.8
48.3
46.6
43.6
42.6
39
48.1
40.6
43.2
41.6
38.6
50.4
45.3
44.4
44.4
49.5
53.7
58.6
63
61.9
73.5
88.8
101.8
68.7
73
72.8
79.6
78.4
88.1
90
90.9
84.6
90
89.6
96.3
90.3
99.5
85.2
90.3
82.5
91.4
85.5
89
84.9
83.7
85
82.3
83.9
94.2
88.2
80.5
69.4
79.2
88.9
95
112.8
109.1
99.6
61.7
70.8
44.7
53.1
60.1
65.2
89.3
49.5
39.7
55.3
79.4
60.4
48.7
58.2
79.1
52.8
63.8
51.9
68.1
82.9
102.5
89.6
77.8
108.7
117.3
109.2
131.2
110.2
98.2
115.7
100.1
101
101.3
96
74.4
59.2
57
67.3
53.2
58.4
51.8
50.8
47.8
36.2
38.8
38.6
38
37.7
32.6
37.5
35.2
29.2
29
34.8
34.5
33.7
28.4
32
32.3
36.3
36.2
37.6
37.3
41.1
36.5
40.4
41.7
43.2
50.9
48.7
43.8
47.7
50.8
51.4
61.8
60.1
65.1
69.1
73.8
75.7
75
79
75
78.7
70.2
81
73.3
72.9
65.2
64.6
62.8
56.3
59.6
62.9
60.3
64.9
50.4
44.1
53.6
53.5
53.4
63.1
58.9
53.1
58.2
51.6
60.1
54.6
38.9
55.8
74.2
61.8
58.7
58.4
67.7
65.7
70.5
64.3
80.5
79.3
69.3
61.9
73.9
70.4
66.1
68.2
67.1
59.9
84.5
75.3
61.6
58.5
54.4
53.8
37.6
39.3
28.8
39.2
27.2
28.3
28
25.4
27.3
29
29.6
27.4
38.3
29.3
41.6
36.3
30.9
38
29.7
65
56.6
57.3
69.1
64.5
67.4
75.2
69.9
79
80.5
85.5
80.7
90.6
87.1
93.9
80.5
76.3
88.8
97.5
83.3
86
99.3
122.9
109.9
97.7
107.4
121.3
120.8
127.4
131.89999
114.8
111.7
117.8
120.9
112.9
117.1
120.5
103
108.4
105.4
95.6
82.1
78.1
94.9
91.4
83
93
86.1
85.9
84.2
99.3
86.7
90.4
87.6
101.2
110.6
120.4
94
90.7
94.1
98.9
116.1
108.6
104.4
95.6
108.3
112.1
97.6
95.8
90.9
103.7
107.1
94.7
92.8
85.5
74.2
74.1
99.4
64.6
51.7
51.3
51.5
50
38.5
45.6
47.8
50.7
43.9
44.6
43.5
50.1
55.5
55.6
54.5
57.3
53.2
62.2
66.1
69.6
68.6
55.7
55
66.3
51.4
55.9
46.2
49.1
55.1
61.9
59.8
32.9
46.7
48.5
53.8
49.9
29.6
32.6
34.4
54.2
23
33.3
45.4
57.9
53.5
34.1
69.3
80.7
78.8
78
75.6
74.1
79.5
86.4
43.1
63
80.8
78.5
68.7
45
44.8
80.5
75.9
42.9
24.4
66.6
43.3
33.2
34.6
40.3
38.8
31
32
36.7
42.7
30.7
42.1
30.1
23.3
23.8
20.4
17.5
18.8
17.9
21.2
18.7
13.2
10.6
13.4
15.5
9.8
9
9.7
8.4
7.3
9
5.5
6.1
5.9
8.5
7
7.3
8.5
6
7.1
10.9
10.7
13
9.4
9.2
10.4
12
13.8
17.2
11.5
12.1
19.6
20
17.4
21.7
20.8
23.8
20.5
23.5
26.1
31.5
28.3
32.2
32.9
36.6
36.7
31.8
32.7
42.8
32
42.4
47.5
39.8
43.7
47.2
57
48.6
52.8
58.6
61.1
46.8
42.1
48.7
42.2
36.1
39.7
51.1
48.9
54.9
38.6
29.7
32
32.2
32.8
36.3
41.3
35.7
40.2
47
42.2
50.4
55.1
47.4
48.3
49
47
53.9
41.2
41.8
38.9
44.8
42.6
34.6
34.8
30.3
27.7
17.7
23.1
19.3
24.3
24.4
25.5
15.1
11.2
14.6
22.8
14
7.8
7.3
8.5
9.9
9.2
9
8.4
6.8
9.2
9.2
15.2
14.1
20.7
19.3
18.1
15.2
29.2
24.1
28.6
31.1
26.1
31.6
30.9
36.9
37.9
35.8
37.7
44.7
50.6
45.5
51.6
52.6
54.6
65.8
69.5
68.6
68.9
66.2
70.8
57.6
53.6
49.6
56.1
58
57
69.5
86.4
90.6
81.3
89.1
78.2
67.1
63.5
66
75.3
68.3
82.1
59
57.7
51.4
56.4
54.2
55.4
43.6
52
56
52.7
65.5
70.6
60.9
57.8
53.1
79.6
64.5
59.9
81.4
61.2
71.2
72.1
67
77.8
72
66.9
71.4
74.9
69.2
59.7
66.4
65.8
66.1
54.9
32
32.9
29.5
27.1
31.5
16
10
17.1
22.6
13.1
13.2
15.9
9.7
11.1
12.8
9.2
11.6
14.1
25
11.2
20.6
24.1
20.5
24.1
22.8
15.4
17.2
17.2
19.9
15.4
16.6
23.4
20
27.4
28
28
29
20.3
29.3
38.3
35
43.8
45.3
41.9
46.4
48.4
64.6
63.8
62.9
64.6
62.6
76.1
75.1
50.3
50.6
34
36.9
53.1
54.4
47.4
39.4
42
49.8
47.9
45.3
50.5
54.2
43.2
51.3
52.7
56.7
42.8
43
45
42
47.5
44.6
66.4
59.6
67.4
61.35
58.325
55.3
68.2
60.3
63.7
76.3
79
67.9
69.4
58.9
65.1
61.3
61.7
62
56.5
45.7
37.1
48
43.1
36.4
27.6
24.4
21.8
22.4
18
17.6
21
21.1
21.9
21
20.5
25.9
24.4
32.8
24.2
25
24.8
24.6
26.5
28.2
24.2
23.5
26.25
27.625
29
38.5
37.4
43.4
49.9
46
50.1
50.3
51.4
44.6
52.8
58.9
54.6
58.6
68.4
83.7
78.4
95.5
72.5
71.7
77.2
86.4
94.2
89.6
84.1
76.1
76
81.5
67.8
74.3
78.8
65.5
61.8
62.3
61.1
48.3
57
42.3
47.7
59.7
75.5
53.1
46.1
47.7
43
57.1
44.7
42
35.5
35.7
38.9
33.7
44.1
41.9
34.7
47.8
51.8
59
62.4
46.2
42.4
42.9
54.2
55.3
58
53
32.1
36
24.3
24.5
20.3
29.3
15.3
14
15.55
16.325
17.1
16
15.8
23.1
16.8
16.3
20.4
20.5
25.3
21.2
18.2
25.4
35.2
31.3
41.2
51.1
50.7
54.7
55.8
61.8
64
68.1
64.1
65.9
69.4
74.5
79.9
82.7
71.3
74.6
87.2
83.8
97.9
107.4
101.4
105.9
102.3
96.2
100.8
108.1
110.1
118.8
112
110.8
136.7
115
113.7
110.9
98.6
91.5
91.9
81.4
79.5
72.3
65.4
66
78.3
85.2
72.5
73.7
84.2
68.7
68.2
76.2
60.3
82.6
95.2
95.8
95.1
75.4
78.9
87
71.1
73.7
82.7
87
79.5
78.5
81.9
94.7
85.8
87.4
81.3
85.6
78.4
76.2
89.3
74.9
50.1
52.9
52.9
64.8
39.3
37
51.2
36.5
29.4
32.6
33.75
34.325
34.9
42.9
40
41.7
37.3
51.3
40.8
36.3
42.1
42.6
40.4
37
38.8
38.7
52.7
30.8
41
64
56.4
46
54.7
49.3
53.1
51.5
51.3
40.6
60.15
69.925
79.7
59.7
82.1
73.4
62.2
53.5
42.9
51.6
52.9
54.3
55.4
51.8
62.7
68.5
60.1
57.7
63.1
64.7
56
66.4
58.8
69.8
60.9
48.2
43.4
58.7
62.7
104.2
61.1
60.1
60.3
71.8
68.1
63.9
61
63.8
76.6
76.3
71.8
81.9
94.9
102.6
92.8
87.7
131
147.3
90.5
66.5
67.2
66.9
76.8
71.4
69.9
61.4
49.6
40.3
48.7
45.6
42.4
38.4
38.1
45.3
43.8
38.3
30.7
32.2
26.6
31
24.2
28.7
29.7
32.2
29.8
33.4
33.7
34.3
36.7
36.1
36
35.95
35.9
37.6
35
38.1
38.8
42
43
42.8
47.1
43.6
44.9
47.3
49.8
44.6
46.5
51.9
54.9
54.9
53.3
58
59.7
70.3
62.9
64.2
71.4
77
85.1
88.9
67.2
55.5
60.5
46.2
52.8
33.9
32.1
31.2
30.3
25.4
34.7
27.1
31.6
24.3
21.9
26.3
24.9
30.6
27.8
29.6
27.9
28.2
35.8
28.4
31.2
32.5
54.9
62.2
54.5
64.2
82.7
73.2
72.1
59
48.4
43.3
39.3
42.2
47.4
52.3
46.1
49.7
42.1
42.2
51.5
46.2
48.2
48.6
46.2
58
44.2
42
37.7
39.3
43.8
47.4
49.5
44.2
42.2
43.8
43
41.8
36.5
40.8
41.3
44
47.3
56.7
61.6
62.8
33.9
36.6
35.2
40.9
38.8
39.9
39.3
38.1
36.4
36.3
39.9
41.8
39.9
39
41.1
44.3
48
46.3
49.4
45.3
51.3
51.4
59.8
65.6
61.8
65.2
62
67
68.9
72.3
76
59.4
64.2
52.5
75.1
59.9
58.8
53.7
64.8
51.9
52.2
43.7
23.3
48.5
37.6
60.7
59.5
58
56.9
47.2
37.9
55
55.2
54.7
47.1
57.1
68.1
65.2
54.3
51.4
56.1
55.1
39.3
39.5
35.3
33.2
29.3
26.4
20.8
28.8
24.6
26.9
18.7
18
18.9
19.4
21.9
17.4
17.2
20.6
18.6
17.4
18
25.9
22.4
24.5
21.6
23.4
25.2
26.3
27.1
28.1
27.2
31.5
38.6
35.7
39.2
36.9
38.5
36.9
41.3
41.7
37.8
41.1
37.4
36.8
36.6
39.8
38.8
41.1
45.2
43.7
49
49.9
51.3
55.1
55.4
52.4
52.2
53
62.9
56.3
57.3
61
49.8
37.2
28.7
24.9
29.2
29.7
16.8
14.5
23
40.1
53.8
65.6
37.6
37.3
40.7
39.1
37
31.8
20.1
28.7
41.3
43.9
41.3
42.9
39.5
37.5
61.8
68.6
83.1
117.8
99.7
115.9
85.5
61.3
62.3
42.3
44
33.3
33.4
27.4
28.8
30.2
27.2
32.2
18.1
19.4
19.4
18.7
30.6
25.5
21.7
20.8
24.1
19.2
23.2
20.9
21.6
24.1
23.7
24.8
22.2
22.3
28.4
24.7
22.7
28.6
27.5
32.3
31.5
35.2
33.6
34.4
35.5
37.7
42.8
44.4
43.9
45.7
46.6
52.2
52.5
56
63.3
61
62.2
61.1
78.5
74.1
66.7
71.5
69.4
71.3
78.2
74.1
66.5
58.1
57.8
55.6
57.4
50.3
58.8
53.3
51
54.6
60.8
91.9
101.2
81.9
69.2
62.1
85.1
93.5
103
115.1
104.5
107
101.4
106.4
120.8
116.5
83.8
107.9
97.5
103.3
106
104.9
99.5
105.4
109.9
101.3
76.9
66.2
56.4
36.7
39.5
38.9
35.5
31.9
44.7
36.2
25.6
33.3
33.7
34.1
32.5
32.4
26.1
24.3
29.4
30
28.3
29.3
30.8
28.9
27.2
32.8
29.8
30.8
28.5
33.8
30.3
33
33.2
36.2
38.9
33.4
31.2
35.5
36.2
38.4
43.2
44
41.7
40.7
41.4
49.9
48
43.2
51.2
52.3
56.6
55.5
58.4
60.1
72.4
87.7
90.1
80.8
71
66.5
61.6
69.9
68.7
64.2
62.9
80.1
98.6
84.9
91.1
88.2
74.7
77.2
80.3
91.4
81.6
79.1
94.5
82.2
94.7
87.8
102.7
97.6
99.7
96.7
108.9
111.3
100.5
106.1
102.8
95.3
78.7
75.1
91.8
83.5
101.6
110
77.1
59.8
60.4
52.4
53.7
42.9
40.7
46.1
53.4
44
47.7
37.5
58.7
42.4
36.5
33.6
28.1
31.9
32
33.5
40.7
41.2
34.6
48.1
41.3
40.2
41.3
46.8
44.5
50.3
51.7
56.1
59.7
65.8
65.5
70.5
69.2
77.7
71.4
70.4
68.3
80.8
67.3
67.6
63.4
66.3
70.4
84.1
59
59.9
81.7
92
79.9
93.4
84.7
79.6
70.6
65.7
60
68.8
74.8
61.6
63.4
51.6
48.5
68.9
65.5
49.5
60.4
51.5
49.2
57.1
74.1
62.2
57.4
53
67
49.1
39.6
53.5
53.6
63.2
66.4
64.8
56.3
60.8
56.6
63.1
83
68.5
64.1
66.8
74.3
78.3
83.4
91.3
80.6
80.4
84.5
73.3
69.8
89.4
83.7
84.2
74.9
69.9
66.6
59.5
43.3
23.7
40.7
39.6
28.7
36.8
23.3
36.1
32.3
27.7
15.9
25
7.6
9.1
5.9
9.4
4.3
4.6
6.7
8
14.5
26
15.5
17
17.6
22.1
28.7
32.9
17.6
30.2
39.1
50.1
38.1
32.9
38.5
42.7
40.6
45.4
54.4
58.7
62
42.7
55.3
53.4
51.9
54.3
43.9
42.8
43
41.3
42.3
45.5
52.6
45.4
55.1
58.6
55.2
57.6
63.3
54
61.1
63.1
63.9
55.6
56.6
48.3
59.9
60.6
72.2
62.3
53.6
48.4
59.4
49.5
60.2
52.3
65
69.7
55.2
66.8
73.5
54.4
74.3
57.3
61.2
59.2
70.7
56.1
65.9
52.2
45.2
58.6
51.6
60.1
59.4
50.5
41.2
53
33.4
27.6
19.9
22.2
21.7
15.7
23.1
9.1
7.4
15.7
10.1
8.7
15.5
11.6
7.5
9.8
4.5
13.3
22.7
11.2
22.7
13.8
17.9
28.9
25.7
33.1
23.9
32.1
26.8
38
23.9
34.3
23.6
29.8
35.3
32.6
33.8
41.1
36.2
49.9
59.2
59.3
47.3
47.1
47.3
53.3
34.7
39.9
44.2
57
49.4
68.9
64.6
55.2
57.6
69.1
65.6
61.6
50.6
76.6
56.4
60.1
47.9
57.7
63.4
53.4
52.4
61.7
66.7
61.5
80.9
81.4
63.4
59.7
58.3
74.9
77.1
86.4
106
89
90.8
91.8
89.1
85.2
75
73.2
80
77.2
70.2
76.8
81.8
70.1
42.8
34.8
41.5
38
46
45.3
44.7
44.7
34.4
31
20.1
26.7
19.8
22.3
22.7
24.3
32.5
23.9
19.1
19
18.9
23.6
22.6
20.8
26
26.4
30.3
30.9
29.6
32.1
28.3
30.8
34.8
32
34.5
35.2
50
42
37.7
36.3
37
37.4
44.8
44.3
45.3
56.3
55.8
54.1
42.1
24.8
20.2
22.1
21.4
21.1
21.1
30.3
46.5
50.3
50.3
33.9
30.1
17.5
30.7
48.7
25
20.9
39.6
48.2
14.5
29.4
55.7
24.4
13.2
18.7
15.7
27.5
21.3
24.1
19.1
18.9
11.9
37.3
38.1
35
36.8
36.1
18
28.5
33.2
25.2
21.8
34.4
25.6
36
29.6
28.9
23.5
21.3
23.2
23.1
23
20.4
31.6
28.1
28.7
22.9
19.8
22.5
21.2
25.9
28.4
30.4
26.3
24
24.4
25.9
32.2
20.2
11.5
15.7
12.1
17.4
19.8
25.7
14.4
15.2
18.8
20.1
21.7
24.3
22.5
20.3
21
24.6
21.7
33.3
40.6
40
40
41.8
39.6
37.5
33.7
37.3
40.7
32.6
29.6
27.5
24.1
21.5
20.1
24.9
18.9
18.4
16.5
8.6
10.3
9.3
11.3
8.1
10.7
10.3
9.6
11.6
13.5
11.3
13.7
11.3
32.5
17.3
4.5
14
13.5
10.4
15.5
9.8
18.6
21.4
32
29.6
22.2
16.7
24
22.4
25
20.1
25.8
21
21.5
24
26.1
31.1
25.4
24.3
24.6
27.3
25.8
26.1
24.7
28.3
19.9
37.2
25.3
17.3
19.2
27.1
18.5
19.9
22.3
25.5
25.5
30.5
29.3
31.6
31.8
44.4
38
40.2
36.3
49.8
44.9
44.8
46.8
42.5
34.8
39.6
43.9
40.7
56.8
47.1
41.9
43.8
54.8
58.7
77.6
73.1
70.7
68.3
70.4
71.2
65.7
76.8
68.5
73.9
65.1
71.4
70.3
59.3
68.2
67.9
76.6
67.3
83.2
78
72
71.3
68.8
73.9
76.1
65.5
88.4
81
82.9
83.85
84.8
71.4
65
74.2
78.7
69.5
80.4
81.5
84.8
76.4
87.2
86.6
86.4
88.9
77
81.4
72.7
89.4
78.6
65
67.1
74.7
72.3
75.9
62.2
63.7
59.7
49.4
66.9
56.6
50.2
47.4
52.5
37
41.9
53.3
37.4
48.5
38.1
43.6
50.1
55.7
47.6
37.5
44.9
33.1
39.8
39.8
44.2
48.1
46.4
61.6
59.9
56.4
64.9
62.9
63.3
78.5
68.8
73.2
70.3
83.9
81
70.6
71
79.7
80.4
81.2
89.1
94.1
82.3
94
86.9
91.6
86.6
93.6
86.7
85.7
74.8
62.8
72.2
65.8
67.5
68.9
73.5
84.8
89.3
80.2
86.2
75.8
77.7
80.5
79.7
77
72.5
79
105.1
91.4
100.6
93
108.5
99.9
103.8
103.7
92.6
97.1
89
86.2
65.8
52.1
54.4
67.1
52.3
61.6
73.4
66.8
52.4
75.1
66.7
48.7
75.7
64.5
61.5
70.4
39.3
27.9
25.9
35.7
21.6
20.7
21.4
19.6
16.6
17.1
15.3
19.6
22.5
21.1
20.4
26.3
23.7
28.7
29.8
28
35.5
46
50.4
47.6
51.1
48
58.9
66.5
60.9
63.5
55.7
62.9
51.8
55.2
54.8
55.6
57.2
62.8
74.9
75.1
73.1
73.8
64
70.1
55.9
51.2
52.8
62.3
73.2
63.6
66.7
55.5
56.7
52.9
52.4
47.6
55.3
58.3
55
49.9
54.7
54.3
46.8
40.1
39.4
40.5
40.2
49.6
58.5
66.3
63.8
70.7
59.3
55.5
60.8
52.6
59
35.4
43.7
55.2
47.4
39.4
40.3
38.8
45.6
44.2
72.6
93.2
80
81.5
69.6
74.6
68.1
77.3
59.5
52.1
65
48.8
43.7
59.6
40.1
44
38
30.5
22.8
29.3
21.2
34.6
28.6
19.5
20.1
16.9
19
17.4
23.4
21.7
23
29.2
23.4
31.7
33.9
38.5
41.7
45.2
45.1
45.7
47.6
50.5
55.5
65.5
64
63.1
71.6
69.4
74
76.7
80.7
83.9
88.7
91.7
89.8
81
85.2
80.9
97.8
95.5
101.3
93.5
92.8
95.9
93
87
72.8
93.9
71
98.9
62.5
65.4
64.1
74.8
62.7
69.5
93.9
105.2
92.5
82.4
84
81.6
85.3
73.5
78.4
64.1
72.7
73.5
68.1
66.7
68.7
69.5
59.9
62.8
66.6
68.3
61.9
57.6
50.9
63.5
67.3
70.2
66.3
63.5
62.7
55.4
51.9
48.4
43.2
41.1
36.4
39.1
33.3
37.1
41.6
36.6
33.8
35.3
31.6
34.5
34.1
39.2
37.4
36.2
37.7
40.6
43.4
47.9
57.3
64.3
62.1
70.1
66.9
77
83.6
75.9
80.3
78
69.1
68.5
80.3
83.1
87.8
93.5
79.7
95.7
95.5
116.7
104.9
104.1
100.7
106
100.6
111.7
104.5
110.8
114.3
121.3
125.7
108
129.5
108.2
111
114.6
103.1
112.3
107.4
111.2
103.4
129.89999
118.2
115.5
112.8
128.3
119.6
119.6
116.8
130
121.5
109.2
120.4
123.7
110.8
121.8
107.7
112.3
102
75.2
73.3
53.2
55.2
51
42.6
49
42.9
52.4
57.3
49.4
64.3
47.3
44.5
33.5
26.6
27.7
31.8
32.8
28.8
33.4
35.1
32.8
30.4
30.5
27
26.9
26
30.3
26.6
31.4
32.4
32.1
33.3
34.8
36.5
45
43.9
47.1
49.6
43.8
44.2
48.4
55.2
55.8
54.8
55.4
53.9
60.2
60.3
66
69.7
71.6
69
64.2
64.9
75.2
61
69.5
66.9
50.1
34.1
29.7
25.8
27.5
29.3
29.6
27.7
29.5
29.2
31.7
28
24.3
38.9
40.8
37.6
34.7
44.4
32.6
40.2
25.3
30.7
25.5
32.4
38.5
39.7
40.5
41.2
43.5
46.1
44
41.4
47.3
64
59.6
45.6
59.9
44.7
35.1
30.3
31.1
29.4
30.8
32.4
30.1
23.1
25.2
27.3
24.2
22.3
23.4
21.7
25.6
30.9
29.8
33.7
27.5
28.5
29.4
27.8
36.7
29.6
39.4
43.7
43.2
49.7
51
50.5
51.3
51.3
57.4
50.2
49.7
55.3
67
57.4
59.3
55.8
54.7
56.6
53.2
51.3
63.9
53.3
48.7
52
60.7
60.7
61.7
52.7
54.6
61.2
55.4
45.6
40.7
38.9
28.5
37.1
26.7
32.3
27.8
23.9
23.8
15.3
12.8
12.7
16.8
11.7
8.2
9.8
13.7
16.3
24.7
20.5
17.2
18.4
18.5
18.7
21.1
21.5
28.6
28.8
20
29.9
31.9
35.2
31
33.3
32.3
45.3
46.2
44.7
41.2
37
49.3
48.9
44.8
56.1
46.3
48.9
53.8
44.5
39.2
46.7
56.9
65.1
44.1
57.4
47.4
40.7
37.2
38.7
31.7
33.5
37.2
38.7
36.2
33.8
45.1
44.1
40.9
39.6
43.2
39.5
51.1
48
53.9
57.1
58.2
55.8
62
54
51.5
53.5
59.7
63.5
60.6
59
64.7
60.7
64.7
62.6
63.8
72.1
66.5
69.4
80.5
79.8
70.8
68.9
59.7
54.8
50.9
38
28.7
34
28
31
29
41.4
46.3
38
34.7
36.4
43.4
31.3
25.5
29.1
30.6
26.7
26.4
34.1
43
45.2
35.2
35.2
36
38.4
46.2
43.9
62.8
49.5
55.8
63.2
63.4
59.9
55.4
63.3
92.1
92.5
77.6
79.8
46.2
52.2
42.1
40.4
45.7
39.3
34.8
31.3
33
27.9
27
33.6
24.9
24.3
27.2
28.3
27
27.4
34.6
27.1
26.8
22.9
23.1
26.9
25.3
25.3
23.4
25.2
33.5
32.6
35.7
17.7
17.7
19.3
26.6
26
27.3
23
22.3
29
27.5
27.9
29.5
37.2
27.4
27.5
24.9
33.8
40
38.7
48.3
52.5
49.3
40.4
41.1
37.4
51
41.3
35.2
40.4
37.7
43.4
48.7
44.3
41.6
39.7
37.4
56.7
46.8
39.8
45.3
38.9
53.7
40
49
46.2
32.8
36.8
56.1
41.3
43.9
54.6
34.2
39.9
49.3
44.1
49.1
52.8
44.1
42.5
39.5
48.9
57
56.6
51.1
59.9
57.4
45.1
71.4
58.1
49
49.9
53.9
48.3
49.8
42.6
37.2
51.3
28.4
19.8
14.6
17.4
21.9
16.5
12.9
8.3
7.6
6.7
12.2
8.8
13
12.6
21.3
6
8.7
21.6
16.5
20
14.5
20.7
26.7
20.5
23.2
18.7
22.4
24.9
15.9
13.7
21.4
30.1
24.7
25.5
31.9
28.4
37.8
32.7
46
35
38.6
43.6
36.6
28.5
43.2
43.5
38.6
38
39.1
54.1
37.1
39.3
39.8
31.7
27.8
40.1
70.7
46.1
43.4
41.8
33.8
44.3
28.8
49.4
40.7
47.6
53.7
33.6
34.3
53.3
58.6
53.1
58.8
51
39.6
43.9
69.1
61.3
51.7
61
67.9
63.2
64.6
59.9
67
79.7
78.4
62.7
58.4
46.2
61.3
55.4
40.5
41.4
44.8
43.1
35.9
26.4
39.6
32.8
33.9
25.8
29.6
20.3
31.6
25.9
27.8
29.3
25.3
29.6
28.8
27.6
35.6
31.3
40.5
30.2
40.6
34.3
34.8
37.4
40
36.7
38.9
45.1
43.7
55.1
66.9
59.2
62.2
71.5
62
73.1
74.5
78.2
77.4
80.3
85.8
67.1
54.6
57.5
57.7
42.5
47.9
39.3
30.4
34.3
40.7
36
41.8
32.7
52.1
48.2
46.5
58.1
43.4
57.3
42.7
47.6
59.1
40.8
63.7
54.6
62.3
63.8
57
59.8
69.6
56.8
50.7
57.2
67.1
66.7
63.1
78.3
78.7
64.3
81.9
74.1
68.8
65.5
74
55.4
65
63.4
69.9
79.4
68.7
57.4
47.4
47.4
40.8
45.3
37.6
36.5
29.8
19.7
27.5
24.3
23.9
20
18.5
26.1
26.9
30.7
28.8
29.9
38.9
34.6
36.7
33.2
31.5
34.9
43.2
38.1
49.9
37
47.4
40.4
36.3
31.9
45.4
54.1
53.9
71.5
64.1
71
66.1
72.6
62.2
69.2
59
54.3
45.9
48.7
56.9
63
62.7
49.5
69.4
62.7
59.4
57.9
55.8
62
64.4
47.5
67.6
57.6
60.6
66.5
51.8
42.3
42.8
51.8
56.6
55.8
77
72.1
77.6
64.8
70
74.2
51.9
64
67.1
60.5
61.5
61.8
62.3
71.1
60.9
70.5
86.5
68.8
79.7
76.2
74.9
72
65.6
68.3
67.3
71.4
56.9
66
43.9
36
40.8
49.9
40.5
30.3
27.1
33.3
20.3
12.7
13.4
16
16.1
10.6
9.3
16
6.1
8.6
9.2
3.9
4.9
9.2
8.2
8.9
14.9
15.9
12.8
17.2
24.6
12.2
16.3
11.8
16.5
15
25.1
15
14.3
17.9
20.6
25.5
21.9
27.2
36.6
22
28.4
27.1
24.7
20.2
23.7
18.9
16.5
26.4
27.7
21.1
31.5
27.7
31.2
25.6
28.2
19.9
30.6
29
17.6
22.7
28.3
32.5
28.8
36
37.2
27.8
30.5
35.3
34.6
42.9
24.1
26.6
23.9
26.1
27.5
18.3
31.8
18.9
24.4
31.6
41.4
40.5
53.1
37.7
46
37.4
52.5
31
45.4
39.2
40.6
31.4
28.1
25.2
29.8
35.3
31.6
36.1
38.5
32.9
31.9
27.5
26.6
27.2
31.2
29.2
24.5
25
35.4
32.3
29.6
26.8
27.6
23.9
21.3
33.9
64.1
40.2
45.3
44.5
38.2
49.7
50.2
45.6
44.6
48.4
51.7
54.2
64.4
66.2
55.3
84.5
68.1
62.2
70.1
67.3
72.4
54.9
65.3
64
58.7
68.4
57.7
50.6
54.5
52.1
54.5
46.3
46.7
44.2
41.8
52.6
52.6
58.4
56.5
45.9
59.6
54.3
52
23
54.6
63
50
48.2
52.5
38.6
56.5
59.5
55.9
55.5
45.8
58.7
59.3
89.3
61.2
79
73.7
83.7
71.4
68.5
72.4
54.3
39.8
38.3
38
32.4
31.9
32.3
38.7
35.3
36
34.6
38.1
43.3
44.3
46.5
47.3
48.1
47.8
49.9
48
50.2
56.6
60.1
59.6
63.5
63.1
68.2
73.9
69.8
68.9
65.6
73.7
68.5
62.1
73.7
67.5
62.9
78.8
70.7
76.8
70.5
74
80.4
86.6
64.8
59.4
79.3
83.8
72.7
70
69.9
79.6
56.1
47.2
71.3
66.7
56.4
53.2
54.3
39
37.6
36.6
40.9
38.2
40.7
42.2
36.9
57.6
54.7
57.7
54.2
48.8
69.1
49.3
48.4
49.5
31.3
43.7
55.8
51.85
49.875
47.9
40.1
42.8
46.9
45.1
41.2
43.3
45.6
45.3
65.9
71.7
64.1
58.3
69
71.6
76.3
69.9
71.2
70.5
84
79.4
68.7
56.1
54.5
41.8
45.8
34.8
46.8
37
42.7
33.8
34.3
43.3
32.1
30.1
30.4
36.3
37.9
38.9
41.7
42.3
41.2
45.1
52.7
47.9
51.6
58.5
58.2
50.9
62.9
68.6
61.8
74.8
68.9
67.8
66.6
66.8
64.9
67.6
77.3
72
76.7
78
74.6
71.2
46.5
42.4
43
50.6
65.1
71
85.3
85.2
63.8
58.8
64.8
54.7
25.4
29.6
69.4
58.4
76
87.8
75.9
61.3
31.6
47.4
41.9
52.2
54.1
48.8
39.1
59.2
77.5
53.1
57.7
58.6
71
64.6
79.8
84.9
33.4
56.2
69.5
84.2
81.6
75
71.3
68.5
61.4
40.5
35
31.4
30.7
34.7
40.7
34.3
28.3
23.8
27.7
27.1
22.9
20.1
17.1
22.2
22.3
23.1
22.6
25.1
24.3
24.9
20.5
21.8
22.2
23.5
25.4
28.5
28.8
31.4
34.7
34.2
36.6
38.4
37.5
38.2
42.3
42.5
48.4
44.3
51.1
50.1
53.1
57.4
59.2
60.7
63.1
62.3
57.9
59.6
65.9
64.1
53.6
48.2
46.7
50.1
45.2
40.4
35.5
59.1
45.6
41.7
39.6
64
80.7
33.4
42.6
67.2
44.2
74.9
59.8
77.2
82.5
80.4
54.3
37.9
48.1
61.2
61.7
111.5
105.1
111.8
131.8
152.10001
121
132.8
111.9
118.6
99.6
98.4
81.3
92.5
120.5
102.3
85.5
85.6
72
71.2
64.1
50.6
60.9
44.1
44.1
43.7
37.3
33.5
38.3
30.9
34.3
32
30.7
30.2
32
31.8
32.3
31.5
31
30.9
32.5
30.3
29.8
32.7
31.3
33.4
33.5
33.8
31.2
32
34.5
35.1
43.5
39.3
44
44.5
43
44.5
44.5
46.5
56.2
55.9
53.1
53.8
60.5
58.7
69.4
69
72.8
60.5
60.9
72.6
58.4
44
44.9
61.6
80.7
68.1
50.6
66.8
66.1
53.6
71.1
42.8
50.3
68.9
44.9
61.4
59.1
63.7
54.4
43.1
60.3
51.5
53.5
59.8
46.9
47.1
63.6
90.3
59.1
62.9
74.5
67.6
71
52.8
49.5
33.2
47.8
52.7
77.3
52.3
70.9
92.3
81.9
74.6
73.1
65.1
80.4
60.4
44.1
38.1
49.7
32.3
34.7
32.9
33.1
32.1
30.3
41.4
25.9
30.5
31.1
36.8
40.4
40.7
36
42.8
44.9
43.2
44.2
40.9
45.2
49.1
47.4
50
51.4
62.8
58.1
53.3
60.2
58.9
43.2
61.1
58.1
69.5
59
49.4
49.8
54.8
54.6
56.9
64.2
65.6
58.4
51.5
59.4
72.2
62.4
55.6
54.5
42.3
51.5
57.2
46.7
74.2
67.1
54.5
60.3
50.9
47.9
59.6
60.3
46.5
49.1
52.7
45.8
45.9
37.7
27.1
34.4
47.7
36.3
43.6
31
43.7
34.1
43.4
40.1
52.9
45.7
40.5
40.2
43.7
55
47.1
41.4
63.3
50.9
47.8
40.2
40.1
48.5
32.6
32.3
51.5
57
48.7
43.6
36.4
26.1
30.8
23.1
21.3
12.1
18.4
15.7
20.4
15.5
17.7
14.9
8.8
6.7
15.6
13.3
17.6
26.6
24.4
18.6
15.2
17.3
38.6
49.4
42.5
42.7
52.3
53.7
49.5
53.2
52
47.8
42.9
40.4
43.8
52.9
65
64.2
68.5
52.6
50.4
71.6
71.9
75
64.2
55.7
62.7
55.6
56.9
39
59.2
54
44.8
44.7
40
56.9
35.8
45.3
38.7
41.3
39.2
32.1
50.3
54.2
47.4
48.6
48.7
49.9
50.5
56.8
46
55.2
50.3
55.8
34.9
43.3
55.2
41.9
41.9
63.7
33
41.5
47.1
40.9
34.6
30.7
31.8
21.5
27.9
28.4
30.8
31.7
38.2
37.6
40.2
34.8
36
40.5
41.9
45.2
45.5
38.9
44.6
44.5
48.6
50.6
44.9
49.2
48.4
51.8
58.6
49.4
48.4
51.7
49.4
56.5
59.7
50.6
56.6
69.4
56.9
55.4
62.3
64.5
63.8
61
55.7
55.4
66
64.2
67.6
64.9
67.2
67.8
74.7
76.6
66.6
65.1
61
59.9
63.2
49.2
44
63.2
44.2
51.3
58.4
58.7
57.6
47.9
57.4
70.2
59
57.9
58.9
63.1
47
53.7
54.3
55.2
58.3
62.6
54
78.6
55.8
63
57.2
65.1
51.6
59.9
58.6
60.4
58.6
54.3
52.5
55.6
54.2
48.2
62.6
52.8
41.9
48.7
44.9
50.4
56.5
52
41.4
41.1
49.4
42.6
40
46.1
44.8
40.8
34.3
41.3
42.3
44.3
38.1
34.6
38.8
36.7
34.6
32.3
28
30.6
31.8
26.9
29.3
33.6
38.4
37.2
35
40.4
40.4
47.8
44.5
46.1
52.7
47.1
53.8
52.3
50.5
57.2
53.6
54.1
59
66.2
70
78
89.3
75.1
89.7
84.1
95.1
85.2
82.1
73.5
77.5
83.1
55.3
56.3
71.1
48.7
58.8
59.6
29.5
56.7
50.5
49
51.2
46.3
33.9
43.3
58.9
39.7
55.9
77.7
61.7
68.1
63.8
78.7
105.5
86.7
85.7
82.3
80.8
76.3
72.1
76.6
81.9
61.9
81.1
68.6
82.6
80.6
80
47.4
49.8
44.9
53.5
55.4
40.8
40.7
44.9
49.6
35.6
50.3
47.6
29.9
25
24.5
20.3
28.5
32.6
23.2
24.1
18.6
18.4
22.4
24.9
25.1
24.5
24.4
28.2
24
29.9
32.8
29.6
30.5
36.2
38
40.2
41.5
48.7
45.8
45.3
47.1
49.3
56.2
46.2
45.2
46.5
48.3
48.1
47.6
50.4
49.7
37
45.7
55.8
44.3
45.1
38.2
50
45.7
35.5
39.6
38.1
49.9
42.6
52.7
60.9
62.3
95.1
90.2
78
101.7
88.2
86.4
98
80.7
77.4
81.2
71.6
72.8
70.3
77.9
73.1
70.5
78.7
92.8
87.8
79.9
66.4
80.6
79.7
85.7
74.2
73.3
80.3
69.1
79.8
73.8
74.9
71.4
77.2
73
65.3
58.3
72.6
57.8
57.6
60.5
58.3
50.9
55.6
49.5
40.3
39.6
41.2
36.9
28.7
26.8
32.9
28.2
34.4
35
34.3
35.6
36.2
41.8
41.7
47.9
59.5
54.1
46.2
50.2
55.4
55.4
55.7
60.8
56.2
57.4
65.1
69
70.9
72.2
67.1
71.7
72.9
70.6
62.4
65.5
66
66.2
61.9
59.5
58.5
58.2
61.1
54.1
63.6
62.4
55.5
41.5
40
37.3
37.7
51.5
59
63.1
56.4
62.8
76.1
60.5
53.8
56.1
60.7
68
61
66.5
61.6
77.1
59.1
68.6
47.7
69.6
66.6
69.4
58.5
67.6
66.9
78
70
75.6
71.9
68.3
80.7
75.7
74.6
70.2
65.2
63.1
71.7
88.7
87.5
92.1
71.9
60.2
65.3
64.3
62.6
49.9
45.4
39.8
40
41
47.5
38.7
41.1
39.8
42.1
44.5
50.9
49.4
49.6
54.3
50.6
46.9
54
44.8
41.2
42.3
38.7
35.2
38.8
43.5
41
46.1
46.2
48.3
55.7
49.9
55.4
63.4
65.7
65.8
65.6
77.3
71
69.2
89.1
87
76.5
67.2
65.4
59.2
56.8
59.2
59
50.1
55.6
71.1
58.6
64.7
66.5
64.4
70.9
57.5
59.4
65.9
74.9
62.4
84.1
62.9
50.1
55.1
68
58.4
70.6
65.3
69.5
68.9
60.7
67.8
80.6
84.9
79.8
63.7
37.9
36.1
56.9
83.2
55.9
47.3
66.2
70.7
64.5
49.5
39.6
39.5
31.9
50.1
46.5
59
38.6
40.4
40.5
53.9
31.7
28.9
34.7
38.9
31.2
28.1
32.4
33.8
28.5
32.1
32.5
33.1
34.3
36.6
37.6
33.7
41.1
39.5
36.5
52.15
59.975
63.8875
65.84375
66.821875
67.3109375
67.55546875
67.677734375
67.7388671875
67.76943359375
67.784716796875
67.7923583984375
67.7961791992188
67.7980895996094
67.7990447998047
67.7995223999023
67.7997611999512
67.7998805999756
67.7999402999878
67.7999701499939
67.799985074997
67.7999925374985
67.7999962687492
67.7999981343746
67.7999990671873
67.7999995335936
67.7999997667968
67.7999998833984
67.7999999416992
67.7999999708496
67.7999999854248
67.7999999927124
67.7999999963562
67.7999999981781
67.799999999089
67.7999999995445
67.7999999997723
67.7999999998861
67.7999999999431
67.7999999999715
67.7999999999858
67.7999999999929
67.7999999999964
67.7999999999982
67.7999999999991
67.7999999999996
67.7999999999998
67.7999999999999
67.8
67.8
67.8
67.8
67.8
67.8
67.8
67.8
67.8
67.8
96.9
103.2
103
97.5
97.2
80.1
80.4
90.9
91.9
91.3
88.9
85.5
96.7
57.6
90
67.5
69.7
74
68.9
49.1
52.8
42.4
49.8
28.2
28.3
29.9
27.1
26.1
32
21.3
20.8
27.9
22.9
22.1
23.2
29.6
29
28.2
28.7
28
37.6
38.4
44.4
35.4
45.6
46.7
38.5
44.7
41.4
47.3
40.5
46.4
44.6
42.1
42.4
50.9
65.8
69.2
61.6
68.6
60.3
69.6
65.4
66.2
76.4
68.4
68.2
73.4
75.3
82.4
71.8
100.9
107.7
90.9
92.1
83.8
91.1
87.7
88.2
87.4
82.9
90.5
114.1
85.5
67.8
86.3
88.8
84.9
69.6
80.8
87.1
87.1
105.5
98.9
97.2
107.3
88.7
89.3
73.2
83.9
63.7
76.8
62.9
74.1
83.3
84
71.8
77.1
82.8
77.6
80.9
62.6
55.6
53.5
56.1
39.2
30.7
23.3
22.6
27
37.2
20.5
25.8
23.2
27.4
24.8
37.8
34.1
33.4
29.4
18.8
25.3
37
36.5
44
38.8
35
47.1
43.9
47.2
65.7
48.5
49
55.1
60.6
60.3
76.4
60.1
78.8
70.5
77.5
77.6
85.7
78.1
90
80.5
72.6
81.5
79.7
86.6
94.2
66.6
64.7
65.1
65.9
67.9
71.6
69.1
90.1
77.8
87.2
83.7
91.8
89.2
96.1
99.7
97.1
88
84.9
78.6
61.5
74.4
86.7
99.7
95.4
104.7
102
94.3
112.4
111.3
81.8
83.4
89.4
83.3
88.9
86.2
94.8
80.1
79.9
78.5
69.8
78.9
61.3
85.8
66.8
70.2
70.6
57.5
44.2
49.5
51.2
39.4
27
31.8
22.6
22.4
21.2
15.8
23.7
15.5
17.9
21.5
23.9
22.7
19.3
18.9
18.9
22.5
21.8
21.1
27.9
26.1
29.2
34.2
35.2
42.9
47.8
48.9
45.2
52.2
41.4
48.4
41.1
45.9
27.7
30
28.1
27.9
34.4
34.6
57.9
71.7
49.1
59.6
51
34.8
50.9
52.2
50.3
54.9
54.9
45.6
45.5
67.9
71.9
68.3
43.8
55.5
49.6
41.5
32.4
44.1
33.3
47.5
57.3
44.1
44.8
44.4
41.5
48.3
56.2
42.3
57.1
65.7
58.5
72.2
72.2
72.8
58.3
60.4
61.3
59.8
66.1
55.6
53.3
57.7
56.2
60.9
68.8
59.4
52.3
49.5
60.8
49.8
33.5
31.6
27.5
17.2
24.9
16.4
19.9
15.9
12.7
13.4
17.3
12.7
14
18.1
17.6
22.4
13
10.7
14
15.6
13.8
16.5
20.3
25.3
22
24.9
21
20.6
26.3
31.1
30.8
33.8
30.3
33.6
32.6
33.2
34.6
33.6
28.1
28.4
30.1
28.3
22.7
26.2
25.8
26.1
22.3
25.9
29.1
26.6
22.3
28
26.7
32.4
31
26.1
28.5
31.6
22.8
22.6
27.7
40.4
34.1
33.1
41.5
34.3
42.1
38.2
54.7
38.3
48.9
44.1
58.5
39.7
40.9
36.1
36.7
30.1
26.6
25.5
21.5
24.7
23
24.1
24.1
20.8
22.3
23.1
21.4
24.1
16.1
35.5
23
28.3
18.4
16.6
17.5
18.2
20.8
22.5
20.5
16.3
19
19
28.7
16.4
21.1
11
14.6
13
22.9
17.2
17.7
18.6
14.1
23.6
20.2
17.8
19.6
31.7
22
23.4
22.1
21.8
21.9
21.9
15.9
31.3
20.2
25.6
26
29.1
33.2
37.8
35.4
38.4
35.4
37
46.1
34.6
43.3
37.5
53.1
52.1
53.1
40.2
52
56.3
51.8
35.3
41.2
47.4
43.4
39.1
43.8
43.4
46.1
49.3
43.9
31.1
44.2
54.8
39.7
49
47.2
36
40.1
32.5
36.4
53
39.1
30.2
37.1
38
50.1
41.3
37.6
34.5
44.6
54.3
53.6
48.8
60
66.1
55.4
47.2
44.8
48.4
57.1
47.2
35.8
47.7
46.7
40.2
43.3
36.6
30.5
22.1
30.6
26.8
21.8
25.4
28.1
27.1
24.8
15.5
27.6
23.6
24.2
24.6
26.2
25.8
34.3
25.9
32
41.4
50.1
38.5
35.4
48.5
41.8
46.1
47.1
54.9
40.2
53.8
44.4
46.2
49.9
52.5
60.6
55
66.5
54.2
53.3
55.4
42.9
51.6
81.1
65.9
49
38.6
42.4
41.2
55.6
44.2
47.2
49
53.7
48.2
72.4
47.6
46.3
54.3
63
58.5
64.3
60.2
61.7
51.5
60.6
70.3
63.9
58.3
55.2
47.6
69.8
55.45
48.275
41.1
55.1
55.4
59.4
54
66.8
55.6
49.8
41.5
54
47.6
50
49.5
53.4
71.1
54.9
70.5
78.1
63.7
41.2
35.1
33.1
34
30.6
26.1
21.3
25.6
19.2
22.3
20
14.3
26.4
27.5
23.5
16.1
12.6
14.6
19.4
19.1
10.5
20.6
29
27.3
26
34.7
29.2
27
35.1
41.5
37
40.4
48.6
54.5
53.8
51.9
53.7
53.3
47.1
46.3
38.4
55
68.3
54
55.7
62.8
61.8
61.9
66.1
42.7
38.4
41.5
48.7
59.2
69.7
67.6
66.4
60.9
62.5
34.2
41.5
70.8
69.6
59.5
40.1
51.1
47
38.7
43.1
53.8
64
58.7
36.2
38.3
35.9
27.2
45.3
40.7
25.2
32.3
32.3
28.9
31.9
31.3
47.7
40.3
44.8
39.8
36.5
35.7
35.3
44
43.8
49.3
47.7
39.1
31.1
39.5
34.9
27.9
21.5
18.6
18.6
18.1
14.3
18.5
15.9
14.7
12.4
10.2
13.8
12.3
13.6
12.2
17
20.4
31.3
31.8
29.9
34.3
25.3
32.3
29.5
28.3
41
46.7
52.5
50.7
32.6
32.4
61.1
47.2
40.6
37.4
40.6
37.7
26.5
31.8
25.9
46.3
50.8
25.7
35.8
28.3
40.7
36.2
25.5
44.7
29.5
29.2
48.2
27.1
63.3
35.9
34.9
21.8
40.2
43.7
30.1
31.2
41
35.9
31.6
29
37.8
34.1
43.6
40.2
38.8
34.3
44.2
39
31.6
28.9
27.1
35.5
34.5
33.6
31.6
24.1
37.2
37.1
27.8
31.1
40.7
33.6
37.2
36.2
41.7
41.6
41.2
25.6
27.6
19.4
18.6
11.2
6.5
11.4
11.5
12.1
10.8
12.3
12
8.5
18.7
10.4
4.7
18.7
10.3
14.8
12.7
13.6
10.6
11.5
7.4
12.7
15.1
12.4
8
14.4
12.3
13
18.4
15.4
10.3
10.1
17.6
15.8
18.9
27.4
29.6
34.7
35.4
41.8
24.9
31.1
38.2
30.7
32
36.2
33.6
36.9
27.1
33.6
35.9
66.5
47.5
37.1
43.3
53.8
45.6
77.2
63.6
58.9
74.6
65.3
65.3
72.7
59.9
68.6
54.8
46.4
41.3
44
36.2
43.7
37.7
43.2
46.6
49
58.7
40.3
37.7
21.3
25
48.4
62.6
46.5
38.5
48.2
49.5
55.1
57.7
56.3
47.6
55.2
38.3
47.9
36.5
32.6
30.2
34.6
32.7
29.7
30.7
15
19.3
15.5
20.5
13.3
10.5
22.8
23.9
26.1
20.6
24.6
18.8
19.6
25.1
30.8
39.6
45.1
41.7
35.7
36.3
32.4
30.5
43.4
49.9
48.2
53.3
47
50.9
45.6
52.3
34.2
41.6
48.3
26.2
31.6
36.4
43.5
46.3
29.2
42.5
53.4
24.3
29.5
52.7
36.4
41.7
33.3
44.8
34.6
35.2
34
43.4
64.8
41.8
37.9
46.4
33.3
35.5
37.5
58.5
46.4
49.6
37.3
34.2
44.2
51.8
52.9
37.3
41.6
39.5
47.6
37.9
58.8
40.2
35.8
42.9
44.2
23
37.3
32.3
32.5
49.1
57
45.8
69.1
80.8
91.5
70.4
67.3
45.1
41.8
34
33.1
33.6
36.4
21.5
28.8
22.9
15.4
18.3
18.3
20.7
28.3
40.8
30.3
21.4
24
14.1
19.5
19.8
19.9
22.8
28.5
24.2
26
24.3
25
25.8
29.1
26.5
30
33.2
38.1
34.4
32.1
29.4
27.8
27.5
24.7
22.6
21.6
16.9
27.8
26
27
30.3
25.2
23.2
27.7
23.6
21.8
30.7
23.1
34.8
30.3
26.4
35.2
43.7
53.7
62.1
73.8
52.7
55.9
55.5
54.2
63
57.8
61
51.9
51.4
44.5
45.8
57
48.2
43.1
46.6
64.1
51.8
47.4
51.4
58.6
50.9
58.6
50
55
46.4
51.8
40.1
48.2
42.1
44.1
51.2
51.4
44.4
50.8
46.7
44.2
50.2
47.1
39.6
40.6
44.3
47.4
41.8
54.1
48.2
36.2
33.8
41.2
41
41.3
43.7
43.5
43.4
39.9
36
39.3
45.7
59.8
45.7
60.5
67.4
51.4
52.2
51.9
50
43
51.7
56.1
69.8
71.2
64.2
68.5
75.7
72.7
64.3
63
65.2
59.7
68.3
60.7
61.8
50.3
66.4
61.6
84.2
77.3
68.5
67.3
61
69.6
90.7
74.1
67.1
77.3
51.6
71.5
66.5
62.9
66.2
59.1
62.1
61.4
80.4
67.4
78.2
77.1
58.3
70
59.6
64.3
57.9
64.2
71.9
80
44.9
55.9
68.1
71.9
54.9
65
80.1
64.3
68.9
62.7
61.5
41
56.6
58.3
46.6
46.7
50.3
44.4
51.9
45.5
42.2
47.3
40.8
33
35
47.3
36.4
30.4
29.9
44.7
41.6
42.6
43
29.3
33
31.7
33.1
26.9
31.4
35.3
31.1
28.3
36.7
32.3
35.3
37
40.3
43
44.5
45.8
36.5
42.5
39.5
38.6
49.8
54.8
51.7
46.1
85.2
82.9
72
88.2
71.9
81.9
70.8
75.8
63.2
79.7
60
74.7
64.5
49.1
72.4
46.3
65.3
64
61.6
74
67.3
59.1
55.3
34.9
63.4
91.9
43.6
62.2
51.6
51.4
52
69.4
84.7
79.7
73.4
80.2
54.8
58.6
76.2
94.6
77.3
90.2
79.7
77.7
93.4
75.5
86.3
79
63.4
60.7
45.4
48.9
46.1
41.3
38.1
34.8
42
39.5
41.1
34.3
32.8
34.1
32.7
34.7
35.2
35.1
35.8
35.2
37.4
43.5
44.7
52
50.9
55.6
51.1
53
55.7
53.7
55.4
57.5
60
52.8
56.2
55.3
43.2
42.5
39.2
26.9
25.1
26.8
30.2
31
36.7
34.5
35
32.6
30.6
33.4
33.3
26.3
36
38.2
74.5
75.9
68.2
74.5
83.6
76.1
87.1
84.6
77
55.6
64.3
79.2
70.1
63.6
52.9
70.1
56.1
77.8
69.4
65.3
54.2
70.2
67
83.4
84.2
72.4
90.1
84.3
62.1
71.7
71.1
75.8
75.1
81.5
84.8
86.3
61.1
97.7
88
101
79.1
79.1
81.4
59.6
48.3
55
45.4
43.8
32.1
42.8
35.6
31.9
28.7
29.6
32.3
31.8
31.4
34.2
34.3
35.8
37.3
39.7
39.5
43.3
44.2
43.5
52.1
38.6
35.1
35.4
45.4
50.8
49.2
31.3
48.1
55.4
45.1
50.2
45.5
40.5
34.7
36
36.4
40.8
41.9
33.5
27.1
37.5
69.3
57.8
56.7
68.2
56.8
71.8
65.9
72.7
55.6
66
74.8
40.9
40
57.9
80.8
68.4
61.9
74.1
57.7
67.1
57.4
65.4
38.3
67.6
58.7
67.8
77.7
85.5
56.6
60.5
64
67.9
85.8
55.4
48.9
91
75.8
58.9
68.5
69.2
66.6
55.9
66.9
54.6
67
71.7
75.3
63.5
100.3
68.8
71.5
99.1
77.1
83.7
78.8
65.9
48
49.3
40.8
45.5
45.1
53.9
54.4
46.6
42.5
39.6
41.6
29.9
35.8
45.2
53.8
49.8
46.5
45.3
47.8
57.3
46.5
40.6
30.2
33.3
43.8
43.6
44.7
35.9
53.5
53.4
38.5
29.8
28.3
29
66.7
53.8
51.6
55.6
34.9
27.7
29.6
27.8
22.6
23.1
37.8
39.3
68.8
80.6
85.8
86.6
74.8
48.3
57.6
69
66.9
57.9
46.1
44.7
62.4
73
55.5
77.8
59.6
61.3
63.7
71.2
67.4
56
55
55.6
74.1
48.8
80.3
74.9
80.9
83.2
60.1
67.5
53.1
58.2
57.2
65.1
70.4
65.7
67.5
71.5
53.7
57.3
54.7
53.2
63.1
68.6
72.1
53
56.3
57.2
38.3
46
35.8
45.8
48.1
41.9
32.3
32.7
32
33.5
21.5
34.3
34.9
30.2
28.2
18.4
24.1
31.8
29.8
40.6
46.5
28.9
34
36
39.8
38.5
54.5
59.8
53.9
53.1
64.1
55.9
54.4
57.3
61.2
61.6
68.3
57.7
55.1
61.5
62.2
87.5
77.8
64.2
59.1
49.1
55.9
54
57
58.2
37.5
28.8
39
33.5
34.1
30.6
32.4
26.2
35
40.7
37
43.5
39.4
27.1
19.2
29.4
23.1
16.6
17.4
23
18
17
22.1
21
18.8
21.2
11.8
11.3
14.9
15.9
14.7
21.1
21.1
26
28.8
31.9
34.2
33.8
34.4
41.5
39
37.4
37.2
35.2
47.6
45.6
33.2
28.4
28.9
19.2
22
16.9
18.3
13
14.2
13.9
8.8
7
8.8
7.3
6.1
27.7
10.3
16.1
8.5
11.2
11.2
12.3
10.1
15.1
13
20.6
21.4
21.2
25.3
28.1
20.1
22.7
21.3
20
34.6
40.4
34.6
38.6
37.3
42
36.2
42.3
33.8
35.5
33.2
36
42.1
32
33.6
24.1
34.2
55.9
38.1
40.5
44
51.2
38.7
32.1
38.7
32.6
47
38.3
33.8
26
38.2
23.1
30.8
32.5
27.3
23.9
27.7
29.6
26.6
38.1
18.2
25.9
21
34.5
22.9
29.4
32.5
26.7
25.9
22.4
26.2
35.6
25.3
37.8
26.5
31.3
27.9
27.7
27.5
41.7
45.8
33.6
13.6
12.7
24.6
28.5
17
27.7
17.3
22
15.2
25.7
15.5
25.8
25.6
16.7
28.3
24.4
17.9
17.7
10.2
21.4
26.5
25.5
34.7
35.4
25.3
35.2
40.2
33.9
21.8
43.2
37.4
49.5
31.6
25.9
52.6
38
41.6
47.1
42.6
38
42.8
38.7
26.3
37.4
40.2
30.9
32
42.2
43.6
49.6
47.6
48.2
52.2
45.1
41.9
40.9
41.5
41
55.3
43.9
51.4
55
56.3
50.3
35
38.8
31.5
48.5
57.7
64.3
67.3
50
32
26
39.6
27.7
35.2
32.3
30.7
25.2
32
29.8
28.5
25
27.3
23
55
26.1
34.8
43.3
39.2
33.6
44.5
40.2
31.5
40.5
46.7
36.7
48.5
45
29.4
35.1
27.3
26.1
12.4
13.1
24.3
29.6
17
18.7
17.4
13.8
19.2
18
15.2
17.5
19
22.5
27
23.4
25
26.4
24.9
25.9
27
22.1
28.2
26.4
27.8
22.8
31.4
17.2
22.5
20.7
23.8
28.1
40.6
26
34.7
37.1
32.2
30.9
36.9
26.2
27.7
28.9
35.6
32.8
44.7
61.4
42.3
46
52.2
58.5
62.9
52.7
50.3
68.9
87.2
70.8
68.7
60.1
47.4
51.5
66.4
56.9
55.2
49.9
45
51.2
31.8
81.5
78.1
48.1
42.4
39.6
42.5
38.8
40.9
42.5
58.7
60
58.7
58.2
55.9
52.1
59.7
56.2
68
82.9
81.2
49.7
42.2
51.6
30
26.6
18.3
14.7
13.9
8.2
10.3
19.4
11.7
11.1
12.4
13.3
13
16.9
16.9
19.4
21.4
24.2
24.8
21.6
21.6
21
22.6
27.7
28.7
27.6
24.9
32.5
35.6
42.5
51.4
47.4
45.7
48.7
33
22.8
16
27.3
23.9
21.6
17.5
18.5
20
28.3
35.3
27.1
42.3
24.3
28.5
24.6
22.5
26.6
22.5
26.3
36.8
61.9
41.8
61.7
80.5
79.8
82.9
67.8
64.8
49
41.4
36
50.1
67.8
40.2
37.4
50.1
48.7
69.5
51.6
73.6
32.7
49.8
66.9
60.2
72.7
70
67.8
75.5
93
73.2
72.3
74.1
72.2
77.9
81.4
69.4
47.6
31.3
35.9
31.8
28.6
28.7
36.5
26
23.6
24.9
23.3
29
28.7
27.8
29.9
28.3
30.4
31.6
34.8
34.4
40.3
45.1
47.1
43.9
47.4
46.4
47.1
47.4
55.7
38
41.4
40.8
53.2
51.6
46.8
53.2
74.3
67.4
69.8
75.7
69.3
41.1
58
52
53.5
58.6
43.1
44.2
39.2
56
44.1
45.8
38
31.8
53.4
50.3
44.4
46.6
44.3
50.4
58.8
76.6
65.4
82.8
79.2
67.2
77.1
56.5
75
40
58.5
67.1
47.3
56.8
54
71.6
44.4
44.8
53.7
40
44.9
40.9
43.3
49.6
49.3
31.9
43.7
45.9
48.6
32.5
43.2
39.9
50.6
51.4
64.5
55.7
59.5
76.7
66.5
61.7
62.2
55.2
44.2
34.5
45.1
36.1
21.5
15.3
18.9
11.2
22.2
18.2
35.1
21.3
18.8
19.8
23.5
23.6
24.2
25.4
23.6
23.5
33.6
32.3
30.1
20.7
26.2
39.3
30.3
34.3
20.9
22.6
28.7
26.7
21.5
25.6
28.2
22.3
27.8
21.9
32.6
21.1
22.1
38.4
28.1
22.3
21.4
21.9
20.6
20.4
19.8
20.1
19.5
23.3
34.4
30.2
28.6
40.5
34.7
30.7
33.8
36.1
37.2
32.3
40.1
35.1
37.3
35.8
31.9
32.2
41.6
30.9
49.6
51.3
61.1
60.1
51.6
59.8
51.4
43
66.7
39
46.5
48.9
46
37.5
43.5
47.6
42.4
36.9
45.2
37.7
50.8
58.9
57.4
42.5
45.1
51
29.9
21.2
35.6
29
29.2
15.7
17.4
16.2
16.2
8.1
12.4
7.8
11.7
17.4
24.4
23.1
23.1
32.9
18.7
24.4
23.1
20.9
29.4
25.4
23.6
23.8
35.1
25.5
46.5
37.8
37
40.9
37.8
46.4
35.8
36.6
38.9
44.4
53.4
45.1
61.8
40.8
51.7
54.4
54.5
54
63.6
57.9
48.1
63
48.8
64.5
65.1
65.2
74.8
80.4
90.7
86.8
75.3
57.9
70.8
67.2
61.3
54.9
69.5
61.2
73.8
79.6
45.5
46
52.5
43.2
37.6
39.2
42
47.9
63.7
73.3
90.3
62.5
66.3
64.1
55.6
61.5
60.8
71.9
74.7
67.1
52.6
58.3
68.5
61.3
60.5
51.3
56
45.7
42.5
25.5
27.4
28.3
27.8
19.9
27.3
23.6
24.1
19
27.2
26.6
21.9
22.5
27.8
32.8
33.8
30.3
33.6
25.4
32.5
45.9
47.3
41.2
56.4
35.1
55
56.2
56.8
60.7
63
60.3
60.5
56.9
70.7
65
57.6
74.4
77.3
81.2
68.6
66.2
72.9
67.4
60.4
54
55.7
68.4
69.5
81
86.1
75.8
70.4
67.7
53.8
40.9
52.9
68.4
50.3
32.9
39.1
21.3
13.5
16.8
13.6
12.3
12.8
27.4
37.3
30.6
27.5
21
17.2
14.9
15.2
15.4
14.7
14.5
14.3
14.3
12.1
13.8
19.9
21.2
23.4
27.1
29.2
30.5
34.9
40.4
44.5
38.3
33.2
29
34.4
37.8
35.4
38.3
36.3
30.7
26.3
30
33.6
34.3
39.5
37.5
35.3
34.3
34.3
27.1
28.8
26.5
28.8
27.8
30
32.5
39.1
38.7
45.3
33.4
42.4
42.4
33.6
40.8
36.8
38
41.1
42.5
35.9
46.8
40.9
36.4
45
39.1
46.2
40.5
41.6
49.7
41.7
36.4
39.3
58.1
43.4
49.9
58.1
33.5
34.8
45.3
27.9
41.1
27.1
32.3
36.7
44.8
47.6
52.6
41.5
29.2
29.6
31.1
22.9
27.7
36.3
32.8
26.8
40.5
30.8
20.9
37.4
23.6
23
23.1
25.8
18.5
24.6
21.9
19.4
20.1
15.3
17.8
22
18.1
20.8
20
19.3
18
32
19
22.7
25.2
18.4
18.7
19.1
13.6
13.1
11.8
10.6
13.7
10
11.4
19
12.6
10.9
11.1
15.4
15
34.4
14.6
27.4
31.8
49.3
47.3
43.3
41.9
51.9
47.1
44.7
36.7
35.4
41.3
45.6
45.4
38.2
50.4
76.5
73.5
68.4
71.1
62.4
57.6
64.4
71.7
64
62.3
69.8
63.9
54
43
47.1
45.7
36.3
45.7
45.4
32
45.9
50.7
52.4
58.5
47.8
32.9
49.7
55.5
48.8
46.5
58.9
51.3
52.4
64.9
52
39.2
52.5
50.2
60.1
43.5
52.8
49.1
48.1
55.6
43.8
57.4
47.6
61.4
62.3
50.4
50.6
53.8
53.3
42.6
44.1
44.5
51.3
58.5
49.6
67.6
45.7
40.3
43.2
43.3
47.8
34.4
34.5
26.2
29.3
27.6
37
26.5
18.4
17
22.7
21.4
28.9
14.5
26.2
21.4
21.8
22.7
31.6
28
31.6
34.4
34.3
31.6
29.3
31.4
37.6
25.1
42.1
39.2
32.7
37.9
40.3
35
35.5
40.1
36
44.4
46.3
28
47.9
39.1
36.3
39
36.2
32.2
34.3
24.4
24.6
29.5
35
40.1
42.5
47.4
55.5
40.5
34.7
47.5
44.5
47.9
35.7
35.7
31.4
37.7
52.1
39.2
36.2
54.4
62.5
47.2
52.5
68.1
55
66.6
69.1
66.3
53.7
72.4
64.3
61
58.1
48.7
55.1
53.8
57.1
63.1
46.3
56.9
54.4
68.5
61.5
58.4
45.6
38.1
37.5
38.3
26.6
21.4
27.3
25.8
25.4
21.5
17.9
35.8
18.8
18.9
19.5
16.8
23.6
18
17.5
21.2
17.4
21
24.1
31.2
32.7
32.2
51.4
59.4
65.5
71.4
81.4
74.8
68.9
69.5
79.9
70.6
76.9
74.3
73.7
67.4
74.1
69.2
68.7
62.8
65.9
59.4
67.5
57.1
88.3
53.2
72.8
71.6
62.3
56.9
42.3
53.7
60.5
62
54.4
52.7
53.3
61.8
53.9
56.1
49.9
37.6
51
57.7
63.6
61.8
61.2
66.5
66.6
69.8
67.4
53.4
42.5
55.9
62.2
48.8
58.9
80.9
75.1
60.3
65
64.6
69.8
61.6
59.1
56.4
54.3
52.1
49.7
56.1
54.4
43.4
28.1
36.1
33.3
37.6
46.6
31.2
30.8
32.5
26.3
24.6
28.3
19.7
32.2
30.3
31.8
30.9
27.7
26.8
32.4
34.3
49.8
56.4
51.2
51.2
49.8
55.1
58.8
56.4
63.2
51.4
66.2
68
74.7
79.3
67.8
68.2
63.5
59
42.6
41.6
52.1
53.4
66.8
62.7
56
48.4
57.7
55.3
59.7
49.3
64.5
75.7
72.2
57.4
61.6
59.4
61.5
57
68.8
71.8
62
64.5
56.1
76.7
64.2
70.1
75
58.5
59.6
85.4
82.9
74.7
63.3
67.5
68.5
77.3
69.5
82.8
66
71.3
73.7
61.7
67.7
82
54.9
63.3
42.3
57.6
40
40.5
50.5
54.5
71.8
84.5
66.6
73.2
57.4
57.5
58.8
70.7
51.3
31.3
33.3
27
32.2
35.2
30.2
28.6
31.9
29.5
19.4
23.4
30
16.2
17.6
23.4
17.4
18.3
22.1
13.5
22.6
25.8
42.1
28.9
37.3
30.1
32
30.7
27.8
34.2
47.8
48
53.7
55.2
49.7
43.9
44.3
46.3
48.6
53.5
55.6
42.9
50
60.7
81.1
71.2
81.8
64.5
71
57.8
57.4
79.7
37.5
59.4
77.2
69.2
58.4
47.1
49.3
51.9
52.1
58.4
47.1
44.3
53.3
52.7
43.1
42.5
48.8
58.3
53.4
49.6
45
49.6
46.4
37.9
46.1
51.3
60.9
49.4
57.6
81.2
70.3
59.2
54.9
43.5
47.6
40.2
63.1
43.6
49.3
54.6
63.4
59.7
47.7
52.9
37.7
32.1
42.4
32.2
24.8
24.7
34.9
21.7
28.8
24.5
18.6
13.5
19.7
15.2
17.2
14.4
10.1
16.3
17.3
22
23.4
24.6
23.3
30.7
35.4
29.3
39.3
22.2
21.1
19.8
24.3
19.9
28.8
21.9
27.2
28.8
19.2
18.8
24.6
17.5
21.1
33
28.8
23.2
22.1
22
23.4
26.9
27.6
22.3
34.3
36.7
41
25.3
25.4
35.2
36.2
28.1
26.7
29.2
37.7
24.9
39
39.2
41.6
31.6
22.7
39.7
30.4
29.4
37.4
38
41
40.1
43.9
34.5
26.2
53.3
48.2
34.3
34.3
25.8
45
27.8
22.2
26.5
37.4
25.2
33.5
28.2
33.3
25.7
29
22.1
29.8
41.6
37.1
32.4
33.3
29.3
28
24.5
25.2
18.7
26.7
19
30.3
24
21.7
23.2
22.5
24.6
35.2
43.5
34.5
41
42.9
44
56.5
45.7
49.8
48.2
54.2
52
49.3
52.9
37.7
29.5
34.6
28.1
20.8
25.1
32.4
31.1
37.2
27.7
37.1
34
30.3
38.2
29.6
40.9
39.1
36.2
32.6
37.6
27.4
31.5
30
29.8
27
27.1
28.1
30.9
29.1
27.5
22.5
21.7
28
25
30.5
30.3
29
32.9
32.3
24
27.3
30.8
23.9
23.6
21
24.7
21.7
27
19.6
24.4
39.3
27.1
22.1
23.7
27.4
34.1
24.1
20.8
21
26
26.5
30.9
31.1
19.8
14
22.7
19.2
14
17.7
10.6
9.3
11
13.1
8.5
10
11.5
15
13.8
11.9
11.5
20.7
15.3
24.1
18
28
