"x"
16.1
16.1
18.8
18.8
21.4
18.7
26.8
24
24.1
24
21.6
16
16
21.5
18.6
24.1
21.3
29.4
24.2
26.6
21.4
29.3
34.8
34.9
34.9
37.4
32.2
42.9
42.5
34.8
37.7
29.5
40
42.9
24.2
32.2
35.1
37.5
37.8
29.5
41.6
33
26.8
21.4
37.7
40.4
35
18.9
32.4
26.9
32.2
34.9
40.1
40.1
48.4
32.1
40.5
37.6
40.4
26.7
24.1
34.7
34.7
42.8
29.3
42.9
53.6
53.6
53.3
51
53.4
42.6
55.9
45.1
61.4
74.6
47.6
50.4
39.5
42.6
23.7
15.8
21.1
13.2
15.8
15.7
23.6
26.4
29
31.5
39.4
38.2
37.6
37
39.6
39.7
37.1
37.1
39.8
37.2
31.8
47.8
47.9
48
42.6
47.9
55.9
50.6
56.1
45.1
53.1
58.4
63.7
63.6
50.5
53.3
50.6
31.8
26.6
29.2
45.2
45.5
39.9
47.9
42.5
50.7
48.3
45.4
29.3
48.1
39.8
42.7
40.1
37.3
31.9
45.4
45.5
42.9
29.5
37.4
34.6
34.8
32
32
37.5
42.5
34.9
32.1
45.5
31.9
32
34.8
26.9
26.7
26.7
37.6
40.3
53.8
40.4
34.8
40.3
48.6
53.9
54.1
62.2
65.1
72.7
51.3
53.5
34.7
37.4
34.9
29.4
34.6
26.6
23.9
18.6
13.3
15.8
18.5
15.8
13.1
13.1
7.9
10.5
13.1
23.6
15.8
11.9
8
13.2
10.5
18.5
26.5
37.1
26.4
37.2
34.6
32.1
23.8
15.8
26.5
37.2
29.1
39.9
34.4
34.5
29.2
29.2
37.3
39.8
39.7
34.6
34.6
26.5
26.5
26.5
18.8
21.2
24
29.2
29.2
29.4
32
31.8
42.4
47.7
39.9
40.1
47.7
29.3
23.9
26.7
34.7
29.3
34.8
37.3
39.7
37.4
37.4
29.3
40
35.1
26.7
26.6
31.9
42.9
42.9
34.5
37.4
40.1
45.4
48.4
56.3
45.4
48
48
45.9
58.8
50.6
53.2
45.4
48.2
56
61.7
42.8
53.3
45.1
34.4
37
34.3
37
26.6
21
15.8
15.7
15.7
15.7
15.8
18.3
15.7
23.6
34.1
30.3
28.4
26.5
23.6
26.3
31.7
23.7
23.9
23.8
18.5
23.8
18.4
26.6
32
42.7
37
45
44.9
45.1
55.8
39.6
48
29
45
26.4
39.6
45
55.8
37.1
37.4
37.2
55.9
26.5
23.9
39.9
58.7
50.7
47.7
37.1
44.9
47.7
34.2
42.5
42.5
32.1
37.1
31.8
37.1
58.5
34.5
29.1
29
37.1
52.9
37.1
50.9
36.9
39.8
40
26.5
23.8
32
39.9
55.6
53.3
31.9
34.5
45.1
45.2
45.3
55.5
53.1
55.8
50.3
53.2
53
44.9
39.4
37
37.3
29
23.6
21
15.8
15.8
13.1
13.1
13
10.4
10.4
13
13
13
15.7
15.7
28.7
20.9
17
13.1
18.4
28.9
34.1
28.8
57.9
68.3
81.3
92
70.8
73.4
68.6
92.4
81.4
81.3
70.7
81.5
63.7
60.6
71.2
71.1
81.9
63.3
73.9
66.1
74.3
63.5
55.4
65.9
87.7
79.4
79.4
64
69.4
71.7
82.6
61
71.9
45
50.4
45
55.7
42.5
53.4
50.7
55.8
63.8
37.2
53.2
64.2
50.6
61.6
59.1
67.2
64.5
72.2
82.5
72.4
56
59
80.1
56
66.6
87.9
87.9
72.8
87.7
83.1
90.7
74.7
69.3
66.8
69.2
85.2
72.1
60.9
47.9
50.4
53
42.3
31.8
26.6
15.7
21
10.5
10.5
10.5
10.5
10.5
7.9
13
15.7
13
26.1
22.2
20.25
18.3
26.2
23.6
36.8
34.2
39.6
50
55.4
47.6
50.3
47.9
42.2
34.1
34.1
28.7
29
21.1
29
26.2
23.7
31.6
50.2
47.4
44.6
52.8
47.7
52.8
66.1
26.3
34.6
21.2
23.9
42.3
10.5
23.8
42.2
45.1
37.7
39.6
18.5
23.7
28.9
13.2
10.5
18.7
13.2
37.7
18.5
39.8
10.6
32.2
36.9
61
77.1
45.5
37.2
28.9
21.2
15.8
29.4
21.1
18.5
21.1
23.9
18.5
13.4
16
10.5
13.1
15.7
13.1
13.1
13.1
13.1
15.7
21.3
23.5
47.4
29
44.8
47.1
23.6
15.7
20.9
26.1
39.2
36.8
44.5
34
36.6
44.4
47.1
44.4
52.3
43.2
38.65
34.1
47.5
42
47.2
57.8
61.6
47.1
44.4
49.6
47.2
62.9
79.1
92.7
82
86.9
79
73.5
76.4
71.3
79
81.5
92.3
68.7
60.3
73.7
74.3
60.8
68.6
41.9
26.1
52.8
36.9
37
26.4
23.7
42.6
42.6
15.7
26.2
39.4
50.1
31.8
23.6
34.2
39.6
52.8
37.3
47.7
67
50.4
50.2
66.6
58.4
103.9
61.4
58.5
55.9
50.8
64.1
50.5
42.5
79.9
36.9
50.8
42.4
58.7
50.4
44.8
39.6
44.7
47.3
41.8
36.8
42
34.1
36.8
36.7
44.9
42.1
28.9
42.2
31.5
26.5
20.8
18.2
18.2
18.2
18.2
18.2
18.2
23.4
23.5
28.6
39
32.5
29.25
26
36.6
39.3
39.3
42.1
47.1
69.2
52.8
47.4
47.5
52.9
55
57.6
63
70.8
63.2
62.9
78.7
89.5
73.6
65.5
65.6
73.4
73.2
76.5
76.7
65.9
68.6
63.1
63.7
50.1
52.7
60.8
47.7
45.1
45.2
52.8
57.9
58.1
55
68.8
70.1
55.9
39.5
44.9
34.2
47.7
29.1
42.2
37.2
31.9
39.6
34.4
50.3
39.9
42.6
53.4
38.95
24.5
45.4
47.5
42.3
58.4
55.5
68.9
47.3
56.3
56.2
71.7
58.4
53.4
61.2
47.7
53.3
45.1
50.5
50.2
50.2
44.7
34.2
28.7
26.1
23.5
31.3
23.5
20.7
20.8
20.7
28.6
25.9
28.5
33.7
36.2
46.6
41.45
38.875
36.3
42
47
57.4
70.4
67.7
62.8
59.8
59.8
62.9
67.9
65.2
65.2
65.4
70.5
73.2
91.5
65
67.8
76
65.5
68.2
73.1
65.4
66.1
57.5
70.8
68.1
52.4
39
54.8
86.5
60
76.1
60.2
44.5
63.2
42
44.5
52.5
47.4
39.5
47.2
47.1
47
41.8
50
47.1
41.8
39.1
44.3
44.4
46.8
47.4
41.8
34.1
39.2
57.6
44.4
46.9
57.9
49.8
57.5
57.7
55.1
60.7
60.7
55.4
52.4
60.3
63
63.1
63.3
60.5
47.4
52.7
47
44.3
44.2
44.3
44.3
46.8
41.9
36.1
41.2
43.8
46.4
46.6
49.5
49.7
54.9
54.6
52.2
57.8
57.95
58.025
58.1
63.7
62.8
74.2
72.6
84.8
63
65.4
68.1
65
56.9
65.5
83.9
65.4
62.4
57.4
62.6
67.9
62.5
49.4
57.3
57.4
41.3
38.7
49.2
49.5
36.2
49.2
36.3
36.1
28.4
33.6
39.1
46.8
33.6
28.4
44.5
33.9
39.2
46.7
38.9
25.8
46.8
28.5
52.2
31.1
39
33.9
62.8
31.1
28.3
39
33.6
38.9
44.7
41.6
52.9
33.7
41.9
31.2
33.7
44.3
55.1
63.6
57.6
47
52.3
54.8
52.5
49.8
49.7
47.2
55.6
55.7
58.1
55
49.5
47.1
44.1
41.8
38.9
38.7
30.8
28.2
33.4
33.2
33.2
27.9
35.8
33.2
30.5
25.3
30.5
38.2
29.25
24.775
20.3
25.5
25.4
20.3
25.4
25.4
28.1
33.1
41
48.7
56.7
54.1
64.9
56.3
64.7
59.7
51.7
30.8
20.3
20.4
23.2
31
25.8
25.6
28.3
30.9
30.9
28.4
28.3
39
23
20.7
20.4
25.7
25.6
30.9
28.2
35.9
35.9
33.4
35.8
38.5
43.6
36
52
46.8
49.3
33.3
36
33.3
25.6
20.4
36
36
41.3
30.7
33.3
30.7
28
35.9
41.1
43.9
49
43.5
56.8
59.2
69.8
57
57.3
51.5
40.9
49.2
54.4
46.6
46.3
38.4
22.8
20.3
25.3
17.6
17.9
17.5
12.4
7.3
9.8
4.6
4.6
4.6
4.6
4.6
7.1
7.2
7.1
17.3
12.2
9.65
7.1
7.1
17.5
20.2
17.6
14.9
15
17.5
20.1
20.1
22.7
25.3
22.7
25.2
30.4
14.9
15
22.6
25.3
38.2
35.5
35.6
30.5
33
33.2
22.7
38.3
48.6
38.1
33.3
27.7
40.9
33
38.2
35.5
38.1
33.1
40.7
48.5
40.7
35.5
35.6
45.9
30.3
43.2
35.5
33
30.4
40.7
43.4
35.6
30.5
51.1
30.4
38.3
43.3
51.1
43.4
56.3
54
35.7
35.7
35.6
48.6
43.5
62
43.4
43.6
75
56.6
59.2
54.2
69.9
72.7
54.1
56.7
51.4
48.7
56.7
45.9
40.6
38
30.1
32.8
32.6
30
19.7
19.7
25
37.9
29.9
30
35
40.1
33.7
30.5
27.3
29.9
42.8
40.5
48.1
45.6
48.2
43
48.3
53.2
58.3
42.8
48
63.5
66
73.7
71.1
65.9
73.5
66.1
65.8
61
37.5
37.6
24.7
29.9
17
24.7
27.3
17.1
61
19.8
37.7
37.6
19.8
24.8
25
37.9
17
42.8
32.6
24.8
19.9
22.3
24.8
22.3
42.8
42.7
37.7
24.9
37.8
48.2
35.3
40.3
37.8
22.3
35.2
27.6
22.2
35.6
27.4
27.4
35.2
33.1
45.8
42.9
35.1
30
35.1
32.4
29.9
32.5
27.3
24.7
29.8
35
27.2
27.2
32.4
32.4
32.3
19.4
22
27.1
34.9
29.6
27.1
29.7
32.3
32.2
32.2
37.3
39.8
42.3
34.7
30.9
27.1
32.3
34.8
42.7
42.5
47.9
50.6
50.5
50.5
50.5
71.4
58.4
55.4
55.8
63.2
50.4
55.6
53
45
55.2
74.5
85
61
55.8
40.1
40
40.1
45.2
37.5
50.5
32.4
40.2
37.6
27.3
32.5
32.4
37.7
50.4
50.3
40.1
29.7
37.4
29.8
27.3
24.7
34.9
34.8
37.4
34.8
37.5
37.6
42.6
45.2
35
37.5
40.1
32.2
32.3
40
29.6
29.6
40.2
50.2
37.5
42.7
32.5
34.8
32.4
40
37.5
53.2
42.9
32.3
34.9
37.4
27
24.6
16.8
34.8
24.5
24.5
21.9
16.7
14.2
11.5
6.5
6.5
9
6.5
6.4
9
6.5
11.6
19.1
12.8
9.65
6.5
11.7
9.1
14.3
14.4
16.8
16.8
16.8
19.4
21.9
22
29.6
26.9
21.7
21.9
27
24.5
16.7
19.3
24.4
26.9
27
29.5
27
26.9
14.1
14.1
21.8
27.1
24.3
16.7
24.4
29.5
21.9
16.6
24.3
19.2
24.4
26.9
27
29.4
32.6
68.2
34.6
24.4
24.4
32
26.9
31.9
37.2
24.3
32
29.5
32.1
26.9
26.9
37.2
32.2
37.2
39.8
29.5
37
29.4
34.8
42.5
39.9
39.7
42.4
58.1
71.1
57.9
55.2
58.4
79.4
74.3
61.6
50.4
53.3
53
60.8
45.5
42.5
34.7
39.8
31.8
42
39.5
37.1
42
42
41.9
44.5
49.5
57.1
59.65
60.925
62.2
67.9
70.5
68.3
78.2
88.4
57
64.8
62.2
88.5
69.7
77.5
75
67.1
56.9
51.8
62
51.9
49.2
49.4
39.1
46.9
46.9
49.7
49.5
51.8
36.6
36.9
36.6
49.5
36.9
31.7
34.3
24
31.7
29.1
34.3
26.6
29.2
36.8
39.4
36.8
49.5
42
31.7
39.3
34.2
26.6
24.1
26.8
26.7
29.1
41.9
31.9
26.6
21.5
31.6
34.2
36.8
21.5
42.1
49.4
31.8
29.1
50
42
42
36.8
39.4
52.1
52.1
52
44.5
44.5
47
52.2
36.6
36.7
34
28.9
36.5
28.8
28.8
23.7
18.7
13.6
16.1
28.7
21.1
21.1
28.6
33.7
38.7
48.7
44.95
43.075
41.2
43.8
48.9
51.4
48.8
41.6
33.9
46.7
44
38.9
48.9
38.8
51.4
46.3
48.9
51.4
48.8
48.8
56.4
49
59.1
64.3
62.2
54.2
69.4
77
72
97.7
64.3
62
51.5
69.4
77.4
64.5
67.3
74.9
59.5
67.2
82.6
67.1
72.1
41.4
41.4
38.9
51.7
21.2
23.8
28.8
33.9
28.8
34
31.4
31.4
28.8
33.9
31.6
46.5
41.4
33.8
28.8
26.4
26.1
33.8
36.3
36.2
38.9
36.3
34
41.3
33.8
33.8
36.3
31.3
31.3
33.8
26.2
28.6
26.2
23.5
13.5
13.5
5.9
5.9
8.4
3.3
3.3
3.4
5.8
3.4
5.8
3.3
8.3
8.3
15.8
10.8
8.3
5.8
13.4
13.4
76
75
83.7
82.5
65.5
82.3
86
92.6
71.6
67.6
77.9
73.8
83.9
84.1
79.2
82.2
73.9
88.2
81.1
60.3
60.7
59.4
45
50.7
40.7
47.1
48.4
36
48.5
34.1
53.4
53.7
42.8
38.5
47.1
36.5
52.7
56.5
48.4
48.5
52.2
54.6
60.6
48
37.9
40
42.4
44.3
39.3
37.3
39.6
44
39.3
47.8
37.7
39.1
40.9
44.5
38.8
47.7
55.7
44.9
48.6
42.4
59
53.1
46.9
50.6
47.2
52.4
47.5
45.1
47
49
47.6
52.8
43.6
38
40.1
34.3
33.7
33.9
26.1
19.6
15.2
23.9
21.7
21.7
19.5
21.9
35
26.2
21.8
17.4
27.8
21.9
44.1
36
50.8
44.7
46.6
58.1
42.5
42.8
36.7
42.3
48.2
43
41
28
41
29.9
31.7
21.3
17
10.8
23.3
19
25.2
25.1
25.2
27.1
21.2
22.9
24.9
22.9
20.9
14.7
18.8
25.1
19.3
14.7
19
18.9
17
18.6
22.9
16.8
16.8
18.6
20.7
12.6
16.4
16.8
18.6
14.4
16.7
16.3
16.8
26.5
14.4
24.7
16.5
12.5
18.5
16.8
16.5
18.8
22.7
20.7
20.8
19
23.2
25.5
27.7
21.1
27.5
29.6
29.6
33.2
29.8
32.9
31.4
37.9
27.8
25.4
33.6
30.2
30.4
36.6
26.1
30.1
32.1
44
46.1
45
60.1
48.35
42.475
36.6
34.5
47.1
56.3
63.5
62.2
57
42.4
48.2
52.7
48.7
45
42.8
42.1
40.2
38.4
40.2
32.3
40.6
30.3
33.8
20.9
32.2
25.7
27.3
21.2
25.4
22.2
29.4
39.4
25.4
37.8
38
37.8
36.1
31.5
35.5
50.7
27.6
27.4
32.7
31.4
27.5
29.5
29.3
29.7
44.5
48.7
39.2
20.6
23.3
29.6
36.8
33.2
35.3
29.1
32.5
29.4
23
27.4
23.2
24.8
24.6
18.8
18.2
20.8
16.8
16.8
18.9
16.9
14.5
12.5
17.1
18.8
14
14.7
14.4
25
14.7
18.6
14.8
17.1
17
21.4
19.5
12.9
17.3
15.2
21.6
17.3
19.6
21.8
21.9
26.2
21.75
19.525
17.3
21.3
25.5
29.8
25.5
53.3
25.4
27.7
36.2
29.7
40.4
30.1
36.5
36.2
36
34
34.2
29.7
42.3
33.7
34.1
29.6
34.1
31.8
21.3
25.5
27.7
25.3
25.1
21.2
27.5
21.2
23.5
29.7
19.1
18.8
23.1
18.6
23.3
25.4
25.1
21
25.1
21.2
27.6
19.1
29.8
25.1
31.7
25.1
27.2
29.8
23.3
27.5
23.3
31.5
27.5
25.6
31.6
33.9
25.4
25.4
29.5
27.3
33.4
31.3
31.6
31.7
35.3
37.1
29.3
29
31.5
35.8
40.2
37.7
39.8
36
27.6
21.5
10.8
15.2
12.9
12.8
10.7
6.5
8.7
4.4
6.6
8.8
6.5
8.8
10.9
19.7
15.25
13.025
10.8
19.4
10.8
12.9
16.8
19.3
23.3
19.2
25.8
36.6
42.6
25.5
38.3
38.5
45
38.6
55.5
44.7
34.2
45
53.5
55.7
47.2
43
40.7
36.5
38.6
38.4
33.9
29.9
23.5
23.5
23.5
25.4
21.3
15
21.3
21.2
25.5
25.3
25.6
21.3
27.6
25.4
27.4
25.4
23
19
23.1
29.4
21.2
23.4
23.1
23.3
25.4
27.3
23.5
27.4
25.5
29.1
23
21.3
25.4
31.6
27.4
27.8
27.7
21.1
29.8
23.3
29.7
25.1
34.1
27.5
29.6
27.6
19.3
21.3
17
14.8
10.7
10.8
8.7
6.5
8.8
4.3
4.3
4.3
4.3
6.6
8.8
8.8
11
19.7
12
8.15
4.3
6.2
10.9
6.5
12.8
19.3
15.2
15.1
15
17.2
23.6
23.6
40.8
55.9
49.4
43
30.1
17.3
28.2
32.1
32.4
27.9
23.7
19.3
38.6
40.8
34.3
36.3
40.6
34
44.7
46.6
38
44.5
42.7
32
40.8
42.9
42.8
49.1
46.9
36.3
57.5
49.4
55.3
47
59.7
49.5
55.9
42.8
59.7
57.6
51.2
64.1
44.6
38.3
49.1
51.6
47.2
53.6
45.1
49.4
34.4
55.8
61.8
67.7
62
51.3
61
63.5
69.6
63.5
51.1
57
61.5
65.6
44.8
48.9
51.8
49.5
24.1
17.4
15.2
15.1
10.9
11
19.8
21.9
19.7
21.8
19.7
21.7
26.3
32.8
29.55
27.925
26.3
30.5
28.2
34.5
36.7
49.6
62.5
51.4
51.7
62.3
45.5
41.3
47.3
47.6
47.6
47.7
54
56.3
58.2
64.6
51.6
64.5
56.2
56.5
62.2
49.6
53.8
55.8
58.2
60.4
51.8
58.2
41
64.2
49.6
43.4
53.6
43.3
51.5
47.4
47.2
57.9
47.2
49.7
55.5
45.3
47.3
40.8
47.1
53.2
61.8
27.9
38.5
44.4
36.6
57.9
49.3
58
39.1
41
47.4
43.2
57.5
45
64.6
53.7
58
56
72.9
56.3
56.4
60.7
54.3
62.1
60.4
36.4
36.9
54.1
36.7
21.6
26.2
24
13.2
21.9
24.1
30.2
22
21.9
19.7
19.7
22
26.3
24.3
48.5
37.5
32
26.5
32.8
26.4
28.5
32.9
37.2
45.5
45.9
39.5
48
52.6
39.3
32.7
39.2
45.8
48.1
45.9
30.6
32.8
34.9
32.8
37.2
35.1
43.6
37.2
63.3
48
50.2
47.8
35
45.8
36.7
45.5
39.1
36.9
32.7
39
39.2
30.4
32.6
37
32.8
32.6
60.6
39.3
43.7
38.4
20.3
30.75
41.2
30.5
34.4
34.7
41.4
45.7
45.7
67.5
43.3
41.2
52.1
50.1
50
61.1
52.1
41.3
45.3
54.1
52.1
71.1
79.8
62.9
71.5
81.9
83.7
64.8
62.8
58.7
43.5
45.7
58.4
34.9
43.5
34.9
34.8
22
26.3
21.9
26.1
32.8
30.6
28.5
19.8
28.4
32.9
28.5
26.3
24.1
30.6
39.3
39.1
37
39.1
34.8
41.4
34.9
41.3
52.1
50.1
39.2
26.2
41.3
32.7
28.4
34.8
28.4
37
37
32.6
32.7
30.5
28.3
32.7
19.7
28.3
24
32.6
21.9
17.5
24
30.5
28.3
26.1
30.5
24
26.1
26.1
21.8
17.6
24
21.8
26.1
21.8
24
28.2
19.6
21.8
19.7
24
26.1
28.3
19.6
21.8
17.5
17.5
17.5
15.3
15.3
17.4
21.8
15.4
15.3
15.3
13.2
17.4
17.4
13.2
13.2
17.4
23.9
26
21.8
19.6
21.8
23.9
26
28.2
23.9
23.9
26.1
26.1
21.8
21.8
21.8
32.5
28.3
24
24
26.1
28.3
34.7
28.25
25.025
21.8
23.9
34.6
26.1
26.1
34.6
30.3
30.3
34.6
36.7
36.7
34.6
28.2
34.6
32.5
36.7
28.2
26
23.9
21.8
23.9
21.8
21.8
23.9
21.8
23.9
23.9
21.8
17.5
19.7
32.4
19.7
32.4
28.2
32.4
26
34.6
32.4
28.2
38.8
23.9
19.7
28.2
28.2
30.3
30.3
32.4
28.2
38.8
28.2
45.2
23.9
40.9
28.2
30.3
26
36.7
32.4
28.2
32.4
32.5
23.9
30.3
30.3
28.2
36.7
32.5
36.7
36.7
28.2
28.2
28.2
26.1
32.5
32.4
32.5
34.6
32.5
38.9
38.8
36.6
34.5
30.3
28.2
16
32.4
21.7
26
19.6
19.6
21.7
23.8
23.8
30.1
27
25.45
23.9
26
28
30.2
40.8
49.3
42.8
47.2
49.2
53.7
62
45
40.7
36.6
40.8
42.8
42.9
32.3
23.8
38.5
38.6
44.8
44.8
49.1
40.6
38.5
44.8
55.2
51
53.1
57.4
46.9
53.1
46.9
57.4
68.1
36.5
47
49.1
49.1
32.3
34.3
32.2
46.8
42.7
40.6
55.4
40.6
49
47
36.4
36.4
32.2
44.9
34.3
44.8
51.2
36.4
40.7
59.4
48.05
42.375
39.5375
38.11875
37.409375
37.0546875
36.7
42.8
49.3
53.5
47.2
47.1
49.3
45
47.3
58
53.7
55.9
51.8
49.7
49.8
40.9
36.6
34.5
36.6
38.5
30.2
21.7
28
36.5
34.5
34.4
25.8
30
32.15
33.225
34.3
36.5
36.5
40.7
49.2
61.9
53.4
47.1
57.8
49.6
53.5
34.4
47
49.1
51.3
44.9
34.3
51.2
55.5
40.8
42.8
53.4
53.3
51.3
57.6
51.3
36.6
51.3
57.7
49.2
42.9
36.6
55.6
42.9
42.9
34.5
43
43
30.4
45.2
40.9
28.3
30.4
34.6
36.8
36.7
28.4
24.1
32.6
41.1
34.8
32.7
30.5
39.1
47.5
39
26.4
66.5
32.8
52.3
26.4
22.2
30.7
22.3
30.8
33
28.6
37.1
32.8
37.1
35
37.2
37.1
32.9
26.5
30.7
28.5
20.1
26.4
22.2
22.1
18
20
20
15.8
13.7
13.7
11.6
11.6
11.6
13.7
13.7
19.9
26.2
21
18.4
15.8
17.9
28.3
30.5
28.4
34.7
36.8
36.8
30.5
30.5
36.9
34.7
32.6
34.7
26.4
24.3
26.4
34.9
28.5
32.8
34.8
34.8
41.2
34.9
34.9
30.7
36.9
45.2
36.9
24.4
39
32.8
30.7
30.7
37.1
37
34.9
28.6
41.2
36.9
47.4
30.6
30.7
41.1
39.1
30.7
43.3
39.1
30.7
34.9
30.7
30.7
34.9
32.8
30.8
37.1
41.3
39.1
39.2
26.5
37
34.9
41.2
47.5
45.4
45.4
49.5
49.6
45.4
47.5
49.6
51.7
39.1
34.9
41.2
41.2
34.9
28.7
24.4
24.5
20.2
20.2
18.1
14
14
14
11.9
11.9
14
18.2
18.1
20.3
18.2
24.4
22.35
21.325
20.3
24.5
20.3
22.4
24.5
30.8
22.4
26.6
28.7
28.7
35
35
35
30.8
35
41.3
28.7
43.4
37.1
37.1
32.9
37.1
37.1
49.7
53.9
41.3
35
41.3
39.2
37.1
43.4
45.5
37.2
37.2
39.3
41.3
41.3
47.6
51.8
47.7
35.1
51.8
53.9
39.3
45.5
47.6
49.7
35.1
56.1
30.9
43.5
43.5
39.3
39.3
47.7
41.4
47.8
43.5
58.3
58.2
52
43.6
60.4
58.2
87.6
49.8
66.6
62.5
64.6
64.6
70.9
66.7
64.6
66.6
66.7
70.9
56.1
51.9
66.6
64.5
56.1
51.9
47.7
41.4
43.5
43.5
56.1
62.4
49.8
49.8
45.7
37.3
64.5
60.3
49.85
44.625
39.4
37.3
49.9
52
58.3
64.6
75.1
66.7
56.2
56.2
56.2
68.8
64.6
68.8
58.3
60.4
35.3
39.5
43.7
37.4
41.6
37.4
56.2
56.3
47.9
37.4
50
56.3
58.4
56.3
58.4
47.9
54.2
41.6
50
47.9
52.1
47.9
71
31.2
35.4
27
35.4
43.7
33.3
39.6
35.4
45.9
29.1
39.6
45.9
37.5
41.7
37.5
50.1
41.7
37.5
56.4
48
37.5
39.6
54.3
56.4
58.5
43.8
48
45.9
48
50.1
54.3
41.7
33.3
37.5
58.5
39.6
37.5
31.3
29.2
31.3
27.1
25
16.6
18.7
16.6
14.5
12.4
12.4
20.8
18.7
12.5
12.5
14.6
14.6
23
17.75
15.125
12.5
10.4
12.5
16.7
14.5
18.8
18.8
20.9
27.2
23
25.1
27.2
23
23
31.4
23
27.2
25.1
25.1
33.5
31.4
27.2
20.9
25.1
27.2
23
23
23
23
20.9
18.8
27.2
20.9
25.1
18.9
18.9
16.8
18.9
14.7
14.7
14.7
16.8
21
18.9
23.1
25.2
18.9
21
23.1
25.2
21
21
21
23.1
21
25.2
21
23.1
23.1
21
18.9
21
21
18.9
14.7
18.9
16.9
14.8
18.9
23.1
14.8
21
31.6
23.2
27.3
27.3
31.5
35.7
33.7
33.6
27.4
23.2
21.1
25.3
23.2
29.5
19
23.2
27.5
25.4
27.5
29.6
33.8
38
32.75
30.125
27.5
35.8
44.3
38
44.2
48.4
52.6
40
44.3
61
65.2
44.2
46.4
35.9
50.6
50.5
38
50.6
61.1
48.5
38
42.2
46.4
48.5
46.3
35.9
40
48.4
63.1
38
40.1
50.5
50.6
33.8
27.5
31.7
33.8
31.6
35.9
38
29.6
38
33.8
38
33.8
31.8
38
33.8
38
33.7
46.3
29.6
25.5
29.7
27.5
35.8
27.6
31.7
35.9
31.7
42.2
46.3
40.1
46.3
54.8
38
40.1
37.9
38
29.7
46.3
33.9
38.1
36
38
44.4
34
38.2
48.5
34
29.8
29.8
25.6
25.6
25.6
21.5
15.1
21.5
17.3
21.5
19.4
23.6
31.9
36.2
32
29.9
27.8
25.7
29.9
21.6
21.6
23.7
32.2
23.7
25.8
36.3
23.7
34.3
32.1
25.8
23.7
21.4
21.5
29.8
15.2
23.6
21.5
23.4
21.6
27.8
29.9
23.5
34.2
48.7
36.1
36.3
40.6
42.5
51.1
36.3
40.5
38.4
48.5
32
50.8
23.5
32
32
36.3
44.4
31.8
36
32
42.3
32
61.2
29.8
29.7
35.6
40.4
35.9
48.8
25.8
29.7
17.2
46.6
31.9
29.8
31.8
46.3
52.9
38.2
31.8
44.4
29.9
27.7
21.5
29.8
33.1
32
46.8
27.8
25.8
25.8
27.7
25.9
15.2
19.5
19.5
17.4
13.1
11
13.2
15.3
11
13.2
11
15.2
15.3
19.5
15.25
13.125
11
8.9
11
11
15.2
17.3
15.2
15.1
17.3
27.8
21.5
17.3
25.8
21.5
17.3
25.8
19.4
27.9
28
30.1
34.3
49
36.4
44.6
49
40.6
50.9
46.9
51.1
44.9
55.2
63.6
92.9
53.1
61.7
38.4
36.3
40.4
42.4
55.1
44.9
55.2
67.7
65.8
59.5
48.8
61.5
46.7
57.2
61.3
48.5
40.4
44.6
52.8
44.5
120.4
76.3
49.9
57.3
50.8
44.5
61.4
92.9
86.2
67.7
86.3
63.2
63.5
65.4
59.1
75.5
54.8
75.6
58.9
38.3
32.1
38.3
40.5
65.2
40.3
23.7
30
38.3
19.5
34.1
32.1
25.8
30.1
23.7
21.6
21.6
21.5
25.8
28
31.1
32.65
34.2
30
40.5
55.1
38.4
36.2
42.7
46.9
42.7
49
53.2
44.8
42.7
44.9
40.6
32.2
30.1
40.6
27.9
40.6
34.3
30
30
46.8
25.8
27.9
27.9
21.5
27.8
19.4
25.8
23.6
27.9
25.7
27.9
30
23.6
32.1
23.5
21.5
29.9
38.4
38.4
30
32
25.7
25.7
29.9
27.8
27.8
25.7
21.4
25.7
21.5
38.3
29.7
29.8
27.7
25.6
34
23.5
29.8
29.9
32
36.1
32
42.5
42.5
40.5
59.4
49.1
44.7
38.4
34.2
38.4
46.7
32
36.4
34.2
34.2
25.6
32
30
25.8
30.1
38.5
36.3
38.4
28
28
25.9
27.9
36.4
36.4
36.35
36.325
36.3
42.7
44.7
46.8
49
61.5
57.3
63.5
69.8
63.7
49
65.6
53.2
55.3
67.7
65.6
55.2
51.1
30.1
49
38.4
55.1
46.9
40.3
34.1
38.2
34
50.8
46.3
38.4
48.8
53.1
38.4
40.3
36
29.9
29.9
55
25.6
44.7
29.7
31.9
46.6
46.8
42.4
59.2
31.6
42.2
40.2
40.3
59.1
63
63.4
59
42.1
46.4
65.1
52.3
90.6
59
67.5
75.3
44.4
56.9
44.2
61.2
67.1
54.7
50.7
50.9
59.4
46.7
40.3
38.4
40.5
31.9
40.6
40.5
48.9
51.1
53.2
54.8
69.8
67.8
49
38.5
53.3
63.7
57.6
57.8
55.6
47.1
42.9
53.6
49.3
47.15
45
53.4
57.7
68
80.7
86.9
96.9
97.9
100.9
103.3
89
72.2
76.6
84.8
84.9
74.3
82.7
78.6
76.5
80.7
82.6
80.5
74.1
67.9
82.5
65.7
74.1
61.9
82.7
88.8
91
74.1
76.4
82.5
65.9
61.7
65.7
67.9
82.5
74
72.2
63.7
51.1
63.4
75.9
71.5
69.8
91
61.5
61.3
61.2
77.9
63.2
59.5
67.7
86.3
55.1
59.1
76.1
84.4
84.5
61.5
84.1
96.9
123.8
105.2
105.6
93
105.7
99.3
105.4
80.5
120.1
92.7
80.4
78.3
70
57.3
59.2
44.6
31.9
25.8
29.9
17.2
15.2
19.4
8.8
13
13
15.1
15.2
17.2
15.2
21.6
19.4
18.3
17.2
15.1
13
15.1
19.2
23.6
21.4
23.5
29.6
27.8
25.6
21.4
27.4
21.5
25.6
21.4
15.1
29.8
38.2
17.3
27.7
23.6
29.8
27.6
31.9
27.8
55
29.7
25.6
31.9
34.2
40.5
44.6
29.9
29.8
25.7
38.3
40.5
50.9
67.6
32.1
40.4
38.4
34.1
46.9
38.4
42.4
34
44.3
46.6
46.6
46.7
44.5
51.1
55
31.9
32
52.9
38.2
29.9
34
40.4
54.8
78
57
38.2
46.8
34.1
50.9
38.4
48.6
57.1
40.2
42.5
38.4
38.2
29.9
27.8
21.5
23.6
17.2
15.1
13
17.3
21.6
21.5
15.2
17.3
17.3
19.3
19.4
23.6
23.7
34.3
38.55
40.675
42.8
44.8
53.4
55.5
59.2
71.9
63.7
67.6
59.4
73.7
70
67.7
63.5
65.6
57.6
59.6
55.4
66.1
66
70.2
57.5
67.7
74.2
59.3
61.5
76
71.5
63.6
80.6
72.3
70.1
68
69.9
63.7
46.9
47
57.2
90.6
77.8
69.7
55.2
61.4
67.9
52.9
36.1
31.9
71.8
59.1
48.8
42.4
46.6
38.3
54.9
63.1
23.5
48.7
29.8
57.2
27.7
59.3
52.2
56.6
33.9
46.5
52.8
57
50.7
63.2
63.3
65.3
54.4
52.9
71.6
75.9
67.6
73.8
59.2
48.9
70
46.8
40.2
34.1
29.9
34.1
34.1
32
32
25.7
25.8
27.8
32.1
27.9
32.2
36.4
33.2
31.6
30
27.8
40.5
46.8
46.9
46.8
55
40.5
44.7
46.8
44.7
48.8
57.5
46.8
55.3
42.6
32
40.5
44.6
38.4
44.7
32
42.5
46.7
34
36.2
40.3
29.8
34
31.8
34
29.8
29.8
38.2
29.7
33.9
29.8
36.1
29.8
27.6
33.9
25.5
31.6
33.8
29.6
38.1
25.5
31.8
31.8
31.8
29.7
23.3
40.2
38.1
46.6
44.4
44.4
48.6
48.6
42.4
42.3
48.7
42.2
61.1
75.8
52.8
54.8
46.4
44.6
67.3
56.9
48.8
44.7
57.1
57
65.4
52.7
48.6
34.1
46.6
36.1
29.8
21.5
23.5
21.4
17.2
15.1
15.1
17.2
19.4
17.2
21.5
27.8
27.9
19.35
15.075
10.8
21.4
8.7
23.5
25.6
27.8
40.4
34.2
34.2
38.4
25.7
27.8
38.4
44.8
63.4
61.4
59.5
46.9
57.2
61.4
59.4
53
44.7
61.3
57.1
57.3
44.6
42.5
40.4
40.3
44.6
44.6
46.7
23.5
40.3
31.9
44.7
50.9
42.5
44.7
42.5
53.1
53.1
40.4
40.4
40.4
44.6
40.4
59.2
40.3
36.1
36.1
38.3
46.7
52.9
48.8
55.3
44.5
46.6
42.3
34
40.3
50.6
38
46.5
46.4
42.3
44.6
40.3
44.4
59
44.5
52.9
44.4
44.4
44.5
34
42.4
40
38.1
27.8
25.6
21.4
21.5
21.4
21.5
27.9
27.9
19.3
17.2
17.2
19.3
17.2
27.9
20.4
16.65
12.9
19.3
30
32
32
42.6
38.4
44.6
49.1
46.8
46.9
55.4
53.2
44.9
42.7
42.7
40.6
49.2
51.2
55.4
53
25.7
38.5
55.3
53.2
34.2
29.8
23.5
19.3
23.5
29.8
21.4
34.1
32
32
36.4
38.4
34.1
34.2
34.2
40.5
34
38.4
40.4
42.5
46.8
40.5
36.3
34.2
27.8
34.1
29.9
36.2
27.8
29.9
31.9
33.9
36.1
43.9
35.9
29.7
25.5
31.7
37.9
44.3
27.7
31.9
31.9
27.7
34.1
40.4
52.7
42.6
29.9
29.9
46.8
53.3
23.5
23.6
23.6
25.6
25.7
25.7
27.8
44.8
38.5
30
25.7
44.9
61.9
27.9
49
34.2
36.4
44.9
49.15
53.4
42.7
49.2
59.8
72.5
70.4
53.4
59.7
66.1
49.1
44.9
59.7
51.3
38.5
53.4
44.9
42.8
74.7
74.7
104.3
80.9
74.6
76.7
70.4
70.3
61.9
61.8
59.7
66.1
72.5
40.5
42.7
61.8
66
55.5
42.6
51.1
70.3
80.9
85.2
91.5
68.2
59.6
55.4
63.9
59.6
48.9
40.5
74.5
53.2
76.5
55.4
53.2
70.2
66
46.9
36.3
44.7
34.2
65.9
65.9
95.4
72.2
78.3
59.5
76.4
67.8
46.5
61.6
63.8
57.5
48.9
59.5
61.5
57.2
67.9
65.8
63.4
69.8
67.9
61.6
68.1
72.4
74.5
74.7
74.6
57.7
68
61.8
61.9
57.7
80.9
95.7
87.5
91.65
93.725
95.8
110.3
100.2
89.5
108.5
102.2
101.9
91.6
101.8
91.7
104.3
114.8
127.7
89.5
68.2
108.7
96.1
83.1
74.6
108.5
98
106.4
80.8
72.5
95.6
91.5
81.1
87.3
61.8
59.7
61.9
61.8
66.1
55.3
78.8
61.8
70
57.5
38.4
63.8
44.8
40.6
59.6
57.5
42.7
59.6
61.7
55.3
59.5
55.3
49
46.8
68
55.3
65.8
50.8
86.2
65.6
65.7
71.9
65
75.5
76.1
75.5
77.6
73.8
58.9
63.2
73.4
99
82.3
60.9
55
63.5
59.2
42.4
40.4
53.1
56.9
42.3
50.9
44.6
31.9
25.6
21.4
29.9
27.7
27.8
32
23.5
31.9
32
38.4
49
44.75
42.625
40.5
32.1
27.8
34.2
40.5
46.9
48.7
49
57.5
49.1
46.9
46.8
36.2
40.4
34
38.4
36.2
32
63.6
59.4
31.9
46.8
53.1
42.5
49
48.9
48.8
40.4
40.4
38.3
54.8
59.4
31.9
44.5
59.4
55.1
67.6
40.4
48.8
38.1
50.9
54.9
48.8
46.6
29.8
42.4
65.8
54.9
54.9
42.3
50.9
42.4
51.1
84.3
54.9
67.6
88.6
71.9
57.2
57.3
57.2
73.9
86.5
90.9
116
101.5
98.8
59.5
53.1
69.9
84.2
65.4
82.3
80.5
86.7
65.8
67.9
57.2
57.3
84.6
67.9
57.5
44.8
49
42.7
42.7
55.4
59.6
49
49.1
44.9
42.6
51.1
57.6
52.3
49.65
47
57.6
61.8
61.8
72.3
78.8
82.8
74.4
72.5
78.7
66.1
53.4
47
53.4
53.2
59.6
70.1
53.4
53.4
70.3
64
61.8
70.3
59.7
59.5
57.5
49.1
68
51.1
67.9
65.9
82.7
53.1
74.4
93.1
76.3
112.1
71.8
53.1
52.9
57.3
55.2
50.8
72
63.2
65.7
59.4
67.4
74
56.9
63.6
71.75
75.825
79.9
53
57.1
86.7
88.8
61.4
65
90.8
50.7
69.4
84.2
50.7
67.4
80
69.6
67.2
84
90.1
69.3
71.2
50.5
79.9
61
65.3
54.9
69.5
63.2
73.7
97.5
72.5
67.5
59.7
55.3
59.5
49
46.9
36.1
42.5
40.5
46.9
57.4
48.9
44.65
40.4
38.3
42.5
55.2
44.6
55
57.1
59.4
63.7
90.8
74.1
65.6
86.7
72
80.6
74.4
67.9
67.9
72.1
78.4
86.9
76.4
65.6
78.1
75.9
65.7
84.6
95.1
84.5
111.6
96.5
74.1
95
97
70
95
63.5
65.5
40.2
40.3
61.2
52.9
92.3
59.1
65.4
46.3
38
44.2
44.4
50.5
86.1
71.5
50.5
62.8
69.4
84.1
96.3
96.4
73.6
84
90.3
94.4
100.9
84.2
90.4
81.9
82
88.3
107.1
88.3
96.7
102.8
123.4
98.5
115.2
114.9
86.2
77.7
86.2
71.7
58.7
50.2
39.9
33.8
23.2
16.8
29.6
33.8
33.8
31.7
29.6
31.6
38.1
35.9
39.05
40.625
42.2
52.8
44.3
51.8
54
62.4
70.5
70.7
79
70.5
53.9
58.1
68.3
80.6
69.7
45.5
58
59.6
61.9
57.7
43.2
43.2
45.2
49.2
47.2
57.6
57.5
61.9
59.6
51.4
67.9
55.4
61.6
65.7
61.4
51.2
51.4
38.8
61.5
55.1
59.5
55.3
57.2
52.7
55.3
63.3
55.1
61.2
57
63
56.8
77.5
75.6
75.4
68
67.8
55.4
65.7
74.1
80.2
70
72
86.1
82.1
84.5
98.8
84.1
98.7
82.3
88.3
100.7
88.5
109.6
88.3
102.4
100.1
73.7
71.5
73.5
46.8
51.1
53
32.5
26.1
13.7
11.6
22.1
15.8
11.6
24.1
17.9
22.1
17.9
26.4
20.05
16.875
13.7
15.8
17.9
21.9
20
30.4
30.4
53.1
57.2
40.9
26.3
32.6
45.2
28.4
40.9
39
36.7
34.7
55.5
41.1
47.3
45.2
49.3
61.8
61.7
51.3
57.3
47.1
46.9
69.3
30.3
45
40.8
50.9
48.9
44.8
42.7
44.6
48.9
61.2
36.3
77.9
36.4
69.6
46.8
42.6
46.6
57.1
42.6
46.4
36.1
36.1
36.1
36.1
36.1
36.1
36.1
36.1
36.1
36.1
36.1
36.1
36.1
36.1
36.1
36.1
36.1
36.1
36.1
36.1
36.1
36.1
36.1
36.1
36.1
36.1
36.1
36.1
36.1
36.1
36.1
36.1
36.1
36.1
36.1
36.1
36.1
36.1
36.1
36.1
36.1
36.1
36.1
36.1
36.1
36.1
36.1
36.1
36.1
