"x"
53.8
49.6625
45.1375
34.4625
33.625
24.93828125
25.4
32.3875
31.425
24.1625
22.58125
28.3310546875
46.975
41.0375
26.7
26.8
28.1375
35.4375
41.85
37.1875
48.1125
49.45
34.9
43.412109375
45.15
37.5125
32.3625
42.5875
32.45
32.65
36.6
57.6625
59.825
50.975
41.59375
36.3193359375
45.15
36.7875
46.4375
38.97978515625
40.1952335357666
43.3062324762344
46.575
62.9
53.8125
35.025
24.8375
26.8125
33.1375
58.5125
52.55
57.22919921875
58.2958171844482
58.2999836608767
58.2999999364256
68.775
58.925
39.8125
34.3875
40.01875
52.6875
50.7625
69.30546875
68.4821014404297
68.4999300837517
68.4999997268897
71.0062499989624
58.2365478515625
65.9625
48.7625
29.0375
34.43125
66.875
63.4056640625
64.6943580627441
64.6999779611826
64.6999999139109
64.6999999996637
64.6999999999987
58.4
70.7125
34.9625
18.3
16.03359375
37.6125
64.840625
74.6976684570313
74.8992096424103
74.8999969126657
74.8999999879401
74.8999999999529
74.8999999999998
74.1125
72.725
73.4125
77.75
70.875
87.3046875
83.1575866699219
83.1002249479294
83.1000008787028
83.1000000034324
83.1000000000134
85
75.5
52.7625
39.8375
59.021875
73.4125
83.0875
75.2248046875
68.8250968933105
68.8000980347395
68.8000003829482
68.8000000014959
72.325
81.2875
52.575
27.5375
40.85625
76.3625
95.85625
58.3190185546875
55.2121836662293
55.2000475924462
55.200000185908
55.2000000007262
61.15
71.275
55.05
43.4125
59.3375
71.325
74.65
81.063037109375
81.1994649887085
81.1999979101121
81.1999999918364
81.1999999999681
81.1999999999999
83.8875
38.175
32.0375
33.134375
49.625
49
86.8375
86.828125
94.4112915039063
94.8980909824371
94.8999925429002
74.2625
64.7875
45.25
21.85
22.878125
39.575
45.0375
54.04375
61.7941650390625
61.8995865821838
61.8999983850867
61.2624999938649
61.05
67.5875
50.9
34.8625
45.545703125
61.625
61.2125
50.15
53.187939453125
53.2995622634888
53.2999982900918
52.4874999933992
51.9125
48.6375
41.0625
50.825
66.609765625
82.6375
66.0125
61.2
55.31982421875
50.3173522949219
39.075
41.4375
48.3125
36.2
34.05
31.98125
36.9111328125
38.55
41.9
42.725
44.925
50.6796875
43.3875
44.25
53.4
65.5625
34.3375
12.06875
21.9634765625
29.3125
43.6
52.2375
70.225
66.9375
54.275
56.75
39.825
27.71875
12.25
12.875
13.18671875
27.025
36.9875
57.8125
67.3625
100.525
95.6125
78.6375
64.4125
42.825
14.0125
11.4625
10.5296875
14.4
18.075
23.3
26.9375
28.2125
31.1
39.0125
37.1875
33.65
28.075
35.95
41.08203125
36.3375
37.8125
48.1125
61.125
58.85
61.7
63.4125
56.65
43.4875
27.1875
35.3625
36.594921875
41.825
55.975
60.3625
60.2
50.7875
43.7375
49.0375
38.2875
26.5375
15.3
13.225
17.98828125
30.925
27.6625
19.225
17.6375
19.7375
18.1125
16.525
15.725
8.7125
7.475
10.55625
9.0107421875
12.2125
16.375
18.7375
28.4
29.2875
24.175
26.475
22.5125
15.9375
10.3125
27.45
29.043359375
39.475
48.8
34.7625
44.4125
46.025
39.075
43.9125
42.9875
29.3
17.8625
17.78125
24.9115234375
30.875
40.8625
53.975
45.6125
52.25
50.9
59.725
50.3375
43.725
27.7625
27.06875
39.5474609375
59.275
58.325
60.7875
56.775
51.1125
45.1375
44.7
28.85
20.4125
17.2625
23.3125
22.323828125
38.8
46.5875
49.2
56.8875
57.55
73.5625
68.4125
82.4875
73.225
62.1
57.05625
56.6595703125
64.475
66.8125
71.0625
63.5171875
65.675
67.85
73.175
66.4625
58.3125
51.35
61.8375
80.650390625
60.9625
66.375
79.6125
80.0375
79.2625
54.7625
48.325
62.95
67.9
52.525
53.23125
47.7603515625
47.3375
57.225
75.725
74.775
55.6625
43.925
96.46249875
99
78.35
59.825
65.7875
78.734375
73.575
74.1
76.2875
78.35
72.025
79.275
72.8375
69.8875
54.8625
26.9375
27.76875
52.4697265625
40.35
42.3
53.25
57.7125
62.75
50.5375
52.9
54.5
41.6875
33.7625
33.6625
40.800390625
50.45
56.4625
64.325
83.1
83.025
71.4375
55.3625
62.825
63.8
58.45
54.81875
54.7666015625
60.775
62.5
66.3
53.2125
52.0375
51.6125
54.9625
56.9625
40.1875
45.4875
47.8375
49.137109375
57.0625
59.875
80.7125
65.45
56.15
66.9875
67.2375
71.95
59.675
47.8375
51.2625
52.180859375
49.25
61.2125
72.375
70.625
58.5
61.1875
70.6625
66.475
69.05
57.6625
61.84375
67.6091796875
69.5375
73.1625
73.75
74.8875
77.9875
72.725
69.475
65.075
68.825
65.0875
66.48125
70.0189453125
70.35
52.05
70.525
68.5125
62.875
57.3875
49.2125
54.8
43.625
39.5875
37.525
44.25234375
44.9
60.9875
71.8875
75.1875
73.8390625
60.9625
48.825
63.7875
54.275
34.4625
33.975
32.248828125
33.8
36.8625
36.55
40.0375
35.2
54.4375
49.875
41.7375
29.725
20.1375
22.51875
34.3904296875
34
33.5375
52.0625
45.5
40.9375
61.525
69.7
58.5
34.3875
16.525
22.45
32.88203125
39.3
40.4
52.15
62
47.2625
65.0875
61.8125
66.35
48.5125
35.0625
51.2
59.234375
67.775
73.8625
89.3
105.6625
94.825
82.975
103
118.23749875
92.5375
47.475
46.21875
66.9310546875
69.9625
75.975
81.475
84.7875
86.375
94.95
72.2875
68.225
73.875
45.7875
44.8375
60.46953125
70.225
74.825
86.9625
93.4
84.2375
75.4375
75.9375
83.2
66.575
26.5375
19.11875
21.6708984375
37.2125
50
67.3875
77.9625
75.775
69.775
59.875
56.7125
31.95
13.3125
11.4125
19.8671875
18.525
22.8375
31.05
42.225
40.55
46.1875
43.4875
30.7125
21.95
21
27.0875
42.234375
44.5
53.9125
74.0625
72.4625
61.4875
56.375
60.5875
63.8375
55.725
53.4375
60.0375
57.776171875
63.95
69.8125
80.7125
90.475
88.85
86.3
78.0625
98.65
91.325
45.1375
40.6125
61.5984375
63.2
79.65
93.0875
75.65
50.375
50.825
53.2375
70
72.4625
29.3625
24.025
33.55546875
40.8625
53.275
63.625
61.175
55.3
54.9625
55.7
60.2375
40.275
20.625
20.3625
37.848046875
53.55
61.775
75.2
93.95
72.4375
57.6625
64.775
80.3625
75.3
47.3125
53.70625
61.1693359375
66.3
70.725
80.95
84.9
84.8
94.275
79.15
79.725
77.05
34.075
43.925
39.496875
47.0875
56.9625
47.825
71.5375
59.7375
54.225
50.425
60.7375
49.475
41.6125
52.86875
66.3931640625
71.225
58.8375
68.9875
96.2375
76.5875
57.7125
55.025
42.1375
35.3625
24.85
47.2625
55.83203125
47.675
67.8
72.725
98.7375
66.925
52.025
60.5375
86.5625
78.5875
29.4625
25.175
30.23046875
41.725
82.9125
105.5125
72.8375
75.3375
70.95
59.1625
71.725
45.85
28.4125
37.75625
62.8904296875
46.85
40.8875
50.5375
57.9125
53.1125
49.65
54.025
41.6375
37.55
20.8875
18.7375
23.641796875
45.975
53.225
49.1625
46.6
42.875
39.4875
41.8625
76.575
53.85
44.1875
45.025
47.46171875
58.1
66.9125
72.1375
78.4625
68.1625
53.7625
103.73437625
99.8625
80.2125
40.2125
38.3
51.63203125
59.7875
63.25
55.8875
49.6375
59.1125
65.425
58.9375
52.475
50.6875
51.175
55
60.3421875
69.8875
69.95
90.6375
96.5625
92.0625
75.4
60
60.0375
48.825
42.5375
46.39375
57.9310546875
55.4625
61.7625
70.0875
77.75
76.4875
70.05
77.0625
78.875
61.5375
38.35
28.95625
44.6587890625
79.725
72.825
92.3
74.175
52.375
43.85
49.1375
51.975
29.9125
17.6375
15.78125
23.4685546875
23.6125
39.5
51.4125
89.1
74.2625
53.7875
57.4375
92.575
69.9125
38.925
23.58125
49.0111328125
68.4625
52.975
59.575
69.9
56.2
60.4875
39.6875
53.1125
56.7875
20
17.54375
28.0482421875
34.3125
46.875
57.2875
67
55.825
44.8375
44.475
56.2125
54.925
17.3875
16.94375
40.1220703125
67.925
56.8
47.35
46.3875
44.075
35.0625
47.275
43.65
30.8625
26.9125
33.30625
59.3697265625
74.8625
86.375
102.075
95.6875
80.525
76.35
70.6375
73.675
69.7625
46.8375
49.4125
35.303515625
31.625
34.7125
36.275
38.2375
42.6375
43.2
49.6375
69.65
53.9375
25.825
29.4875
53.29375
65.4875
83.875
93.625
87.05
75.7875
66.3125
62.7125
86.6375
68.6875
31.3625
30.9625
53.64765625
69.4875
79
89.3125
117.53749875
108.775
110.1
65.6625
40.4375
38.05
22.5625
23.91875
26.3509765625
31.8375
48.0875
67.9625
74.7
69.8125
61.9875
71.65
93.9
83.075
53
57.075
75.03125
78.05
97.925
117.22500125
114.08749875
88.4125
76.8625
78.1
83.0375
72.6
33.225
29.7875
42.338671875
47.3375
61
53.0875
55.35
44.775
34.6125
44.275
27.225
21.025
17.5875
19.43125
23.2373046875
30.0375
30.825
51.6875
58.3625
57.175
72.5
72.4625
69.275
68.6125
33.05
26.89375
29.5423828125
35.7
40.6625
46.5625
55.025
70.275
48.975
46.9375
60
61.85
42.8375
48.50625
64.5927734375
66.25
77.3625
81.75
85.4875
78.45
81.575
88.0125
91.3875
77.1625
60.1875
52.325
68.112109375
91.05
95.1125
92.1875
73.2875
74.8375
76.4375
76.0875
84.6875
63.4
31.95
47.36875
39.5990234375
41.2125
56.025
70.55
71.0625
65.1875
60.825
67.7125
59.6125
44.0375
28.475
31.55625
80.6349609375
94.125
108.3625
114.2625
102.3875
59.625
73.5375
56.8375
68.6875
63.2
18.925
13.95
16.7
26.95
41.2875
32.75
30.5
25.6625
18.85
13.175
9
8.575
6.225
11.0625
15.262890625
24.675
53.3875
65.425
66.575
43.05
42.625
43.1875
26.125
23.1625
15.875
11.21875
8.5783203125
12.525
16.60625
31.9
44.8625
36.325
44.1
42.1875
51.275
45.3
25.75
21.46875
30.3185546875
45.075
53.65
77.1875
83.9
69.125
63.425
67.5125
102.55
109.7125
80.0625
24.825
15.19609375
31.375
33.9125
56.9625
50.9125
49.55
40.775
47.45
46.125
57.55
33.5
18.16875
22.5478515625
24.925
29.675
46.25
71.95
58.65
44.175
47.6375
50.55
47.3875
44.3125
19.26875
17.3771484375
44.8375
60.3
83.9625
71.025
48.025
42.35
55.2375
76.3125
122.5125
52.925
30.49375
23.8482421875
33.0875
30.7875
40.0625
43.5125
49.1
54.55
54.6
64.1625
61.4875
50.725
57.3375
67.15859375
86.9875
89.7625
97.3375
95.0625
57.4125
60.5
60.05
74.2125
78.9625
66.65
58.6125
69.41796875
84.3625
97.25
112.7125
106.6625
98.125
110.1125
116.475
98.9125
102.275
73.4375
43.1875
43.475390625
63.225
78.625
91.9875
84.5125
73.2625
67.75
73.4125
83.975
79.675
65.6625
53.0625
55.5875
59.225
64.9625
77.25
82.0875
73.6125
74.4
81.9125
84.6
65.0875
41.5
16.43125
11.1568359375
18.0125
21.75
26.15
34.65
49.225
42.625
37.7625
49.275
62.2375
44.875
44.88125
47.6865234375
71.2375
80.1875
81.2625
72.5625
71.3375
70.4125
63.2625
67.275
56.2625
36.3625
27.85625
15.7212890625
19.1625
17.5125
22.8875
19.575
23.1875
36.2
43.175
59.375
48.975
40.9125
43.7125
57.74609375
67.6125
79.15
90.65
68.025
62.05
61.9375
65.225
67.8875
50.1125
42.125
43.70625
43.5943359375
66.65
69.525
68.3375
66.6
57.8625
44.75
47.4734375
50.2
74.4875
56.0125
49.48125
52.4095703125
67.175
61.2875
60.7375
62.6375
60.5875
45.5125
69.22499875
70.4
74.9
59.05
44.55
56.378515625
79.375
66.3125
64.3875
75.5625
67.625
58.95
39.2625
64.8
72.15
61.2
50.90625
51.4408203125
54.275
51.1125
71.1125
46.2
46.85
41.95
50.3375
52.4625
71.65
57.175
40.4625
41.503125
59.4375
67.0375
89.525
86.2875
52.975
63.2625
64.6625
89.2625
76.6625
64.825
36.8
29.524609375
38.7
45.15
48.2875
43.8125
22.6625
28.4625
22.3125
32.95
38.975
28.65
27.71875
20.7009765625
38.1625
39.7375
54.425
74.1875
54.4375
52.55
45.575
54.1625
48.625
48.2
47.1
57.4859375
75.8875
82.4
105.1
76.625
65.0625
69.3
73.9375
85.4625
82.8125
58.9625
47.38125
60.2232421875
84.2625
83.5625
103.6875
77.4875
57.1125
54.5875
63.1375
86.325
84.0875
45.9875
23.925
23.18359375
43.5125
75.125
91.3875
59.7625
55.9
68.5875
75.7625
87.875
95.7625
65.875
57
37.754296875
55.35
85.0625
100.6875
100.375
83.775
90.9875
92.1
127.03749875
100.825
58.425
55.54375
72.7654296875
99.25
85.35
74.325
79.5
71.95
61.8875
49.7375
69.4125
107.3875
72.9625
36.125
11.776171875
36.1625
48.1375
50.8
38.0875
37.975
36.825
35.325
44.5375
59.8625
49.375
49.5875
50.521484375
77.825
49.5875
69.625
67
47.4625
52.75
51.7375
71.2875
66.4625
59.775
47.44375
69.8001953125
76.9875
96.9625
100.025
90.075
84.175
120.26250125
98.125
90.3125
100.6
71.2
51.1
51.10390625
71.25
91.4
102.75
91.375
75.15
72.7375
67.85
83.25
88.125
38.575
28.48125
22.0451171875
61.2375
80.05
84.7375
74.975
68.15
58.425
88.3625
93.5875
93.925
78.55
63.70625
68.4353515625
75.35
74.175
72.0875
68.3875
57.55
51.4875
36.625
51.025
85.2875
51.75
25.8375
22.575390625
33.4
41.4125
50.725
35.775
57.8875
41.4875
46.625
52.6125
73.375
50.725
22.975
16.9890625
51.3125
49.4875
47.4
40.925
47.375
57.2625
60.75
53.2625
57.9875
34.9375
67.26875
85.4072265625
84.2875
94.5875
90.375
65.375
67.8875
67.7375
73
56.275
73.775
76.5
75.0125
87.3796875
89.4125
74.25
78.0875
78.125
68.1625
63.2375
58.775
82.075
82.6
48.6375
43.75625
60.3396484375
59.9125
81.525
87
79.8125
61.7375
61.825
57.5875
101.775
98.6625
52.475
26.85625
35.6611328125
66.25
78.05
67
62.9125
54.3125
63.0625
60.9875
74.3
92.4375
46.275
24.91875
26.0287109375
54.225
59.2375
93.8
80.3125
87.87500125
86.475
68.475
77
94.0625
79.1375
47.50625
15.4677734375
36.5625
41.7625
54.125
58.5
54.525
71.45
63.3625
110.76249875
118.5125
68.4875
35.01875
26.9431640625
25.9625
25.5375
35.8625
29.3
34.3625
37.7875
49.6375
30.25
41.3
30.475
12.95625
13.2275390625
27
29.4375
35.9875
51.7625
40.175
53.6125
41.7875
46.6375
40.45
17
15.83125
25.9345703125
29.975
46.95
66.8
57.7875
66.8875
60.65
64.6875
60.575
83.73749875
53.4625
45.81875
52.3654296875
71.4125
45.3125
49.0125
52.05
54.8875
47.325
81.325
80.875
86.4125
51.675
21.30625
24.0806640625
34.6875
31.9625
40.925
60.725
74.1
79.7125
90.9625
107.9875
86.6875
52.1625
28.24375
33.4748046875
70.3375
73.7875
80.9875
64.425
47.825
49.225
45.5875
55.3375
84.175
53.2625
28.1125
22.758984375
35.925
28.425
21.7125
58.2125
67.9375
81.8
67.375
84.05
79.625
51.7875
22.2375
24.031640625
39.2625
50.1
56.55
42.2125
42.6625
34.175
30.8875
37.0875
42.5
35.825
33.4375
35.03984375
47.9
41.625
39.9375
36.5
30.1625
33.425
33.875
46.525
44.2625
21.85
12.25
13.5625
24.5
21.325
27.425
30.875
26.5375
24.6125
27.9125
41.35
45.0375
31.875
14.95625
17.6236328125
30.95
42.4
56.2375
56.0125
47.1375
43.45
50.3875
57.3875
69.5
52.925
38.25
47.7796875
82.7125
93.6
85.3875
61.6875
55.475
61.3625
86.025
122.0625
86.075
63.5375
51.55
67.545703125
84.025
107.6125
100.1375
89.1375
75.8125
80.2
72.0875
74.675
68.6625
40.5875
31.89375
29.7783203125
52.3125
48.3125
56.4625
45.475
35.9
46.575
40.775
64.1375
73.95
64.9375
52.19375
51.0841796875
38.1125
44.0375
37.575
31.575
27.425
28.225
24.625
37.55
44.9375
43.9875
45.35625
36.5130859375
52.8625
60.5
60.1
70.85
52.275
42.3625
43.925
41.4625
34.35
37.8125
19.43125
14.0064453125
20.1875
25.7125
26.7625
23.8375
30.0125
25.9875
29.8125
31.90625
34.9625
30.1375
13.11875
17.4232421875
34.2375
39.7125
44.6625
40.575
33.35
29.1625
37.35
40.45
43.775
48.675
42.0375
51.89765625
64.8375
96.3625
89.225
80.6
70.7875
64.1875
58.1875
67.0125
76.7625
52.6875
44.5625
27.158203125
44.5125
54.6625
47.375
63.8125
51.85
54.1125
63.5125
78.4625
82.875
40.9
16.7375
17.0765625
29.6875
28.875
28.0375
31.8
39.05
38
31.9625
29.1
30.5625
19.0125
16.20625
14.7560546875
20.125
31.5
21.0875
25.9
30.325
27.05625
35.15
33.45
32.2125
45.5875
58.7
60.717578125
57.8
68.0125
54.5
56.3375
57.3
38.875
50.95
63.7125
51.275
57.1
54.68125
56.9794921875
77.15
82.2875
63.8
59.625
45.6
53.1125
58.4
65.1125
68.0625
44.375
31.08125
36.1853515625
53.2375
61.8125
61.5125
51.1
48.0375
43.725
52.1375
71.4625
63.9625
44.8125
37.6375
41.309765625
65.2875
75
64.8125
77.1375
57.7
48.725
56.3875
70.3375
73.45
54.3375
31.4125
39.95859375
57.45
68.1875
73.55
61.4375
68.6375
59.5625
48.7125
44.9
49.35
33.725
19.95
18.3
32.9125
38.875
39.7375
36.9
36.1875
44.0375
48.2625
44.5125
52.1375
46.55
20.30625
22.9349609375
50.925
46.825
44.425
39
29.6125
30.8875
25.1
28.6875
34.9125
28.7375
39.75
50.351953125
44.025
55.55
74.125
60.3875
56.4875
51.975
49.425
54.1375
60.7875
48.225
51.33125
68.2833984375
39.6375
37.5125
41.575
49.9625
86.2875
60.981689453125
61.475
77.3625
99.53749875
46.35
33.65
37.53828125
45.8875
50.2875
58.125
66.85625
78.625
76.5
111.61249875
103.6875
88.5875
68.4375
55.6625
57.917578125
79.9625
68.25
67.25
61.1375
49.210107421875
65.0875
92.66249875
94.125
95.875
70.7875
60.50625
53.2009765625
73.1625
72.5
51.9375
48.6
56.85
55.975
53.2625
60.65
56.7
45.0875
60.31875
54.6896484375
65.6125
71.9875
49.45
42.35
31.4625
32.775
36.0375
35.7625
28.55
26.1125
27.2625
33.4859375
38.4875
41.2
39.475
35.3875
40.475
37.1125
32.8625
28.175
36.2375
23.7875
15.125
18.880078125
41.825
44.675
40.075
43.7875
37.425
37.3125
36.8
37.475
52.7625
42.0375
27.8625
33.671875
46.1625
56.1
47.3
45.6125
47.6625
49.4625
44.525
59.6375
71.4375
45.4375
16.175
28.014453125
29.475
33.0875
30.8
34.1875
32.3125
30.40625
35.2
36.35
41.6125
26.0375
15.60625
17.6107421875
28.8625
46.175
46.7125
46.2375
40.6375
39.85
46.35
58.9875
76.4
47.8375
39.5875
41.262890625
63.125
68.25
50.875
55.45
48.225
47.15
36.1
30.775
27.3125
28.9125
32.15
35.898046875
51.025
64.9375
69.95
48.5375
51.3
56.8375
56.425
57.525
51.75
57.0625
40.48125
42.9052734375
46.675
44.6625
46.7
52.075
47.7125
30.4625
32.975
46.4
44.8625
50.1875
30.63125
32.0544921875
53.9375
66.1625
62.075
66.0375
64.35
51.875
74.9875
71.575
81.225
59.1625
59.6
61.441015625
67.35
72.3375
73.875
62.9625
59.1875
41.3875
40.9125
42.8875
50.7125
48.4875
44.1125
42.3578125
73.1625
89.475
78.575
74.8875
52.15
75.6
112.76249875
126.31249875
86.6
63.125
56.64375
57.2017578125
60.65
90.2375
83.7
120.14999875
99.03749875
95.29999875
98.7125
120.1750025
99.3
55.2375
55.2
51.816015625
75.125
68.6
60.1625
44.6375
55.8125
48.4375
50.375
62.8125
64.7375
45.3125
50.30625
65.0626953125
93.35
91.125
69.6375
69.2625
69.55
49.7125
61.05
63.2125
47.325
54.95
55.45625
64.7337890625
67.7625
72.2375
69.9625
87.8625
73.8125
67.55
69.025
68.9875
70.55
59.7125
30.9
39.70625
53.3
48.0625
46.0375
32.25
27.9
27.925
33.1625
26
33.1625
27.125
19.25625
19.4060546875
38.0375
43.825
32.5125
31.0125
52.7
55.8125
47.3375
38.125
40.7125
39.625
19.04375
18.2142578125
37.7625
36.2
30.7625
31.5125
31.7625
31.0625
35.9875
40.7875
54.675
35.9
16.325
22.842578125
37.825
43.1
36.2875
36.6125
31.525
29.95
30.1
36.775
33.7125
21.0875
7.6
8.900390625
16.2625
25.95
25.725
19.9625
22.725
22.5125
28.425
27.075
24.7875
20.625
26.35625
29.1771484375
40.3125
55.1
55.3
42.2625
39.9
45.475
58.975
86.4625
61.4875
38.5125
29.80625
37.9005859375
47.4375
53.8
54.9125
51.8125
39.175
45.1125
45.2125
50.3125
55.3625
35.9
15.39375
17.6306640625
29.05
33.725
41.5375
41.1375
31.9125
33.525
37.3375
41.4
50.8125
33.8875
26.9
26.378515625
39.7625
58.725
72.5875
54.45
50.925
52.925
57.75
48.725
50.6625
24.05
9.6375
13.312890625
36.4
31.55
30.5875
32.525
28.925
28.2625
27.8875
26.0625
24.5875
17.0875
11.1
9.720703125
15.075
19.8375
19.925
23.675
24.2
30.7625
23.7125
38.6375
43.6125
19.95
9.28125
6.0478515625
10.875
17.2375
17.2
16.2125
18.3625
19.6625
17.0125
16.6125
13.55
12.9375
18.25
26.1625
31.725
33.15
23.9625
31.8
30.1
28.05
31.35
32.9
40.8625
39.5875
44.21875
59.8099609375
71.6875
50.1125
41.6875
45.35
40.0625
45.4125
59.25
54.0625
46.6
38.7
16.9375
22.503125
32.0875
41.9875
41.0875
42.6875
37.1
35.575
36.475
41.1
45.475
31.1375
15.65
26.465625
39.1375
29.6
27.95
28.6875
38.5375
35.825
34.325
45.5625
53.675
36.9125
17.8375
25.2875
53.025
52.0375
39.9125
47.2125
39.65
42.5125
39.3
41.525
47.1125
29.9375
15.7375
20.8625
42.7875
46.875
29.875
35.6875
43.24375
34.2125
32.1625
42.0125
43.5875
40.7
28.8375
41.36875
48.7625
48.45
28.5375
21.0125
26.0375
21.2875
21.45
14.05
10.975
11.5
14.65
13.890625
25.0875
34.25
25.3875
31.35
29.05
24.1
23.25
18.225
18.6625
16.125
14.075
26.4125
41.025
45.1875
44.0625
39.1625
34.9125
31.5
32.8125
41.075
55.8375
36.4625
23.5625
34.5625
44.2375
44.5125
44.125
42.85
48.25
42.95
51.4375
73.5375
69.3375
47.875
25.4
27.725
44.4375
52.3
59.8
42.975
34.7875
36.6125
31.8
37.5625
39.2375
31.725
17.9875
15.7
36.6625
33.9875
27.0875
25.8125
28.125
32.5625
54.25
72.525
54.2375
29.975
20.475
23.65
36.1
32.725
23.2625
29.5625
28.8875
28.525
34.8875
42.225
49.65
40.6
19.2125
16.79375
33.0125
47.8125
39.5
27.1625
23.225
19.6125
22
21.375
16.4125
10.5125
9.1125
27.515625
43.6375
36.2125
34.8625
26.4375
24.4625
23.5125
21.525
26.075
17.15
13.9
9.025
11.175
16.9375
29.5375
50.625
58.2125
64.0375
48.95
31.15
28.7125
27.3
25.7125
9.6
10.575
20.2625
29.125
35.05
36.4
25.85
25.5375
27.5625
45.3
42.0625
38.725
13.7125
13.184375
24.275
33.35
28.25
37.025
28.025
31.1125
36.5375
46.725
49.4
31.8875
14.7875
17.15625
39.95
51.925
36.6
31.7
26.6
30.55
24.6625
30.6625
29.2875
21.525
15.3875
15.14375
30.9
30.975
27.6375
21.6
23.85
31.7109375
32.5625
24.475
23.6375
19.4125
8.9
10.36875
19.2375
30.5625
35.6625
27.225
28.6
24.95
19.625
17.175
13.5875
16.05
16.1125
31.4875
48.2
55.925
40.7125
41.7625
39.4375
46.275
49.7125
49.025
58.08125
46.2
29.9125
32.575
52.9
67.3375
55.075
44.825
39.3
35.825
44.275
59.0625
50.05
32.7125
19.975
26.0875
39.8375
59.9125
77.2375
75.7375
69.975
57
68.9625
70.2125
65.1875
50.85
28.925
29.434375
81.213330078125
87.7742708206177
87.799899495393
87.7999996074039
87.7999999984664
87.799999999994
87.8
81.2375
73.9
53.7625
28.225
35.734375
51.1
62.2125
44.0375
37.725
42.0875
50.9
39.5375
27.3375
37.775
26.075
9.3625
12.69375
20.3875
32.3875
30.5
30.4
26.1
30.975
35.5125
34.7875
28.375
17.1375
14.05
34.8
59.65
42.0125
49.1875
34.6875
35.4375
36.275
31.1
25.275
35.7625
31.95
27.6
42.128125
53.4
48.775
40.05
37.3
38.3875
36.5875
32.0625
37.4
37.81796875
43.3949432373047
43.4995896220207
43.499998396961
43.4999999937381
43.4999999999755
43.4999999999999
50
44
35.175
37.23125
44.353125
42.9625
32.2375
11.7875
20.225
43.5125
46.1125
58.15
47.125
32.8
33.8375
28.5875
37.1875
42.25
28.7375
10.65
19.95
36.725
42.4
39.65
35.0625
28.1875
31.075
24.5625
28.9125
28.3
19.8875
6.1625
7.31875
23.225
33.8
31.1625
35.2625
45.9875
38.725
41.075
46.775
48.4
38.8875
13.85
20.3125
49.25
52.8375
41.9875
41.2625
47.725
44.5375
53.575
61.05
61.35
55.875
26.8125
22.540625
47.6125
46.625
31.075
44.6375
23.4
27.325
17.125
20.0125
22.675
12.65
8.425
24.075
33.2375
34.1
25.8375
25.15
21.9125
20.05
24.25
20.225
15.525
16.375
6.9625
12.484375
20.725
19.875
21.9875
19.1125
21.35
24.2875
23.7875
29.8125
38.75
21.9125
8.0625
17.284375
22.2
29.275
29.0125
31.0875
27.775
27.5375
37.525
32.875
36.625
21.075
7.4
7.728125
22.4625
37.375
32.7625
32.075
26.025
21.35
28.5125
30.0125
38.7375
25.6125
6.25
10.159375
25.5875
30.875
42.7625
65.1875
51.625
38.35
40.475
43.0875
47.9125
30.275
9.325
12.48125
20.975
24.1625
29.525
45.5875
38.1375
33.7125
37.925
45.8625
50.375
40.6
17.6875
23.659375
34.2
37.725
34.225
26.6
17.5375
21.125
21.775
25.65
20.3875
14.69375
9.4125
17.46875
32.7375
28.575
37.8125
38.725
30.9
26.5875
29.5125
32.35
34.25
25.36875
16.65
38.7125
49.225
47.8125
36.5125
44.95
59.6375
67.6375
67.11875
73.075
65.75
43.075
26.6625
39.48125
68.9125
83.775
61.5625
48.8375
50.1625
45.95
35.75
51.45
70.2375
50.35
35.15
38.478125
55.5375
58.5875
37.3625
36.725
37.5625
34.0875
38.575
41.3875
37.025
27.95
13.3375
17.2875
29.1375
35.3625
32.9875
41.6375
32.4875
31.8625
27.4625
32.3625
34.175
21.3
7.3375
13.309375
30.75
48.475
53.0125
51.925
54
50.0125
49.175
68.3625
59.825
39.8375
34.79375
18.5580078125
47.575
62.1
64.675
45.2
43.9625
38.1375
43.8625
70.8625
69.2625
68.925
55.0875
59.867578125
60.3625
70.4375
77.05
64.625
59.8125
76.575
69.9375
69.8375
58.525
51.775
50.3375
56.396484375
98.2
100.5
96.2625
87.6125
84.9375
77.825
78.6625
70.375
78.75
51.4625
40.48125
61.2727783203125
62.2959874153137
62.2999843258411
62.2999999387728
62.2999999997608
62.2999999999991
62.3
62.3
62.3
62.3
62.3
62.3
62.3
62.3
62.3
62.3
62.3
62.3
62.3
62.3
62.3
62.3
62.3
62.3
62.3
62.3
62.3
62.3
62.3
62.3
62.3
62.3
62.3
62.3
62.3
62.3
62.3
62.3
62.3
62.3
62.3
62.3
62.3
62.3
62.3
62.3
62.3
62.3
62.3
62.3
62.3
62.3
62.3
62.3
62.3
62.3
62.3
62.3
62.3
62.3
62.3
62.3
62.3
62.3
62.3
62.3
62.3
62.3
62.3
62.3
62.3
62.3
62.3
62.3
62.3
62.3
81.2875
80.8625
80.2125
85.025
87.4
77.6
65.8375
65.38125
82.9607421875
99.6875
98.2
105.6375
79.15
64.55
67.9875
82.310546875
89.7259765625
72.6875
62.2875
46.1
49.05078125
69.4625
71.5125
61.0625
41.1875
38.8875
30.6375
31.2125
37.0875
31.6375
18.125
7.3125
6.779296875
23.4375
32.65
35.9125
39.6875
25.1
22.2
23.5625
26.7625
27.425
16.7375
6.8
8.375
20.05
32.625
23.2375
19.425
23
26.6625
31.6125
27.725
29.8375
8.2125
2.6375
0.04140625
7.7125
17.175
20.1625
19.6125
16.1375
18
16.975
12.575
14.2125
9.425
6.975
7.795703125
17.95
32.2
35.6375
34.7125
29.0125
29.95
33.1
32.4
25.55
12.3625
10.41875
15.1060546875
24.5875
35.825
42
41.5875
46.425
40.7375
31.175
44.0125
51.525
26.1375
16.525
26.9453125
76.3
100.25
82.4125
64.5
60.8375
49.725
50.4125
74.1375
75.6875
45.675
19.2875
30.383203125
48.6125
60.6875
60.3375
60.4625
55.35
53.1125
59.7625
58.51484375
59.875
36.5125
24.50625
29.1642578125
51.375
69.2125
62.325
53.9125
54.25
48.325
56.375
76.15
66.0125
35.725
23.66875
22.0435546875
39.25
33.1625
43.325
42.25
54.175
50.1875
44.375
64.9
95.6625
74.175
29.9
29.61328125
61.675
94.625
50.125
35.5875
27.45
31.275
38.45
38.4625
41.7375
30.325
31.21875
57.7865234375
70.8125
76.275
67.4625
66.125
63.4625
46.175
45
57.3
65.9
53.525
44
59.498046875
83.2875
88.6875
98.775
76.925
62.1
56.8125
62.4875
64.2125
65.6
38.1
16.0125
15.25
54.0375
89.2625
89.8875
81.15
55.1625
47.6
40.9625
43.425
62.025
43.2125
12.7875
14.3125
46.2375
62.9125
74.6375
59.4625
48.3875
49.8625
50.375
66.8625
97.3125
72.8125
45.875
41.1875
64.6
75.225
64.0125
63
56.525
57.725
28.845703125
9.76614532470703
9.60064900517464
9.60000253517646
9.60000000990303
9.60000000003868
9.60000000000015
9.6
9.6
9.6
9.6
9.6
9.6
9.6
9.6
9.6
9.6
9.6
9.6
9.6
9.6
9.6
9.6
9.6
9.6
9.6
9.6
9.6
9.6
9.6
9.6
9.6
9.6
9.6
9.6
9.6
9.6
9.6
9.6
9.6
9.6
9.6
9.6
9.6
9.6
9.6
9.6
9.6
9.6
9.6
9.6
9.6
9.6
9.6
9.6
9.6
9.6
9.6
9.6
9.6
9.6
9.6
9.6
9.6
9.6
9.6
9.6
9.6
9.6
9.6
9.6
9.6
9.6
9.6
9.6
9.6
9.6
9.6
9.6
9.6
9.6
9.6
9.6
9.6
9.6
9.6
9.6
9.6
9.6
9.6
9.6
9.6
9.6
9.6
9.6
9.6
9.6
9.6
9.6
9.6
9.6
9.6
9.6
9.6
18.2875
19.9875
17.0625
19.3125
20.3375
12.825
6.1
4.7
15.0375
6.46875
2.5
6.325
14.0375
12.175
19.1
24.0875
20.0875
8.8875
15.7625
21.7875
37.05
43.815625
48.3
55.4125
61.575
61.3875
58.575
54.8
52.9875
34.625
28.9875
42.4375
54.5
71.853125
67.875
83.4875
65.7375
64.6875
54.7125
53.775
57.05
49.9625
41.2
49.6625
64.7125
76.4
61.3125
89
82.725
59.5125
40.1375
40.975
42.7625
62.0125
63.4375
47.95
32.9
40.765625
33.775
37.375
38.7125
43.3125
43.05
47.225
48.9625
56.15
74.275
49.3
37.0875
48.6
55.4125
62.0875
46.25
35.05
34.325
35.375
35.7125
38.3125
46.6625
37.2125
19.625
32.128125
25.8625
31.1875
39.65
37.725
31.925
32.175
27.9125
28.9
42.275
42.2
56.4625
86.00625
84.8875
97.9
78.175
58.9875
45.7
48.225
51.4625
82.6
96.95
88.975
85.775
88.33125
87.1125
97.9375
99.775
76.1375
67.15
55.25
61.6125
76.55
63.4875
68.4375
75.45
92.740625
92.8375
107.2875
84.975
77.8875
72.7375
63.8375
63.1625
83.8375
64.7125
69.2
79.3
86.828125
76.5125
79.55
90.7125
62.425
59.0125
54.6875
63.7875
88.8625
91.6125
64.5375
81.65
77.8298828125
72.74755859375
68.55
71.225
48.2
49.325
67.675
82.4625
81.75
51.375
23.6125
43.6
92.775
95.825
80.625
92.35
88.975
80.275
67.875
68.15
77.175
80.4375
59.45
46.225
71.55625
73.9125
74.475
88.8375
71.5
47.45
43.9125
45.85
34.35
41.6875
38.0875
47.9
60.275
59.075
59.1
70.125
59.525
55.9125
49.15
53.525
43.375
44.45
27.2625
30.9625
57.4
84.425
111.5875
109.29999875
82.975
99.96249875
76.9375
85.325
100.775
80.8125
48.475
28.2875
60.865625
51.7125
76.2875
95.15
84.975
80.6375
72.2125
68.7625
72.1125
68.35
27.4625
21.9
24.515625
26.6375
32.275
53.2
83.65
90.125
66.3625
65.27109375
79.125
75.0875
26.45
22.2375
27.3453125
40.3
77.75
87.95
84.05
68.9375
70.4375
68.3875
79.0625
67.35
22.1875
19.025
23.58203125
27.925
23.8875
27.05
42.13037109375
43.494649887085
43.4999791011214
51.2999999385327
71.0375
72
32.6
26.9
38.2796875
41.5125
43.625
61.2375
47.1
39.425
34.05
33.925
45.6375
53.475
33.3
53.25
68.153125
75.3375
53.925
69.2
65.55
69.675
58.2125
56.175
67.6875
54.35
31.15
32.35
60.7
69.9625
92.875
96.55
85.65
65.1875
65.55
68.475
63.0375
54.8
35.125
38.9625
60.3125
53.1125
49.5375
49.9125
58.15
57.4625
40.85
31.875
31.6375
33.125
25.65
10.3625
21.615625
15.7375
43.2625
43.225
50.4
40.7875
44.825
45.85
54.775
37.85
11.5
10.5875
33.259375
50.6875
83.1375
87.125
83.1875
91.76875
75.6875
84.1625
113.3125
87.34999875
54.3125
39.725
57.778125
58.775
62.5875
67.1625
57.3875
50.3125
47.5125
51.85
70.3125
74.8125
17.1125
9.6
24.665625
19.1125
12.95
16.2
14.1
15
16.6625
15.475
16.0125
24.4375
24.1375
30.0375
35.903125
26.4625
27.1875
40.1
34.525
23.1625
20.25
30.3625
54.35
70.2125
32.55
26.325
30.471875
28.425
38.625
54.825
54.4125
42.55
45.5
51.0625
76.4
95.85
46.5875
54.1125
109.1218771875
104.8
118.8375
109.975
87.4125
66.6625
59.775
60.0625
64.975
39.7
10.65
8.7875
23.2625
15.425
26.85
45.9625
50.4
45.575
44.0875
41.8
45.1875
34.7125
9.85
10.2625
33.590625
52.95
70.3125
104.775
85.9
59.5625
77.1
83.45
94.125
93.0125
66.525
74.7625
91.4375
106.91250125
88.45
83.375
80.7
66.1
75.15625
65.621875
86.9375
86.175
51.05
56.9875
83.26875
86.4875
84.025
83.375
66.0375
54.4875
45.35
49.65
42.7625
56.075
45.75
57.375
76.3
74.8375
73.275
72.95
74.65
67.5
74.8
80.6375
86.2125
78.2375
63.3125
70.5625
81.484375
81.075
89.725
101.74999875
70.5875
72.4
58.6375
80.675
121.73749875
101.125
74.3625
65.4625
75.365625
68.9375
73.5125
74.5375
69.0125
54.2875
51.1625
43.4625
56.0125
47.475
6.5875
5.175
15.38125
16.425
26.1875
40.6625
61.3375
44.7125
34.8
28.425
36.8125
34.1125
5.95
2.9625
13.88125
17.6875
18.325
43.1
49.075
41.1875
28.85
30.175
39.4
19.275
6.2
6.4
17.31875
17.425
22.85
29.6625
33.475
33.1
32.5875
38.6375
55.3875
47.7125
11.775
9.1
20.429296875
16.675
25.625
28.575
39.9875
58.2625
44.6125
35.55
39.35
35.3875
16.4375
29.4
33.7375
34.0625
34.9
46
46.875
46.1
35.5625
39.5
46.1125
20.125
11.8625
11.85
24.1125
26.225
31.1
42.15
52.2375
54.4375
41.5875
34.55
36.9
33.3375
11.7125
11.1625
23.871875
24.5375
29.525
46.7875
60.7875
59.6875
69.8
89.075
101.575
109.5125
51.4125
31.55
42.346875
50.1625
64.5875
79.225
58.675
50.8875
51.3375
56.65
68.325
42.575
10.1125
5.975
9.278125
6.4
8.775
18.525
26.25
28.2
30.875
24.9375
22.25
13.7375
4.5625
3.1125
6.578125
8.825
16.0125
31.7375
33.1
22.5875
22.85
23.675
39.5
33.8125
15.45
7.5375
11.525
20.6
24.525
25.475
21.7625
18.6875
19.6375
26.15
25.4375
21.1875
23.15
32.175
36.734375
32.7125
29.5125
29.1375
26.6125
17.9125
27.5875
24.2
34.6
29.0875
18.8125
19.2375
25.05625
33.2125
37.85
45.475
26.9
21.8625
20.0375
27.375
44.35
34.65
15.15
10.1875
13.9375
18.0125
13.725
23.0125
22.525
18.1875
20.9125
23.075
33.2
35.6375
14.825
7.3125
19.5125
14.6875
21.9375
44.225
52.2875
111.12500125
174.510440458984
20.8875
19.0875
18.2
5.775
4.7
8.015625
9.025
13.0125
14.975
15.8125
10.25
9.5125
7.05
10.8875
10.0125
3.325
2.425
5.346875
3.4
4.775
7.575
9.6
10.15
10.575
11.15
9.825
8.8
4.0125
3.5625
6.403125
5.2875
7.1875
8.15
10.675
12.3875
10.85
10.7625
7.7
5.3625
2.8
3.25
7.5
7.4125
8.25
15.325
28.1625
21.85
23.025
22.0625
23.3125
16.5
10.65
13.6375
22.1125
19.8875
27.2
30.8375
45.775
48.7125
49.7125
63.7625
66.9125
61.2625
26.6
18.475
29.503125
26.7375
33.725
45.6125
43.7375
38
38.55
59.6125
68.775
87.8875
44.075
28.6375
60.309375
71.175
74.9375
74.225
80.525
70.325
61.3875
60.625
79.275
62.4
19.1875
13.35
26.790625
35.0125
39.0375
42.2
54.725
49.0125
36.375
44.95
57.2375
44.0375
18.0625
14.2125
21.875
19.175
23.9875
27.275
30.3
31.275
38.9375
45.375
69.9125
58.2625
21.5625
17.7125
23.6375
30.8875
35.5375
40.7125
65.775
53.5875
49.4125
35.3
27.6125
22.925
19.525
30.2875
48.003125
35.35
31.65
31
43.05
36.275
35.95
32.625
31.4
23.2125
14.525
15.45
23.70625
15.85
20.175
23.275
27.15
26.6375
27.95
31.4125
37.6875
38.425
19.1625
18.125
34.521875
38.6625
33
31.6
36.325
36.9
39.1875
57.0875
85.275
59.5875
18.3125
8.5375
20.690625
26.725
32.0125
39.475
46.225
45.1
40.75
39.35
45.425
47.5375
29.8
18.35
35.3875
41.4875
42.8875
45.775
47.225
44.6
43.425
60.925
76.475
55.9875
18.5625
12.125
21.25
18.4125
35.2
40.8625
37.5375
37.6375
28.8
37.475
33.3375
29.4625
11.3875
11.475
19.75
16.625
20.2
20.5875
23.175
23.525
51.15
79.5625
59.5125
41.8625
16.1875
17.5625
33.75625
31.6
32.2
34.8125
37.9125
36.825
25.5125
26.6375
25.65
20.0375
12.6625
9.7125
17.509375
16.575
23.575
26.925
34.45
47.8
61.2125
68.9875
86.5875
90.8875
60.025
44.6875
60.6625
82.275
67.9125
67.325
73.4
64.4625
65.0625
56.6
45.825
31.675
13.4875
11.0125
16.815625
22.4625
29.5
42.375
46.675
39.1375
38.0625
43.9375
50.825
36.825
14.6
10.25
19.453125
21.1
32.725
46.5875
57.125
35.45
33.9
35.0625
51.625
32.5375
11.4875
11.4
21.6125
35.4375
39.275
48.85
53.35
41.875
33.9
34.5875
38.575
30.35
10.9875
9.3375
17.696875
20.6
19.5125
16.9
18.575
18.625
18.7125
16.95
16.1375
14
9.1
14.25
25.165625
35.75
33.1625
36.1
43.5875
31.4375
28.1625
31.0875
26.975
20.4875
8.375
8.9375
22.196875
25
27.575
49.275
50.875
47.5625
56.55
66.1
91.5
93.8
54.2125
33.95
53.646875
67.15
73.1125
71.3125
47.9375
41
37.6375
41.9625
41.4125
39.2875
15.15
9.0375
19.034375
31.95
40.175
52.7375
55.6375
58.5375
67.1375
63.336962890625
63.2005350112915
63.2000020898879
63.2000000081636
63.2000000000319
63.2000000000001
63.2
63.2
63.2
63.2
63.2
63.2
63.2
63.2
63.2
63.2
63.2
63.2
63.2
63.2
63.2
63.2
63.2
63.4875
70.3625
90.875
82.5625
44.6625
35.875
59.975
64.3375
79.3875
80.6
75.8875
67.925
64.675
56.75
56.5375
42.5
31.1375
37.9125
47.6625
48.375
46.875
64.3
71.05
72.425
77.3875
76.4625
103.0375
78.35
40.125
41.7375
59.8125
73.9375
88.6125
106.0875
122.575
109.4125
98.5625
87.225
95.6
75.6125
55.825
52.75
75.384375
87.1
74.95
80.325
94.5625
82.275
78.1125
78.8875
110.225
79.7125
48.4375
51.15
74.221875
90.4625
86.7
80.7
82.1
79.825
80.55
105.95
97.5
83.4125
63.3625
58.75
64.70625
70.6
75.6875
79.9125
81.5875
73.175
66.45
65.525
112.925
87.9625
78.6875
81.85
85.334375
66.8625
63.175
78.3875
72.4625
98.73125
115.3375
115.16249875
133.81249875
100.1
64.65
52.14375
63.7541015625
84.8875
84.9625
84.5375
96.8375
86.8125
88.4
77.9
93.1
82.2125
63.375
60.70625
68.0373046875
75.4125
78.6875
99.4
93.8125
90.6125
91.65
88.4625
93.45
84.0625
70.1875
74.8
80.630078125
96.1375
99.5125
101.0875
86.4375
82.2
78.875
80.625
88.4375
98.2375
85.5625
82.54375
101.6427734375
86.2125
77.975
98.3875
96.8375
76.3375
75.55
63.5375
97.875
89.375
52.2375
46.18125
55.2798828125
65.1875
60.075
98.175
94.0625
73.925
61.9375
76.625
129.79999875
102.5
66.1
68.9
43.64609375
77.2625
119.0499975
100.2375
98.6375
79.15
84.275
114.0625
102.1875
90.25
79.7625
91.05625
113.1458984375
