"x"
47.3875
37.65
36.1375
35.25
25.425
14.0625
14.7625
19.2125
30.3875
19
15.9
15.3
20.7625
16.4
25.9
12.4
15.2125
15.1625
10.175
15.825
35.1375
34.2125
44.6
34.15
17.825
12.1375
25.125
19.2
12.5375
12.725
11.5375
17.9875
34.6375
35.3125
32.7125
32.5625
16.4875
18
36.9875
37.1625
36.9375
34.2625
35.3
42.625
53.125
40.1625
25.9125
37.1
38.3
55.5
90.575
81.15
76.1375
72.4125
69.0125
82.75
72.55
49.625
48.825
27.85
30.825
73.225
110.9125
107.6375
93.0625
88.2375
82.025
84.6375
82.6125
65.225
34.3625
32.7125
54.8125
103.5624975
67.0625
28.45
10.6125
10.8
19.7
31.21875
36.9875
27.871875
34.3
44.325
49.05
78.61249875
85.5875
48.2875
68.7875
53.3625
90.075
48.9125
21.6625
32.775
55.825
116.8125
94.925
74.4
125.26249875
150.1375025
114.775
103.3
121.92500125
136.349995
107.80000125
88.9875
59.3125
91.975
112.43749875
71
129.50000125
195.0875
132.42499875
137.525
113.7875
82.9875
56.7125
30.3375
26.95
33.675
47.2
151.725
196.32500125
165.35000375
140.575
123.2250025
101.7625
99.375
94
66.05
45.875
75.975
115.3625
118.3
152.7624975
147.000005
151.7125
143.0125025
126.1750025
117.01250125
76.86250125
27.45
20.2625
18.6375
31.1375
42.875
37.3125
54.4625
56.7375
30.975
46.4375
52.225
56.9875
35.975
22.853125
25.35
40.0375
46.5375
55.6375
50.0375
52.975
41.125
52.75
64.275
55.2125
48.4125
54.6875
42.9375
54.95625
32.7
22.95
27.6625
39.325
44.5875
57.6875
56.9375
64.7
71.8375
75.2625
86.4625
100.325
115.29999875
131.61250125
94.15
81.7375
77.775
69.925
74.125
56.9125
43.4625
31.375
36.75625
45.3
55.225
67.375
69.7125
72.875
73.3
74.6125
73.5
74.175
51.9
25.9
36.6125
25.3875
33.8625
36.275
46.3625
42.08125
44.4625
31.625
43.4625
46.625
33.88125
20.25
22.8375
42.3875
42.4375
59.5
73.825
69.28125
44.35
103.0874975
109.6125
83.15
48.9875
37.2625
37.5375
65.9
44.0125
65.1125
33.65
41.075
42.325
53.6875
73.025
57
42.9375
39.4875
45.925
46.4
40.7875
40.725
45.0875
41.9
53.5125
52.4
44.2125
40.3625
27.9375
22.13125
24.625
31.075
57.625
33.1875
26.9125
19.475
20.6125
7.575
7.6
15.55
32.8625
32.9625
22.925
12.8125
10.25
12.45
50
53.7625
47.4875
45.3875
27.35
32.0125
39.3875
33
48.5125
50.6625
76.9
66.675
55.2
60.275
50.2625
49.4173828125
48.5075576782227
56.0625
37.6625
24.271875
44.35
64.8625
70.9875
78.425
79.4625
86.325
69.2375
60.4625
61.4
66.9125
57.5125
16.3
16.9125
23.95
23.125
15.9125
15.1875
21.6875
27.6625
35.3625
28.2
51.9375
51.125
31.6
30.3375
41.4
52.2
65.7125
52.1375
49.0625
43.3625
44.85
56.71875
66.6125
51.6375
22.4125
29.2375
55.025
62.875
59
66.2375
54.4
59.975
54.3375
65.6875
74.625
41.525
22.6875
38.925
64.95
67.8625
52.9875
59.4625
54.75
60.7875
39.4875
37.4875
39.425
47.4875
54.3
48.25
37.0375
58.175
67.625
80.3875
67.95
60.4
54.8
51.35
48.9125
46.225
30.0125
47.678125
80.2625
88.3625
78.9
80.3375
68.45
61.45
57.05
59.525
69.7125
51.525
26.0375
39.7375
77.725
95.7875
84.9625
96.0375
64.1375
63.1625
65.25
64.3375
74.075
51.4875
38.775
59.9125
69.6125
76.4375
70.8125
73.9
80.625
77.4375
47.3875
60.9875
68.25
54.6625
24.1375
45.25
58.73125
67.975
63.55
77.2625
72.8125
69.675
61.575
59.4375
69.225
45.675
22.4
34.3875
53.25
73.475
104.92500125
44.0125
71.025
56.6125
108.725
105.7375
77.2125
47.1625
17.9875
14.7
17.1125
17.575
9.9
5.8625
7.9
14.3875
66.203125
49.425
115.0875
90.0875
36.921875
37.5
44.6625
16.7875
64.625
74.375
70.05
59.25
38.2125
38.4375
38.9625
58.1625
36.3125
31.3875
30.35
63.7875
25.075
16.6125
16.5875
27.825
32.6
39.7375
51.0375
50.7625
29.3375
23.7875
15.1375
26.03125
68.2125
70.8125
73.7625
59.5125
60.98125
73.5375
83.2375
57.6375
41.0375
48.53125
87.1375
88.0375
70.575
69.4875
67.4625
55.775
60.175
85.4375
90.9875
55.625
26.4625
40.75
65.1
70.1625
69.475
69.325
63.2
63.1125
53.9125
62.0125
66.1625
44.375
16.7375
17.225
37.9125
43.7875
43.1375
44.5
58.4875
64.9125
62.8
80.9375
78.1
57.0125
21.0375
17.434375
16.05
16.85
12.4125
21.525
27.3375
52.7125
56.8875
53.975
71.4375
40.2875
10.85
15.9375
35.225
43.2
33.15
31.4875
30.9125
42
48.2375
23.3125
29.4375
51.1375
18.4875
48.8
66.0125
71.1625
73.5375
58.6875
52.475
50.3375
45.1125
45.3125
46.15
34.15
13.95
36.2375
55.875
59.95
64.1
72.5875
76.1875
59.425
69.875
68.625
60.1
11.525
11.25
18.325
59.7875
57.3875
59.8125
59.4125
65.2125
58.1375
55.4125
56.725
67.1125
39.7875
13.05
12.4375
31.3375
49.625
51.475
46.3375
61.3625
57.675
49.1875
53.2875
78.3875
70.1
38.5875
31.5875
62.746875
57.2875
34.375
16.3375
5.9
9.225
9.0625
10.5875
23.7625
14.3125
22.9875
40.1625
59.25
65.3375
61.925
54.6375
58.8375
55.075
62.9625
65.4375
78.5125
31.2
15.175
19.1375
51.5375
65.6625
13.3
14.1125
12.0125
6.5
15.6375
18.1125
29.425
44.6375
35.0375
24.5
49.9625
50.3375
51.625
49.95
33.475
47.05
61.675
63.675
47.1375
48.5875
26.5125
39.05
46.95
26.225
49.8875
40.4375
51.7625
31.5
19.125
33.95
41.134375
23.5625
20.6125
15.54375
24.5375
36.525
34.4375
44.55
47.6375
20.825
42.2125
50.6375
88.7375
91.3125
63.7625
79.9625
81.45
43.5
59.28125
71.425
62
52.2625
60.5
64.8125
77
46.1375
19.075
31.575
72.4875
76.9625
73.375
88.6875
73.0375
60.7875
48.3125
61.7875
69.5
42.075
20.525
30
51.1
70.4625
64.0125
86.1125
81.675
81.35
78.9625
67.425
65.6
51.7125
16.1875
18.1875
38.9375
62.625
49.7125
68.825
60.875
33.7125
36.4625
44.5
39.0625
50.475
32.475
38.175
55.15
45.3375
32.675
39.325
43.175
54.45
55.1375
56.8625
59.7375
45.7875
28.0125
42.825
50.628125
56.5875
67.8125
74.05
74.5625
72.475
59.7
76.0875
83.0875
46.15
62.0125
56.2
61.8125
61.675
93.8625
97.1125
85.5875
70.675
60.4
74.9625
79.8375
50.8375
23.725
33.225
66.5125
53.15
72.4375
38.75
65.8625
53.2125
57.8125
76.31875
92.0625
48.7875
28.1625
54.8375
87.5875
108.875
85.9125
73.3625
59.7
51.35
49.2375
66.4375
82.8375
58.834375
41.025
46.9375
78.325
58.2625
62.675
50.7875
45.2
46.4625
37.5875
31.3
27.0625
21.2375
8.3
18.6375
59.6375
66.1125
42.3375
24.725
3.65
19.1375
10.1
17.2375
15.9625
10.575
9.925
16.675
17.9625
23.2625
50.4625
49.8125
47.825
46.825
44.5875
37.3125
31.275
18.640625
11.175
15.5125
26.675
41.5625
54.1
22.6125
40.4375
59.075
38.9
10.3625
23.1
11.9125
5.5375
5.675
27.4625
57.5125
69.6875
63.125
51.5
46.125
50.3375
68.4375
86.9625
48.75
13.025
18.4125
44.625
55.0375
55.775
46.825
36.2125
32.7
45.4125
65.7375
69.075
60.0875
42.575
68.0875
93.075
102.1375
65.9375
20.0875
31.05
44.275
98.81250125
120.4875
93.325
100.7625
110.9125
116
126.16249875
94.9000025
73.6125
67.575
17.1125
13.8375
53.425
97.225
93.475
93.375
80.475
94.0125
111.246875
115.075
109.875
96.3
62.0875
28.5875
63.5625
39.525
74.8375
49.0875
33.3625
58.475
54.925
57.4625
44.4875
7.8625
2.3875
3.6125
4.825
21.3625
52.6375
58.75
58.2375
57.95
40.35
42.5875
35.3
36.8375
35.7625
26.825
27.1125
66.125
81.8125
85.3125
72.75
42.1625
49.4875
82.625
37.425
25.525
25.575
30.725
32.1
44.7875
81.275
90.35
73.5375
74.2375
71.375
74.3375
79.7875
70
87.1125
61.9375
56.3125
66.3625
84.0875
56.975
41.0125
39.75
95.525
82.0125
42
29.95
19.8875
30.05
32.6125
69.525
106.15
68.1
54
44.4375
34.15
41.4375
49.3625
30.0875
22.7875
17.025
31.7625
53.4625
84.1625
71.890625
69.0375
71.5
60.7
52.125
64.0375
39.2625
31.5125
28.8875
29.8625
33.4375
65.325
54.85
25.8875
23.1875
29.25
34.6125
34.5875
38.325
34.8125
23.25
30.8125
29.275
25
19.6125
22.9
25.3375
54.7125
38.7
32.525
31.25
37.95
36.825
33.8625
35.725
35.4625
26.5
15.6375
27.825
29.825
36.9
45.6375
32.8125
51.1625
59.325
65.925
70.2375
88.35
72.49375
58.025
61.8
63.1875
61.2
54.55
44.9125
43.775
43.325
49.1625
82.5625
105.55
70.2125
43.375
40.425
60.6125
51.725
63.4875
51.8625
48.1375
48.55
47.4625
61.0125
68.5875
24.7625
8.121875
14.0375
28.5125
40.8625
73.9625
61.825
57.575
60.2125
57.2875
66.2625
87.1625
54.475
36.0375
25.6375
20.9
44.1125
90.025
76.5625
59.0875
87.55625
90.765625
83.15
67.875
73.021875
80.4625
86.025
86.8375
71.5
81.85
77.0625
44.1875
12.6
16
26.7625
49.5
48.8
41.7
36.3625
38.4
77.1
77.1375
48.9125
17.325
31.325
18.0125
31.5875
48.65
49.4125
45.3875
51.125
56.85
44.5875
45.0625
21.6125
12.9625
24.3875
18
45.85
51.7875
33.484375
35.5375
47.25
29.51875
24.8
21.375
14.9625
9.775
12.8
14.6375
20.1875
19.3
3.325
3.5
14.6625
20.675
22.9
34.61875
37.85
33.725
35.6375
47.1375
59.925
67.975
31
25.875
36.975
49.125
47.225
70.0375
67.4
58.325
56.95
54.45
60.4875
50.7625
14.3
5.15
20.0375
39.0875
44.6
61.6
56.7
48.8875
45.85
45.6
60.85
67.7625
14.8875
12.6375
16.3625
26.6
41.025
53.3625
37.525
33.925
28.4625
32.9875
18.0375
12.8375
7.1375
10.5625
15.3625
22.3625
30.675
38.85
38.9625
33.6875
40.775
44.0375
51.95
25.2625
10.9875
7.3125
12.3875
21.95
33.8125
56.1125
59.65
46.1625
22.35
18.475
23.0375
20.4625
8.7
15.6625
47.8375
70.6625
90.6125
115.5875
88.8375
59.75
61.95
74.025
85.5375
70.6125
34.55
32.6625
57.625
56.1
64.325
24.275
26
26.1
32.9
52.9875
57.6875
44.6375
11.1
7.0875
16.65625
31.6875
38.9375
60.125
62.3625
50.575
57.3875
60.8375
45.775
23.5125
2.9625
2.775
6.65
15.0375
21
22.8375
20.025
17.5125
13.575
20.33125
68.25
17.9625
28.1875
38.075
57.9
81.05
107.3625
114.775
62
51.8375
57.8625
61.9625
60.8625
83.4
53.8125
39.1
54.0375
65.775
53.9875
60.4
42.9375
41.5
17.65
21.075
18.675
17.125
17.725
29.15625
34.021875
69.0875
53.925
56.15
49.7
33.15
42.3125
41.753125
44.4875
47.15
26.01875
26.675
27.9375
31.075
36.7625
60.175
40.25
31.2875
33.85
32.6875
33.9875
35.6125
32.775
48.4
35.5625
27.525
28.075
29.375
32.6875
35.275
43.45
55.375
68.875
68.2875
52.15
65.11875
77.725
83.18125
88.15
94.1
84.825
59.9375
60.5125
64.55
77.4125
79.5375
71.8375
76.953125
77.7375
79.7125
90.7375
87.8875
65.6
62.05
36.2375
56.45
61.1375
77.8625
82.975
71.8
38
48.9375
63.575
78.8875
69.375
68.025
54.925
72.175
91.225
80
46.1125
48.7
65.6375
70.775
84.925
84.4625
58.3
82.0875
48.8125
37.3875
61.6125
62.375
41.7125
34.325
25.6625
34.7875
37.725
39.8
31.7125
22.125
20.175
20.775
35.025
49.1375
54.1
55.75
68.0125
71
81.0125
80.475
72.1125
83.725
77.9375
43.925
26.6375
25.075
18.9
17.95
32.2125
34.6625
53.1875
53.45
65.3
61.45
59.4125
64.6875
60.1125
45.7875
32.6875
33.6125
55.41875
67.9
77.375
87.875
94.91875
81.5625
70.375
78.7125
92.5125
73.125
31.3625
25.8875
41.8875
64.4375
63
68.975
75.2125
70.4125
75.3
65.8125
70.2125
73.7875
68.7875
72.0875
88.175
116.4
127.975
128.84999875
101.3375
84.0125
80.1
84.8375
107.0625
92.125
50.725
40.85
43.053125
49.7125
76.29375
76.3875
65.6125
70.7125
59.825
61.4875
83.6625
81.7375
37
29.475
42.875
64.5125
85.5625
94.8625
84.025
54.6375
47.2671875
48.4125
64.725
49.2875
14.7375
9.2
14.3875
29.15
43.2875
39.6625
38.6
37.3
35.85
40.1875
35.2625
20.9125
18.975
27.65
41.2875
57.940625
81.025
90.875
82.7
59.675
78.8625
90.7375
93.0125
41.6875
26.2875
34.5625
66.6375
48.675
69.9375
72.15
60.475
40.425
39.7125
29.5
41.975
38.1375
16.175
14.878125
27.775
34.3875
43.075
68.25
82.375
67.25
61.6875
66.1375
79.5125
64.1625
24.5375
19.875
32.05
47.85
67.5875
64.825
86.6875
70.2375
52.0625
50.3375
59.525
43.9
17.8625
10.275
15.7
27.0875
37.8
45.025
52.175
48.1875
43.475
51.825
53.1125
45.775
15.4375
11.425
17.221875
29.325
40.9875
59.8125
64.3125
50.275
53.025
63.6375
66.7875
60.75
20.575
17.15
25.3375
41.8875
53.425
61.7125
73.45
73.3875
69.4125
61.75
58.5125
56.2375
58.9375
65.9875
82.9625
98.2
100.60625
82.55
79.5
62.175
56.925
69.5
68.925
61.15
58.0375
48.25
41.46875
54.7125
55.2375
74.575
70.175
74.6875
70.8375
66.575
75.025
66.375
45.55
45.4
43.975
71.875
79.125
80.5
70.1375
45.275
35.7375
40.0875
55.2375
44.525
22.5375
22.225
34.1375
46.375
64.0875
71.8375
72.6
62.525
60.35
68.925
70.35625
70.075
63.2
61.68125
59.425
73.00625
76.85
73.55
62.2875
42.1
21.1375
31.775
62.3375
51.0625
20.7375
17.5375
27.2625
41.4625
43.8
58.275
51.2
32.1375
29.5875
40.6375
63.6
63.9125
55.6625
58.9625
57.5375
62.3
66.0125
67.7125
77.2
77.5875
79.9
68.8
59.1625
61.325
50.4
44.975
55.025
56.925
52.6
58.5125
64.2625
45.3625
26.6375
28.0125
40.65
35.1
31.5375
32.8125
43.2125
51.6
55.475
56.2375
44.0875
44.7
42.4625
46.3078125
43.625
40.1875
14.1125
9.65
12.9625
22.3875
37.6875
49.55
62.6375
58.28125
59.9125
57.5
41.1125
13.925
10.5125
11.575
14.6375
24.45
35.375
43.35
41.75
33.2875
37.225
28.3375
27.2375
9.9
7.8
10.3
12.925
18.5875
39.1875
48.925
48.15
30.4
23.1
24.475
28.225
22.96875
12.775
9.925
13.3625
16.4125
22.6625
27.0625
46.05
51.825
67.075
78.45
66.55
31.6625
9.2375
6
10.7875
17.75
23.55
28.575
27.9625
31.0625
32.6875
41.1
22.375
19.6875
22.546875
33.1125
29.2375
36.075
42.1
47.6375
50.1
45.5875
47.35
47.8625
46.0125
34.0875
26.6
35.91875
42.275
43.7
60.275
68.55
65.525
50.83125
48.8
44.7375
45.65
26.475
10.35
7.0125
7.125
9.475
24.9875
32.775
32.85
31.45
29.7625
25.2625
18.35
9.625
2.8625
2.853125
3.0625
4.75
9.1
11.9
12.2375
25.6
40.0125
38.175
36.125
21.0375
9.5125
18.2625
33.1875
20.9
28.45
42.2125
54.85
50.0125
43.4125
43.7375
46.6375
19.8625
6.1875
13.2875
28.7625
32.7875
32.2625
23.475
21.6375
24.35
30.9
21.6375
14.675
12.225
6.525
7.7875
28.6
58.5875
62.1625
62.8375
53.2875
45.3125
40.75
38.425
22.6875
17.5375
18.2125
5.375
4.1375
20.35
38.9875
37.675
36.8625
37.75
44.0375
44.3375
43.7
45.3
65.275
55
54.125
45.3625
39.8625
41.8625
44.4375
53.9875
61.259375
49.85
45.1375
44
45.9375
52.35
59.071875
58.625
59.925
63.4375
65.74375
53.975
33.1875
34.975
52.2125
50.5875
44.0875
44.7375
30.1375
33.25
41.1625
64.8
60.2375
48.875
32.0375
52.7375
64.2625
53.15
27.95
29.7875
48.9375
44.6625
57.8
55.5125
53.8875
43.6
47.15
51.0125
54.65
46.225
23.325
19.6125
29.578125
26.9375
32.2625
41.1875
53.9625
57.975
58.8
59.875
57.3375
52.975
47.375
59.875
58.775
61.3375
62.7
70.5125
88.66875
84.9375
80.525
80.7125
82.3875
82.5625
17.4875
14.75
22.7
36.65
56.025
60.4375
60.725
58.5125
40.0125
39.55
47.7875
31.5
17.25
14.5625
27.875
32.975
26.875
30.25
32.325
24.4125
16.6875
17.225
19.9625
13.4
9.45
11.225
21.6125
34.14375
33.625
45.225
54.1625
61.2125
62.3875
51.8609375
50.45
47.25
43.4875
59.6375
64.475
62.6375
74.9375
80.2625
84.6625
81.15
74.6375
73.7125
71.8625
53.3625
45.8
38.225
29.15
47.5375
46.925
48.25
61.16875
34.7625
74.65
52.25
27.1375
27.8875
20.0875
29
40.8875
45.3875
45.4625
47.1
42.0875
28.725
24.2875
20.5375
26.425
16.4625
14.8125
22.75
21.2625
23.6625
35.775
51.275
57.7125
53.425
46.4375
23.7625
43.8875
30.8875
11.3375
11.65
12.09375
38.5875
61.4
65.2875
70.075
40.675
21.1125
21.65
21.875
21
28.45
30.5625
54.1125
38.7
32.0125
35.575
35.1125
33.8625
31.3375
24.325
24.2
22.9375
14.625
13.15
23.175
49.1375
59.2625
47.725
36.9
26.3125
18.9875
27.2875
46.76015625
46.85
41.9625
43.5875
44.6125
49.6875
54.9375
58.6875
67.7125
37.8125
34.465625
53.7
37.2875
53.0125
56.1
53.35
55.7625
62.7375
67.6375
64.2375
61.3125
59.3125
59.3875
57.8625
47.6625
49.5875
47.0625
47.9
51.25
52.6
62.0125
58.7125
57.2125
53.525
52.825
59.7875
56.5625
42.8625
42.575
41.1375
47.346875
59.775
63.05
57.775
53.7375
50.2
49.6375
44.45
41.2875
35.4125
24.775
38.3375
39
46.4375
56.725
66
75.5875
76.075
73.9
44.025
30.1625
24.2625
18.125
19.3125
35.4625
59.575
81.925
92.4
101.7375
92.8125
93.25
89.875
81.6
72.1
29.825
23.4625
41.903125
58.25
67.3375
68.7125
63.3
58.025
54.5
40.4
25.1625
14.15
10.625
16.6375
25.35
28.4625
37.975
72.3
83.3
77.125
75.3125
67.8875
62.975
47.2875
26.5875
18.5375
25.5
38.65
49.9375
65.4625
70.85
71.1
74.4
69.4
67.075
66.1625
41.6
27.95
40.3625
43.80625
49.85
50.4125
54.8125
30.0625
30.9
40.875
74.3
79.7875
51.975
25.55
32.2625
58.8375
66.1125
78.125
79.125
76.0625
70.2
68.265625
66.0375
67.1875
35.8875
15.925
22.625
39.175
50
65.825
72.8625
69.45
67.35
60.925
60.9
37.36875
12.7
9.4375
11.425
18.31875
30.3625
50.2125
69.8875
72.5625
68.475
62.925
54.825
54.2375
28.2625
15.2
17.675
21.3
23.425
23.275
33.8375
37.15
52.6125
52.9625
53.8125
52.25
37.3
54.6
68.1
71.8875
77.8625
85.9375
86.675
77.65
75.4875
68.6125
62.525
48.5625
44.0125
47.3625
60.375
75.475
80.1125
89.2375
85.0375
86.375
91.3625
91.775
84.5125
76.4125
43.1625
36
42.425
54.7875
72.1375
80.9125
81.1375
73.1
66.2
68.075
70.125
79.9625
52.45
41.475
43.2
68.8875
62.5625
45.4875
28.5375
24.6
18.9125
22.2625
38.275
25.05
11.6375
13.2375
21.4875
29.11875
32.8
25.075
10.4875
7.5375
10.5875
22.4625
41.3
36.7875
34.375
27.8125
42.55
35.4
47.375
50.3
15.3875
14.225
48.3875
39.4875
48.0625
22.4875
47.75
51.875
52.7375
54.15
65.1875
75.79375
82.7875
80.1
89.45
83.4875
73.25
75.9125
56.075
52.7875
62.675
70.428125
67.125
77.125
73.15
70.225
65.8
66.425
69.5375
77.1125
50.2875
28.2125
43.675
74.525
82.6375
93.5125
85.6
82.61875
74.3390625
83
76.3375
75.8625
59.825
51.0375
56.15
63.9625
74.5
72.925
46.3
34.1625
18.5125
14.7875
56.3125
72.2875
50.75
23.2625
31.575
52.525
59.325
62.85
45.75
44.6875
43.4875
35.8
59.9625
61.9375
43.10625
23.3875
24.675
50.0125
60.775
61.3
57.6125
62.0875
60.6375
61.1125
55.15
50.4875
37.65
47.6375
69.85
81.725
91.45
84.575
81.925
78.65
68.625
67.15
58.95
54.75
48.2
56.875
61.9625
59.175
46.55
46.8625
30.7375
21.8125
21.3
29.9125
46.25
62.7875
40.2875
26.8
44.675
59.675
51.2625
45.8
28.325
19.2
18.575
23.2375
49.0375
54.9125
25.2
17.0375
24.9875
43.1
55.4125
44.5375
21.95
22.325
18.7
25.8625
47.075
54.1375
30.775
19.6125
21.6375
24.7625
35.1375
40.1
47.45
37.975
24.9625
21.75
57.225
69.2625
56.925
34.19375
17.4375
57.6625
58.9625
55.375
55.6875
48.55
46.9625
43.225
38.725
38.6875
38.2
22.875
27.6125
24.0375
31.9875
36.875
32.575
35.125
35.7125
37.525
42.6625
50.7
29.4875
14.2375
21.5625
33.1875
43.65
53.8625
48.25
42.5375
38.2375
41.6125
44.9375
50.45
40.696875
40.925
66.3
93.6125
105.1875
112.725
70.4625
51.5
51.2625
51.5625
57.35
78.65
52.9
44.35
43.2875
45.75
66.2125
55.9375
61.025
54.0625
46.30625
53.0875
58.0125
52.8125
25.45
12.0375
18.6125
29.78125
32.675
35.575
35.575
33.55
35.025
34.175
32.075
30.4375
21.803125
14.9375
21.4125
25.0375
36.4875
33.0375
34.9125
33.2375
32.2125
29.4125
29.1
33.2875
41.675
53.325
58.5875
69.1625
72.7375
71.8875
81.5875
56.8
48.5125
55.625
55.1125
59.675
57.5625
63.775
72.825
85.7875
89.7625
77.7
82.4375
73.9
69.075
68.5375
64.25
68.4625
30.5375
30.7
45.7
44.3125
63.6
72.475
55.2
70.6875
57.4875
53.575
54.875
52.4625
44.8375
39.6125
53.3625
50.25
78.4375
83.425
75.2375
56.3625
57.2625
55.15
56.55
63.175
44.2
24.8
44.375
48.4625
67.65
65.15
57.0875
64.9875
69.175
56.825
50.575
53.1625
33.6875
19.9625
15.85
41.4125
52.9625
57.9
40.575
37.1625
20.375
26.5875
26.9
52.1375
35.95
26.1625
32.875
46.25
59.9125
50.2625
63.5
54.4
44.6875
44.525
28.2625
31.7875
34.3
40.3125
47.4
63.025
70.1625
45.2625
26.9
15.55
6.6625
10.95
19.25
30.2
16.6625
37.5375
40.709375
