"x"
56.9
56.9
56.9
56.9
56.9
56.9
56.9
56.9
56.9
56.9
56.9
56.9
56.9
56.9
56.9
56.9
56.9
56.9
56.9
56.9
56.9
56.9
56.9
58.8
35.0125
42.9625
35.2
31.625
28.6875
23.4
18.375
27.325
41
47.3125
48.8
38.44375
40.6125
57.2
33.475
21.925
19.75
15.1
16.325
16.825
28.75
31.05
23.20625
15.634375
21.075
28.4875
31.7875
44.125
33.975
26.7375
30.8125
32.85
44.15
54.7625
65.375
74.125
60.7875
44.05
43.4375
30.025
27.0375
22.4875
24.728125
33
28.925
22.6375
19.65
14.99375
27.1125
41.9625
56.425
49.6375
48.475
42.85
57.8
83.65
60
33.95
25.59375
41.015625
53.2375
49.5125
30.4375
27.5625
24.4875
28.0125
35.6875
81.8625
132.56249875
99.075
106.99375
109.178125
96.22500125
53.7
43.2875
37.85
30.325
30.375
29.8875
58.55
76.25
77.2375
90.78125
109.934375
123.13750125
98.3
68.9125
36.6625
32.075
36.6875
40.2625
46.875
63.4625
73.1375
44.65625
31.928125
37.85
51.95
57.025
41.425
32.0625
25.925
28.05
28.05
42.4
36.9625
31.19375
37.428125
66.2375
89.25
68.8875
40.9125
39.05
43.8390625
51.9988342285156
52.0996048212051
52.0999984563328
52.0999999939701
52.0999999999764
52.0999999999999
52.1
52.1
52.1
52.1
52.1
52.1
52.1
52.1
52.1
52.1
52.1
52.1
52.1
52.1
52.1
52.1
49.925
52.275
57.3
68.475
62.55
68.2625
71.16875
68.240625
81.5875
84.525
70.175
29.775
25.1
25.525
27.45
34.05
41.975
49.6
55.5
60.55
69.075
71.0875
57.525
30.9
20.125
20.2375
20.8375
13.35
23.25
28.9625
28.76875
30.815625
34.8875
33.075
34.95
28.7375
27.4
22.1375
23.625
33.5125
34.8125
18.1375
9.0375
15.9
42.325
55.6
62.9625
63.1625
56.95
42.85
35.3875
31.8375
27.1625
15.6375
14.45
17.4875
28.9625
37.6875
43.3125
53.975
56.915625
56.22578125
60.9125
56.2875
32.8375
18.3375
9.675
10.95
13.8375
18.275
20.825
20.3875
27.075
43.675
67.7875
55.4
46.4375
35.45
30.825
42.3875
52.5375
62.8125
50.7
53.725
35.1
32.2875
32.075
39.6
43.1875
40.2875
38.9125
50.6375
63.85
55.275
58.25
47.1875
37.5875
31.575
26.45
27.5625
20.1
11.5875
7.2125
12.675
26.55
22.6625
22.8875
21.8125
18.4625
19.6
17.6
13.13125
11.5
10.125
11.8875
11.6375
16.9125
27.5125
38.8
22.45
21.9875
21.75
25.75
28.45
23.3625
14.025
16.8875
25.7625
34.125
41.0125
34.4125
38.65
41.875
29.1375
30.9625
37.05
19.45
11.625
14.1
23.7875
30.7875
40.35
52.9125
54.6375
58.3625
58.3875
58.425
72.075
60.025
31.3875
18.5125
32.1375
64.625
72.35
69.9
53.425
39.8375
29.8625
39.0375
27.1
24.6125
17.2625
11.4
17.71875
46.5125
57.85
58.2125
60.425
71.5375
77.125
70.5125
66.925
58.4625
63.3
62.925
72.4
80.975
78.3125
92.4
75.875
71.625
74.1625
67.6
69.36875
59.821875
62.2
49.475
64.7
71.0875
68.15
68.525
72.775
72.3875
59.6625
54.8375
60
55.4
53.6875
60.45
52.325
58.925
67.05
72.4375
75.1125
57.8125
59.9
66.275
73.9125
68.5875
43.0125
44.4875
59.7375
67.875
59.8125
68.15
63.6625
51.7625
48.2
46.0625
49.2125
44.9125
25.4125
21.825
25.4125
36.2875
32.925
39.1125
40.2375
33.4296875
30.6202331542969
32.1625396728516
35.525
34.125
27.925
24.25
24.7125
30.8
37.6625
40.2625
41.55
43.6375
44.625
44.0625
44.9
46.9
47.6
48.2
49.1
54.1875
56.4
57.3125
56.125
51.65
53.375
52.0875
50.45
45.475
45.8875
47.225
50.375
50.3
49.1875
47.36875
48.775
48.2375
47.5875
48.5375
51.425
49.45
44.4
43.025
44.8875
52.5484375
49.6
50.45
55.85
49.8625
52.59765625
50.3125
48.7875
52.3125
49.0875
50.0375
52.375
55
56.2375
54.8875
53.575
48.7625
42.3875
40.2375
43.6375
45.1875
42.7125
44.15
47.8125
48.45
46.225
47.175
45.1125
41.85
38.4875
33.625
35.2375
32.575
23.325
19.1875
21.38125
41.1375
46.30625
55.2125
53.475
48.2125
39.475
34.8625
41.5125
34.7875
32.325
35.875
33.2
33.5625
30.925
28.1625
26.85
27.85
32.05
28
27.5
21.7
12.825
13.8125
19.03125
26.8375
25.7
33.25
35.125
31.35
34.2625
39.7375
39.6125
30.2
12.5625
10.54375
17.359375
25.6375
31.3625
33.1
37.9625
37.9125
37.4875
36.375
39.7625
32.5875
25.325
29.375
35.35
45.775
53.3125
57.025
59.4375
42.875
32.5875
40.5125
55.925
51.2875
22.175
22.325
32.175
41.9875
53.8875
56.225
56.475
45.325
51.7375
51.375
50.025
46.6875
39.25
40.9125
45.8625
52.125
59.8625
66.4875
65.4875
54.6375
48.3375
50.2375
58.55
53.775
25.6
16.025
20.2625
37.5
49.775
53.3625
62.2125
36.0125
23.725
35.35
44.725
33.8
10.9875
3.025
3.9125
9.1375
13.8625
27.9625
37.7125
31.4
24.9875
22.65
15.6125
12.3125
6.875
8.5125
23.0734375
33.3
38.7
57.0625
49.7
40.625
42.7125
41.575
46.0375
35.7375
28.025
33.875
45.4
44.35
47.425
44.075
49.825
53.3875
39.8125
48.6125
57.175
62.4125
40.05
37.225
50.275
56.225
69.375
72.9
62.0375
42.8
24.85
26.5625
51.4125
47.4375
20.675
15.55
18.875
29.25
39.475
45.365625
49.13828125
44.4875
37.975
43.075
43.975
31.775
13.575
9.90625
22.440625
46.525
49.725
73.825
79.2
44.3375
37.4375
52.7375
74.475
57.35
48.2375
53.35625
58.434375
54.475
52.5625
56.3125
54.9375
49.85
45.55
41.925
52.2125
49.7875
46.9375
49.1625
52.63125
63.2625
72.55
82.1
76.9
63.5625
44.6125
34.8375
53.7
70.5625
52.8625
57.95625
59.834375
61.3
65.725
76.8125
76.25
46.4
37.2125
49.5875
51.275
38.575
34.9375
33.0625
20.9875
33.9375
50.875
54.9875
79.1875
58.5125
39.975
30.5375
65.375
59.7625
18.4625
13.06875
21.803125
58.9375
77.075
84.5875
50.9875
53.6625
57.9
52.025
53.4875
38.225
30.625
27.20625
43.453125
39.9125
41.7
47.075
49.7
48.0875
42.6625
36.7375
42.6625
41.1875
16.8375
15.33125
30.134375
49.05
57.8
62.4625
56.025
50.35
39.825
41.025
59.1
53.5375
46.6375
43.7
47.6625
52.9625
57.375
71.3625
82.35
82.15625
75.4375
80.475
71.6875
55.1125
41.75
48.675
58.3
64.775
58.275
50.875
40.1625
34.825
35.0625
34.325
37.625
37.2
33.0375
37.1875
45.9625
44.9
43.8125
44.7875
57.6125
53.3625
62.25
62.2
52.7875
48.5875
46.7875
51.7375
56.3
63.425
75.2625
76.375
79.4875
56.4875
41.0125
52.7375
67.625
64.05
35.3375
29.225
46.95
66.75
48.75
64.1375
47.9
41.925
25.875
22.875
26.5875
11.8625
10.5375
13.55
18.0125
29.3625
43.9875
68.2625
73.725
52.4
35.3375
48.8125
71.85
67.5
53.7375
23.8125
41.7375
58.525
61.8
66.5125
65.95
33.7375
35.725
25.35
39.025
36.8375
14.8375
8.5
10.925
29.7375
45.6
53.5
45.8375
32.35
28.9875
34.95
52.9375
51.8
23.6625
20.2125
41.4125
57.3625
47.4875
41.0625
44.7875
35.4125
33.3125
44.1625
37.15
29.3
36.9125
37.31875
39.465625
62.225
74.175
74.4625
70.125
39.025
34.475
34.9375
40.0125
42.1
23.71328125
16.89375
22.059375
29.825
40.3375
44.2375
45.1875
32.15
38.25
41.25
43.5
53.1375
31.4625
34.775
49.45
60.7375
62.9875
59.425
50.475
29.4
23.3125
26.525
41.7125
57.225
31.0375
22.5625
31.325
46.025
41.8125
62.5
68.8125
54.35
50.25
47.7125
33.9875
19.1375
7.4125
6.275
10.6
16.675
26.45
36.725
45.2875
41.375
42.8125
54.1375
65.7125
60.7875
50.8125
57.0375
59.0875
67.5375
84.65
100.225
87.1
55.9375
29.6125
32.0875
52.8125
53.1875
38.5125
26.275
44.6875
56.5375
64.6
62.1625
59.55
27.975
24.2625
25.95
23.0875
25.25
14.35
10.9
11.25
17.6875
23.5
41.0875
56.6125
61.175
54.625
50.125
48.9875
47.65
33.775
26.8125
26.2
46.3
42.6
47.775
43.2625
37.6875
31.5125
29.8375
46.3125
44.925
30.8
43.9125
51.975
62.5
74.1625
72.625
75.6875
72.675
74.875
76.225
69.625
53.25
46.225
45.38125
50.540625
58.7125
67.9
68.6875
64.175
58.8875
59.1
57.35
54.0125
48.3875
30.5625
28
36.2
46.45
48.475
53.475
57.2875
49.74375
35.5875
51.1875
53.875
60.4125
44.125
39.95
75.2
82.525
86.5125
92.775
86.925
44.625
40.1
41.6
61.9125
72.1125
36.4
19.65
20.1
24.2125
36.9375
24.125
15.625
7.95
7.3625
8.35
8.1
6.0625
3.0625
3.6375
5.95
12.1
54.6125
65.2875
54.775
30.7125
21.6125
18.2125
23.125
25.85
17.125
9.40625
8.640625
16.4625
24.7375
28.875
48.875
35.025
31.9875
26.05
27.2875
36.1125
17.25
20.49375
25.571875
44.875
57.725
69.2625
71.9625
50.7875
51.1
65.7
58.325
57.6625
69.15
71.8625
50.7125
44.35
40.7125
60.1625
55.5125
32.85
21.3125
23.8
31.5125
51.5
31.5625
15.0875
7.1125
13.3125
29.175
45.75
51.0625
36.6125
32.65
32.75
33.375
39.8375
19.275
5.65
7.2375
20.5375
48.8125
59.3
40.925
31.4375
23.725
44.8625
76.625
62.875
51.2625
43.975
39.525
41.575
45.4
49.9875
63.7
61.575
65.5625
66.4125
69.4875
67.4875
62.125
57.85
58.6375
62.625
71.8125
85.025
71.7625
35.3375
28.2625
32.375
51.55
48.7
42.375
42.65
48.125
50.2625
57.6875
67.725
60.0625
33.475
40.3625
52.9
50.05
50.9
38.2125
34.4875
37.9
51.65
55.3
59.8375
54.575
36.7375
23.7125
32.8375
48.6125
50.3375
41.65
38.9125
32.35
37.725
40.4125
37.5125
37.8875
28.85
21.9625
25.475
36.3625
41.9875
24.325
12.2
11.6125
15.875
25.5625
19.1875
21.5375
33.875
57.725
54.7125
64.0125
58.6
40.8
41.4875
43.45
46.2875
50.075
53.075
49.225
37.35
38.9515625
38.36796875
38.9625
36.8125
24.2625
16.65
30.325
30.05
37.675
43.65
42.8125
49.65
62.8125
64.1625
66.9
56.8
43.1375
44.0625
50.6375
59.6375
67.9875
75.3375
50.9125
27.175
24.9875
37.375
46.3875
51.15
47.8875
49.4875
53.075
65.025
69.2
74.775
77.5
64.9875
52.0625
43.975
45.9
49.6875
42.175
40.5375
45.1
52.875
51.6875
52.975
53.3375
45.475
37.4125
36.2625
42.9375
42.9
36.35
34.61875
39.690625
54.4125
61.4
60.425
57.4
44.9625
41.5875
44.5375
48.8625
55.3625
52.9875
53.8
53.8375
54.5875
58.85
67.475
54.1625
42.4
41.1125
46.65
62.625
75.5375
70.075
57.7875
52.86875
62.1625
66.55
76.95
82.025
38.7
35.6
43.6625
76.2625
75.4375
66.1625
65.55
68.39375
62.225
58.2
58.9375
43.325
15.225
12.8
9.8875
13.515625
15.4625
11.016796875
10.495719909668
11.5874837398529
19.4
23.3375
41.8875
50.8125
41.375
21.05
36.75
45.6875
44.025
42.7625
46.275
54.9625
66.625
85.2625
87.625
62.7375
29.5125
29.3375
52.0125
62.3375
66.7125
50.3375
47.95625
49.603125
58.325
70.325
79.3125
53.7875
22.6125
68.335546875
97.8400802612305
97.9993753135204
97.9999975598184
97.999999990468
97.9999999999628
97.9999999999999
98
98
98
98
98
98
98
98
98
98
98
98
98
98
98
98
98
98
98
98
98
98
98
98
98
97
92.1625
75.025
45.925
44.3140625
59.6
80.375
80.45
66.3875
64.88125
71.290625
81.0875
78.7
82.225
44.575
25.5
25.2375
21.1875
45.975
53.1
51.8875
56.5625
61.0625
70.4875
76.575
83.7875
63.45
39.3375
28.9125
43.1625
66.8125
73.9875
58.8
61.18125
64.303125
66.7875
56.825
58.775
55.925
48.4125
46.0375
42.9
55.475
53.8625
42.1625
43.15
47.7625
66.7375
74
74.625
50.5875
25
16.9625
17.1625
28.9625
51.8875
42.825
17.79375
24.271875
36.5625
57.85
72.65
54.975
27.8875
22.5
27.2625
48.175
49.5875
48.8125
49.275
52.275
62.3
52.35
65.075
45.3875
30.7875
24.3625
26.5375
36.05
53.3125
36.8625
19.2
19.4125
31.3
40.475
43.5375
33.35
22.1125
22.2
18.25
23.3125
37.775
25.1
7.89375
6.696875
17.0875
31.45
31.35
18.9875
19.2625
12.425
13.3375
13.3375
19.325
14.95
11.1
37.1125
70.125
83.4
85.7
41.825
23
18.875
24.5
44.3
59.25
57.1875
61.3875
68.88125
80.85
79.775
73.625
64.525
49.1375
36.9
46.9
65.525
64.0625
47.9625
28.36875
40.721875
56.9875
56.0875
69.725
53.2375
36.6625
26.533056640625
25.4044260025024
25.4000172890723
25.4000000675354
25.4000000002638
25.400000000001
25.4
25.4
25.4
25.4
25.4
25.4
25.4
25.4
25.4
25.4
25.4
25.4
25.4
25.4
25.4
25.4
25.4
25.4
25.4
23.5125
20.25
31.0625
27.4
20.76875
14.334375
15.625
21.4
31.45
21.9
14.9375
12.5375
14.4
22.7
42.4
38.7625
22.76875
15.109375
18.175
15.875
13.3875
10.575
8.4125
6.0125
8.6375
7.6125
5.175
3.1375
3.5
3.9375
10.7125
8.6625
11.1375
13.3
9.6125
9.1375
11.6375
13.1125
19.6875
9.4125
5.83125
11.021875
21.7125
23.45
42.675
36.325
26.125
19.925
24.4875
26.525
30.0625
27.5625
16.7125
22.76875
38.55
32.175
36.875
28.7875
21.55
20.825
29.4375
29.0125
35.8625
36.2875
18.5
21.6375
20.6625
23.0875
25.75
22.6625
20.75
18.2
16.85
57.65
45.4125
27.8125
30.8125
38.625
49.2375
53.8875
54.1875
32.125
24.3375
21.1125
21.6
35.7875
39.6375
31.1875
25.39375
21.896875
21.5375
17.9625
26.5625
53.05
47.525
28.025
33.225
37.15
40.225
38.85
44.18125
41.765625
49.5875
47.6375
34.4375
16.05
13.225
13.475
16.6
21.0875
32.6125
30.8
33.49375
36.215625
37.75
33.425
37.125
18.625
11.3625
10.4625
14.825
21.95
27.5625
13.825
6.8375
8.89375
14.6375
13.7375
19.1625
15.2125
13.1125
10.7875
16.225
21.425
32.1375
13.775
6.4125
6.425
16.775
26.425
39.5125
31.375
32.15
27.85
41.1625
48.4
43.6375
43.6875
53.85
63.1375
66.35
69.775
56.325
40.75
43.0625
43.1375
46.6
67.275
60.4
53.625
52.61875
60.659375
82.475
82.6125
90.1875
61.3
41.303125
38.125
49.575
50.65
50.1375
40.4875
26.7
33.1625
41.9375
49.075
47.5625
40.2
25.675
11.085986328125
10.7015077590942
10.700005889684
10.7000000230066
10.7000000000899
10.7000000000004
10.7
10.7
10.7
10.7
10.7
10.7
10.7
10.7
10.7
10.7
10.7
10.7
10.7
10.7
10.7
10.7
10.7
10.7
10.7
10.7
10.7
10.7
10.7
10.7
10.7
10.7
10.7
10.7
10.7
10.7
10.7
10.7
10.7
10.7
10.7
10.7
10.7
10.7
10.7
10.7
10.7
10.7
10.7
10.7
10.7
10.7
10.7
10.7
10.7
10.7
10.7
10.7
10.7
10.7
10.7
10.7
13.375
17.6625
16.575
6.15
20.8875
45.0875
35.85
26.725
17.325
14.95
14.15
9.85
15.4
20.8625
12.05
3.41875
1.578125
6.325
10.175
14.0875
11.6
10.325
8.95
6.775
5.675
7.325
5
3.875
5.0625
12.3125
12.375
10.125
7.9125
5.4125
5.9875
10.05
8.9375
9.5875
14.4875
17.83125
19.346875
32.75
25.275
29.575
14.6625
13.6125
8.1625
12.65
18.275
25.1
32.1
39.01875
45.596875
50.7
46.3125
38.0625
37.175
24.2625
18.2375
24.1
38.8375
33.8625
29.1125
27.35
20.89375
29.175
38.425
29.7375
32.5875
26.8625
29.2625
39.85
48.6
46.075
45.05
45.36875
51.703125
57.625
70.6125
62.1875
31.95
16.5125
16.25
19.4125
22.575
34.3
32.7
23.34375
31.071875
41.7375
55.5125
58.325
39.3625
30.2
20.975
20.175
27.825
28.05
23.0375
13.4875
36.3125
35.025
31.6
32.95
20.1125
17.5625
18.10625
26.3125
43.575
37.775
34.7625
32.84375
33.353125
39.975
32.05
35.675
29.425
32.8875
30.8125
27.9875
32.9625
20.1875
22.2375
29.85
42.025
33.5125
32.825
33.0875
24.7375
19.8
23.3125
29.3625
56.5
78.7625
74.025
70.76875
75.409375
27.0125
30.475
31.2875
55.9125
55.2
57.7125
70.4125
73.925
60
33.4625
22.38125
22.403125
29.4125
29.1875
38.05
45.75
50.0625
50.9
48.15
56.9375
81.65
68.0625
56.11875
84.109375
127.68749875
81.725
68.4375
74.675
46.775
45.775
39.05
42.6125
57.05
44.1
39.33125
38.015625
42.2
48.3375
22.425
16.625
20.85
23.2625
22.775
13.9625
18.65
34.5625
47.1
47.68125
52.225
47.7375
37.05
21.225
12.65
12.4125
14.2375
13.675
14.575
15.975
14.94375
19.565625
26.725
32.2125
36.4875
26.5375
24.315625
19.0625
24.475
25.725
24.65
18.525
13.1
14.3
39.4125
44.375
29.25
24.3875
20.025
20.6125
22.3375
29.82109375
28.2
30
14.825
13.75
34.8625
31.5
31.3375
31.15
25.8875
15.35
15.225
15.3625
22.1625
16.3125
6.25
8.3
28.225
30.225
25.4125
24.9625
21
19.525
15.9125
16.2
21.375
22.525
16.75
17.125
35.1
43.4375
32.0625
30.05
21.775
20.2375
25.1125
32.875
46.2375
42.0625
39.69375
47.296875
55.1
56.35
25.8625
17.70703125
14.125
8.0375
8.1375
7.7625
7.05
10.275
13.8
17.7375
28.4125
24.475
21.175
17.6
16.075
14.025
23.75
35.8125
44.35
47.9375
34.75625
37.259375
64.35
52.9875
35.7375
42.2375
35.9875
26.9875
27.5375
37.55
48.5
47.425
26.44375
24.884375
48.625
62.1875
56.5
39.6625
25.7
24.7875
34.9875
29.775
38.4875
32.725
32.46875
30.315625
36.4
33.9875
30.325
31.875
19.025
13.7
13.325
16.0375
19.025
20.8375
19.825
18.73125
32.2765625
39.15
34.6875
26.6625
17.8875
16.475
29.0875
32.6875
53.7125
69.2875
72.3
74.53125
77.5875
81.725
26.475
22.675
19.1
20.6375
23.3125
51.9625
65.4875
63.8125
64.61875
76.271875
90.7625
85.575
41.75
20.1375
10.4
10.3875
9.5125
15.4625
25.9125
47.0875
56.99375
71.909375
84.4
62.175
41.1375
19.3
15.8
12.275
14.3875
18.4125
23.0625
28.1625
34.46875
43.640625
55.375
63.1375
61.95
60.8
38.375
30.225
34.475
32.7625
40.35
32.6
21.13125
25.615625
36.1375
36.375
40.0375
43.775
21.375
11.6625
15.4875
20.025
25.825
28.175
23.875
19.675
25.1875
28.7125
23.2375
13.8875
19
18.1375
12.325
15.85
22.125
18.5875
11.09375
13.090625
27.7625
25.9875
26.025
21.55
13.05
11.6375
17.975
22.525
32.075
17.475
10.75625
19.403125
25.8875
25.175
26.0875
22.05
18.9375
14.8375
17.225
20.125
20.3125
9.325
4.63125
2.734375
7.5375
14.5375
11.3375
8.1875
10.8625
16.6625
14.6625
10.55
12.5
13.0375
10.39375
22.115625
33.2875
29.225
35.6375
27.575
21.0125
20.775
18.1
17.6375
18.7
10.425
4.8875
8.6875
24.825
50.0875
41.4625
46.25
22.0375
19.1375
24.575
22.75
26.4875
11.2625
5.175
8.9125
12.375
16.1
17.8625
25.3875
26.125
22.05
21.53125
16.471875
19.8875
24.8
11.99375
19.890625
39.5
53.65
49.3625
40.3875
24.15
23.1875
24.5375
24.9625
27.9
11.9375
4.8
11.875
23.1375
18.0375
20.5625
18.8875
18.6375
14.4125
16.6625
18.65
23.9125
14.525
5.31875
4.565625
13.6
28.325
25.8125
22.55
14.6875
16.9125
17.225
19.1375
22.075
9.35
2.8875
2.54375
6.875
18.05
13.375
9.275
8.7125
6.55
9
10.35
8.175
14.1
17.725
21.41875
33.7875
30.2375
23.7125
20.7375
16.4125
14.775
16.0875
12.8625
18.975
32.7
34.05
43.5375
57.1375
47.825
26.25
22.5
20.8625
16.5875
18.425
16.55
20.475
19.4
11.825
13.9
25.925
29.325
25.85
23.9
15.025
17.3125
13.1625
13.9125
15.175
11.625
5.8375
14.81875
30.925
44.1625
32.2
23.1125
21.775
18.8875
22.1625
28.0875
37.025
37.9375
46.825
55.39375
60.8875
58.25
42.825
30.9875
25.8625
21.55
20.025
21.1875
27.2125
31.9875
33.0125
33.325
33.5125
43.2875
30.1625
25.225
22.1875
18.6125
21.05
21.525
28.4375
39.3
23.225
19.6875
39.5875
46.5375
22.8625
15.5125
11.4375
8.375
9.375
6.0875
6.575
17.7125
21.5
14.1375
25.5
25.5
19.65
22.9375
16.0625
12.5
14.2625
10.4375
10.1625
7.8625
7.3125
12.3875
27.35
38.5125
29.325
18.15
17.1625
12.325
17.925
20.4625
39.3625
32.075
16.725
31.4125
36.25
31.125
29.8875
27.6375
23.1125
20.575
34.325
52.775
47.475
29.875
23.875
39.5625
62.3375
52.825
44.5625
31.1125
18.3375
21.1875
21.975
26.675
37.1625
30.1875
29.4875
22.075
17.975
25.4125
25.9875
26.4625
21.5625
17.425
34.0875
53.3125
44.55
28.425
25.9375
34.925
43.5375
36.9875
19.0875
12.8125
15.2625
9.875
13.2
18.35
27.025
27.7
22.4125
23.9625
34.15
35.025
23.7
14.175
11.6875
8.3125
8.425
9.7375
7.1125
4.6875
4.1125
14.375
15.975
18.9875
18.9375
16.725
12.2375
7.85
11.7875
12.5125
11.225
9.4875
8.50625
6.953125
11.5
19.85
12.3375
24.4375
28.884765625
28.5276260375977
28.5001079142094
28.5000004215399
28.5000000016466
28.5000000000064
28.5
28.5
28.5
28.5
28.5
28.5
28.5
28.5
28.5
28.5
28.5
28.5
28.5
28.5
28.5
28.5
28.5
28.5
28.5
28.5
28.5
28.5
28.5
28.5
28.5
28.5
28.5
28.5
28.5
28.5
28.5
28.5
28.5
28.5
28.5
28.5
28.5
28.5
28.5
28.5
28.5
28.5
28.5
28.5
28.5
28.5
28.5
28.5
28.5
28.5
28.5
28.5
28.5
28.5
28.5
28.5
28.5
28.5
28.5
28.5
28.5
28.5
28.5
28.5
28.5
28.5
28.5
28.5
28.5
28.5
28.5
28.5
28.5
28.5
28.5
28.5
28.5
28.5
28.5
28.5
28.5
28.5
28.5
28.5
28.5
28.5
28.5
28.5
28.5
28.5
28.5
28.5
28.5
28.5
28.5
28.5
28.5
28.5
28.5
28.5
28.5
28.5
28.5
28.5
28.5
28.5
28.5
28.5
28.5
28.5
28.5
28.5
28.5
28.5
28.5
28.5
28.5
28.5
28.5
28.5
28.5
28.5
28.5
26.425
21.1875
19.675
18.925
24.3125
26.4625
27.4375
21.5375
14.5
11.8375
31.34375
54.1375
68.2125
46.15
32.2875
34.2375
37.775
43.4125
47.3375
47.475
58.1375
74.9875
71.525
79.9
70.5125
80.6625
73.6125
61.7
45.575
37.6625
38.8
46.5125
61.9125
59.6625
67.3375
78.775
87.825
67.825
41.15
29.55
27.4
27.5375
30.8
42.5375
39.8625
27.1625
28.875
52.325
49.5375
52.8
40.85
25.575
29.4
24.375
26.9875
34.275
25.2375
15.2375
19.8
36.975
57.375
33.925
32.9
28.5875
28.5625
28.75
26.675
32.6375
20.225
9.1125
13.85
17.9
26.225
26.675
27.575
34.55
39.0125
42.1625
37.8125
44.8125
28
15.025
21.2375
37.8875
43.8375
36.1625
32.7375
28.925
24.925
29.6125
34.825
53.1625
59.6625
47.6625
35.075
46.9875
67.0875
41.4625
35.825
27.0625
22.3375
16.1625
13.0625
16.675
13.8375
10.6875
15.6875
27.975
25.8875
20.9375
21.1125
15.6625
16.825
18.475
19.9
19
12.8375
8.0875
11.6875
17.15
21.9375
22.8625
22.3375
27.975
22.8
22.7625
22.7
27.7625
14.7625
8.68125
11.246875
24.3125
26.9375
21.9
25.175
18.25
20.15
27.925
25.1375
26.8
16.4
10.09375
9.203125
15.225
23.5625
29.125
53.97705078125
54.4979572296143
54.4999920204282
54.4999999688298
54.4999999998782
54.4999999999995
54.5
54.5
54.5
54.5
54.5
54.5
54.5
54.5
54.5
54.5
54.5
54.5
54.5
54.5
54.5
54.5
54.5
54.5
54.5
54.5
54.5
54.5
54.5
54.5
54.5
54.5
54.5
54.5
54.5
54.5
54.5
54.5
54.5
54.5
54.5
54.5
54.5
54.5
54.5
54.5
54.5
54.5
54.5
54.5
54.5
54.5
54.5
54.5
54.5
54.5
54.5
54.5
54.5
54.5
54.5
54.5
54.5
54.5
54.5
54.5
54.5
54.5
54.5
54.5
54.5
54.5
56.05
49.0875
40.4875
50.95
64.7
59.4875
54.5
46.8
37.78125
44.0375
33.7625
22.875
20.475
19.5671875
14.875
17.4125
20.525
26.225
19.475
6.85625
10.853125
17
25.7375
24.2
23.2875
19.925
18.075
18.85
21.3125
25.4875
11.9
4.84375
6.603125
22.1
35.7875
46.85
52.2125
51.075
48.60078125
47.8241241455078
40.775
41.5125
25.1875
18.425
24.525
34.65
50.45
36.35
27.175
34.6625
40.55
56.6
52.4
36.175
38.1875
29.46875
24.121875
46.125
34.55
62.225
41.175
25.025
26.7375
30.9625
28.8625
28.5875
22.25
21.2875
32.44375
58.7875
70
70.125
53.925
39.7
35.9875
34.4
39.025
42.325
31.2
19.4875
23.5
42.1
46.4
54.775
50.325
37.6875
31.5625
31.9875
36.4125
35.85
21.2375
9.96875
10.759375
17.625
25.525
29.075
31.9
26.075
30.65
35.275
33.4125
44.625
46.9
47.7
48.225
74.3375
76.4125
61.6625
57.0625
42.625
44.4
47.9125
49.625
54.825
29.6625
15.28125
20.071875
39.575
50.3
38.825
32.2125
33.2375
29.2625
23.8875
20.25
20.725
13.2875
5.98125
6.796875
16.1
18.925
17.5125
16.075
13.9375
12.7875
13.1875
7.475
9.6875
20.875
21.5875
35.8125
45.2375
43.7125
23.6625
20.3375
13.225
13.875
16.3875
17.85
29.5875
30.75
26.975
29.45
48.325
69.2
47.9375
40.025
36.0625
18.225
20.2875
29.125
39.725
45.1875
30.23125
42.759375
69.55
79.25
47.1875
56.6875
26.825
15.6875
16.025
39.475
51.7625
47.3375
48.78125
55.090625
64.2875
57.2875
29.75
32.0875
21.3875
16.0125
18.175
21.325
27.0375
18.275
5.54375
6.515625
13.625
22.95
29.7375
54.34375
45.8046875
22.475
20.675
21.025
24.2125
9.975
7.33125
5.065625
11.725
28.05
19.825
22.5625
20.0625
14.775
20.4
23.5375
29.4875
8.4125
1.575
0.7875
7.7
19.95
26.6
15.6875
13.9125
13.55
13.9
11.8
7.95
11.1
4.15
5.85
13.1125
23.45
29.2875
20.5875
16.05
17.0125
16.9625
18.3375
18.3125
25.8875
15.65
20.55
26.825
23.2875
22.9
22.8375
17.25
25.5
27.9375
32.0375
33.375
13.6625
10.16875
16.528125
56.9375
80.9875
53.525
25.8125
18.85
13.625
16.3625
20.8125
38.0125
26.6375
17.6375
30.2375
35.9125
45.2
48.25
41.2375
44.9375
45.1875
43.6875
37.775
31.225
23.725
29.0625
28.2625
41.625
68.5625
50.4875
38.6875
30.325
28.875
39.525
40.1375
49.6875
40.4875
20.1125
16.975
41.075
31.7625
30.675
31.275
24.675
27.425
25.3125
37.025
64.65
44.9625
26.4125
25.75
34.4625
33.7125
25.7125
20.4375
17.9625
16.9125
18.575
21.675
38.9
37.5125
30.575
44.36875
58.8125
44.2875
34.5625
28.975
26.1625
28.1625
30.5375
51.7625
89.3375
79.5375
79.99375
78.209375
89.025
89.4875
74.475
37.4
20.7875
15.9125
24.85
41.25
49.7375
45.5
25.8
34.3875
58.925
73.5625
69.3625
44.1875
21.3625
19.6
19.5375
29.525
46.7
33.6375
16.33125
16.803125
23.175
27.625
28.9625
23
17.7625
17.3875
23.5625
50.8
69.275
57.3375
53.925
56.3
59.0375
49.975
35.075
37.4125
23.85
27.234375
31.1
71.7375
71.5375
55.2625
60.95
67.1875
79.5375
92.4125
71.4375
53.5625
33.875
28.3
27.2875
31.7625
42.75
39.0625
32.39375
46.865625
64.05
80.5125
51.6
25.2875
19.0375
11.775
15.925
37
57.0375
47.4625
49.05625
64.128125
55.7625
24.2625
30.5
19.75
10.4
13.875
16.6375
16.975
15.25
13.8625
6.9
6.5625
13.8625
20.8
24.625
23.575
18.7125
17.675
15.9375
31.2125
36.05
29.125
16.9875
25.5125
49.925
69.7375
47.8625
31.575
30.875
29.8375
29.15
31.575
54.5125
36.0875
15.6375
15.3
22.2
33.65
30.8875
25.7
26.05
25.6875
29.5125
35.75
47.9375
26.4
6.4375
5.3125
12.85
14.25
23.2625
21.55
17.75
20.175
22.2625
35.4625
46.575
59.5
33.31875
26.909375
50.025
75.3875
72.2875
42.75
28.5
24.7
19.8375
26.7875
58.55
41.7375
16.1625
12.2375
14.95
25.375
21.2
13.2
16.7125
28.2
29.925
19.15
16.7
12.5125
12.1625
15.65
18.1
22.9625
30.6125
33.4375
32.0875
37.3625
37.35
34.9
32.45
29.9875
29.9625
32
45.5375
66.125
67.525
65.925
64.2125
64.3625
54.475
48.15625
48.8
48.3375
42.84375
54.803125
85.4
105.125
108.825
83.7125
66.7
55.1375
45.7875
39.5625
50.075
51.625
65.075
93.09375
127.9625
152.35000375
97.26250125
47.4125
35.25
41.2
39.8125
66.45
86.9
70.3375
48.76875
74.540625
72.0125
53.7125
50.55
55.175
47.77890625
44.8125
50.2
73.7375
74.325
42.8875
27.35625
24.646875
30.6625
38.325
25.8
18.55
15.4625
17.2625
22.575
21.8
21.0375
11.65
4.05
7.8625
14.1125
22.8375
26.2875
20.75
16.6125
18.35
13.15
13.5125
32.6
42.2625
59.8125
68.55
60.0125
57.5625
49.95
30.5625
21.5625
22.6625
39.375
88.8875
110.3125
86.75
82.9375
86.74375
84.975
67.35
63.9
46.9875
41.85
45.725
73.375
74
68.85
61.25
62.2125
68.50625
78.9
94.575
77.45
68.375
64.325
60.3375
57.6625
68.425
59.675
52.9
58.625
67.7875
70.525
79.3125
85.525
67
53.625
46.375
45.7125
51.9125
69.2875
68.175
69.39375
72.984375
75.825
76.075
71.5625
31.375
17.6125
19.025
15.95
24.65
33.2625
14.9125
14.34375
45.078125
63.8875
85.05
91.35
56.9875
38.0125
34.625
38.8375
48.075
61.95
60.725
49.33125
57.765625
77.65
67.55
45.9125
31.1875
18.85
14.05
14.075
15.8
30.575
26.75
29.175
35.6875
37.8125
53.8625
55.85
54.5
45.7125
37.3875
37.125
40.15
35.8625
20.7
32.0125
41.45
56.9625
67.8625
60.0125
35.6625
15.725
22.3375
23.05
55.125
55.3125
33.1
17.8625
38.35
49.6625
49.95
48.975
40.8375
23.3625
24.425
37.1
33.3375
33.9375
11
5.53125
11.171875
18.575
31.9125
33.675
60.5875
35.7125
26.8625
33.425
42.3375
49.4875
21.675
7.725
7.3875
22.4125
50.525
51.8125
44.3
43.05
34.8
30.1
47.975
53.975
21.45
7.66875
10.659375
25.25
25.5875
20.525
18.5
16.1375
17.8375
35.2625
39.4
36.5875
16.1375
9
10.35
17.525
32.175
34.9125
17.5875
9.8
9.15
12.175
27.1875
33.2625
29.1875
48.575
66.2625
71.2875
78.3625
82.175
61.0125
27.2625
29.3375
30.75
29.975
31.65
16.0125
26.75
61.81875
75.6625
80.0625
69.7
51.225
48.4
42.5
39.625
33.4375
27.6625
27.2
29.275
32.3625
35.0625
36.675
39.675
44.025
39.95
35.2
34.70625
33.95
25.8375
17.4125
18.6
23.825
33.75
36.5
37.525
39.5625
38.975
34.925
35.275
36.6125
29.5375
11.3
12.65
18.56875
38.1
44.6625
59.9875
61.2875
56.875
67.0625
73.8625
69.0375
67.525
53.6
55.1
66.26875
75.5875
78.1625
68.5625
42.5375
27.675
21.9375
23.375
59.0625
48.0375
8.1875
4.00625
3.984375
8.625
15.725
12.3875
17.525
20.2625
22.6625
20.6375
13.8875
18.95
21.65
28.09375
39.815625
29.85
33.225
38.6875
15.4875
14.175
14.8625
14.1875
28.05
54.7125
27.0625
8.71875
10.153125
18.425
25.1625
33.9625
36.9875
29.625
28
28.4125
52.425
67.9375
52.9625
65.83125
75.828125
81.6125
85.75
80.2875
47.7875
20.1875
17.5375
19.9125
26.3625
40.4375
13.575
5.875
9.5875
22.725
31.8375
32.5375
43
36.6625
40.7
36.6875
37.3625
33.675
12.8875
10.5625
22.675
57.975
72.5875
75.075
56.4875
43.75
34.675
54.725
66.85
62.725
52.6125
60.93125
68.015625
58.325
56.375
68.575
51.7625
45.7125
40.325
43.0375
57.925
52.5125
28.3125
39.55625
62.853125
69.45
71.9875
68.25
44.925
24.825
21.175
18.5125
25.8875
44.7
44.7375
48.94375
58.240625
69.5625
66.35
61.6625
46.2625
27.4875
23.1625
31.275
49.8
54.15
31.9625
30.99375
57.659375
65.25
75.7125
63.6125
46.8875
45.2375
49.275
47.725
51.9375
72.2375
60.175
62
62.2875
68.25
73.6125
72.575
47.4625
37.45
28.1375
30.8375
46.925
49.2875
9.8375
4.9875
7.13125
13.575
22.625
37.7125
53.1375
26.7375
21.075
21.125
29.15
41.2125
9.5125
4.85
9.8875
23.2625
23.6125
46.7
42.0625
35.15
21.675
19.3
20.275
18.575
7.8375
7.64375
7.521875
13.425
29.125
29.0875
27.075
22.35
21
22.625
39.35
39.2875
17.1625
11.10625
12.065625
26.1
40.15
35.4375
61.25
45.8375
27.0125
23.625
29.6125
35.5875
24.475
13.4
11.3625
18.375
26.725
39.1875
25.3625
19.975
12.2
16.9
22.8625
16.1
13.0125
12.3375
17.83125
26.4125
31.425
39.4875
28.0375
21.925
22.6
25.625
29.9375
24.8375
7.55
4.85
7.875
15.2125
21.625
34.1125
39.5125
32.7125
42.925
59.55
61.6375
62.6
32.8875
14.74375
5.715625
11.85
32.875
29.7625
25.7
20.9
17.8
19.4625
27.9375
33.2625
14.525
7.425
6.0375
15.125
20.5
32.6875
47.9375
44.95
36.7625
30.6875
47.6
35.25
12.4625
6.51875
10.990625
37.825
53.8
69.6
52.9875
24.3
25
23.6125
47.85
67.575
29.8375
35.725
39.7
45.475
56.2
62.7125
60.275
37.525
46.8625
42.225
36.7375
45.0875
41.4375
51.79375
57.771875
66.125
66.5375
59.6
39.95
27.2875
33.85
35.2625
58.1125
76.7125
49.9
43.55
58.0625
63.0375
75.6125
73.1625
51.3875
29.7125
25.6625
43.4625
80.25
71.1625
48.8
38.04375
36.459375
52.025
64.525
64.9375
44.125
24.2
21.175
20.125
35.6125
42.7
14.625
7.19375
4.709375
11.475
22.075
41.4125
48.46875
31.8125
28.925
36.85
54.0625
51.7375
41.1
21.44375
16.859375
37.325
45.2375
50.4625
53.675
33.4125
24.6125
19.5375
32.9625
35.525
5.75
2.55625
3.509375
10.6375
16.4875
13.85
15.6125
15.6625
15.6875
16.7625
17.775
12.3375
2.3875
0.7625
2.45
5.5625
11.075
13.8375
16.5875
17.0125
16.4125
22.9375
26
16.725
7.2375
5.2125
6.11875
13.15
19.3125
29.8875
33.8125
19.1125
18.5
18.5
25.6125
9.3125
1.85
1.73125
4.021875
8.45
16.625
22.8
30.7125
32.55
27.4625
39.9875
54.6625
47.375
20.5375
12.59375
11.546875
24.4625
30.2875
37.8125
36.15
25.9875
28.7875
42.175
69.9375
63.725
52.3125
49.93125
45.146875
64.1125
59.8
47.65
34.0125
23.15
20.15
18.1625
46.1375
57.2375
19.975
10.69375
10.946875
23.075
32.67578125
41.2125
43.0125
20.9875
16.9375
22.4
37.05
24.75
7.2
5.01875
4.959375
8.9875
14.0625
20.55
21.3
17.6375
17.65
21.7375
54.1125
55.2375
21
13.325
9.80625
37.65
24.95
53.0625
54.4875
35.1625
25.4625
16.0125
12.95
10.325
10.975
18.59375
22.946875
27.625
17.8375
17.6
21.975
19.35
16.375
16.0375
14.3625
9.025
5.0375
6.25625
8.196875
7.8375
8.5125
13.575
17.35
15.7125
16.75
17.0875
24.9515625
19.4875
8.05
15.94375
27.078125
35.9625
41.0375
17.675
22.075
23.1375
31.13125
38.1125
57.2875
54.9375
14.85
5.95625
9.015625
20.4125
44.8375
38.15
32.825
27.7375
25.7375
24.375
31.175
28.575
13.6375
13.05625
18.959375
30.575
37.2375
32.575
34.95
26.8375
27.1875
41.8875
48.275
40.5625
14.4
5.85625
6.746875
13.5875
20.6
28.25
28.5625
23.25
18.2
24.5375
24.4875
22.325
8.2
4.875
7.1625
13.575
15.1625
16.3375
19.3125
21.3125
56.8625
50.1125
52.225
40.95
12.9625
14.2375
18.5375
19.8375
22.775
25.425
27.0875
26.7125
18.0125
18.975
11.9
11.1375
5.1
3.375
5.3375
11.95
16.3
19.9625
26.95
26.9125
46.3125
54.4375
62.975
67.3625
55.3375
54.59375
58.921875
68.9875
57.6625
45.925
46.3375
25.925
23.8625
29.1625
39.9875
30.0375
9.3375
9.28125
7.078125
11.2
16.1625
20.4625
20.175
18.475
23.1125
25.4
24.3
19.225
4.8125
2.80625
4.078125
16.625
27.175
37.125
43.4625
36.5125
22.2125
28.6
44.7625
37.1875
10.525
7
8.51875
16.725
20.0125
31.0875
29.1125
21.084375
21.75
23.3625
25.45
18.7375
4.775
2.975
6.85625
14.425
26.3375
26.725
20.45
17.85
15.575
12.3125
10
8.9875
6.025
11.15625
20.190625
25.25
40.7875
56.0125
50.0625
31.05
21.5375
26.5125
27.7375
23.375
9.9125
9.45
18.79375
22.225
18.9875
28.875
31.2875
34.3125
42.9875
69.1375
80.15
57.25
48.4875
50.16875
55.328125
62.6875
69.35
67.425
59.2
42.025
33.45
34.15
41.05
33.0875
15.375
11.15
16.875
32.45
44.3
63.5125
68.35
59.5
57.525
66.4875
71.575
61.8125
50.225
54.5125
58.4125
62.4
72.5375
75.2
54.225
47.425
41.8625
54.625
57.825
51.95
24
18.3125
27.04375
33.8625
33.575
33.6625
40.2375
38.0125
38.7375
42.3125
48.25
40.225
20.3875
21.05
24.625
40.2875
49.15
52.1125
49.8625
39.5125
33.65
30.075
26.775
20.925
16.1
20.18125
24.009375
30.1875
30.475
43.6625
41.975
30.3125
41.525
39.675
56.6625
46.8625
21.5375
26.24375
37.671875
54.56875
66.5
110.8125
85.675
59.1125
55.325
48.2625
46.9
43.325
40.5125
46.2625
51.90625
55.6125
59.7
55.975
59.15
56.625
38.2
51.7875
59.175
53.0125
44.975
47.3875
53.10625
56.6625
65.7375
61.8375
75.7
60.975
47.875
46.45
51.45
70.925
49.975
45.0625
46.9625
51.225
53.4625
54.8875
52.0875
39.95
38.2875
39.6625
58.025
54.9
58.4875
62.3375
58.19375
61.6125
61.9125
53.1375
61.475
57.6625
56.15
57.025
54.3875
40.8375
14.4375
17.01875
38.246875
44.975
45.625
57.7625
58.05
49.125
43.675
50.075
40.75
40.075
34.675
36.8625
39.0875
44.8125
54.2875
53.025
57.4875
48.325
40.125
42.3125
44.5375
43.0125
39.1625
40.95625
45.434375
56.1375
56.6875
54.4875
55.8125
55.825
40.9875
62.3875
65.7625
53.025
46.5125
46.0625
59.08125
62.775
44.8625
44.1875
42.8375
53.2375
47.325
46.6375
49.2375
43.675
51.5875
43.30625
42.884375
43.7
43.925
52.675
55.2
50.5875
43.3125
46.05
73.725
58.625
51.6375
70.0375
75
82.15
85.9
80.2875
81.175
77.9875
83.575
97.275
84.35
63.9
67.0125
70.36875
75.646875
