"x"
77.4875
83.7125
89.3875
78.3125
62.425
55.3375
65.1625
44.1
26.1125
26.6625
27.4875
34.7625
35.9375
41.70625
65.4125
69.825
75.2125
44.48125
43.7625
40.1
48.6625
43.7125
50.25
75.26875
71
79.7375
89.1125
89.3625
91.525
80.3625
53.0875
59.025
70.1625
60.775
63.06875
52.953125
75.0375
87.725
62.5
37.1125
43.1
39.2375
42.9125
32.3625
43.4
39.5625
27.50625
26.603125
27.9375
29.3
77.725
76.2625
71.3875
64.7625
75.675
67.3
65.525
61.15
71.3125
71.11875
70.7875
62.5875
56.8375
81.2625
83.5125
85.7046875
79.5125
59.1
53.0875
25.45
25.21875
21.378125
33.475
44.25
99.1
170.63750125
185.8874975
141.4499975
165.7625
150.675
80.5375
38.9
30.1375
63.425
87.95
64.175
48.675
69.7625
63.65
100.58750125
120.2000025
139.89999875
135.6124975
104.425
114.6125
132.98124875
96.9375
75.2375
70.55
75.0375
79.5375
79.75
80.1
97.0875
78.6375
73.0625
80.8375
96.04375
144.52500125
118.725
69.7
82.7875
83.575
86.5875
99.86250125
97.98749875
69.9875
92.3125
62.225
50.2625
63.3375
64.7625
85.7375
75.6
82.91250125
81.9875
65.3125
61.2375
71.275
56.975
47.58125
62.040625
76.0875
90.5375
101.6625
81.6375
112.57500125
108.2375
154.6125025
123.95
140.27499875
100.675
82.825
85.125
118.27499875
88.325
80.5125
108.94999875
123.74999875
139.83749875
154.775
124.31249875
82.2875
49.575
72.5625
79.9
80.6875
122.45
139.95
156.5749975
128.26249625
124.41250125
138.2874975
115.18125
89.1125
78.8125
85.4875
92.475
103
105.3625
123.27499875
118.25000125
94.975
108.62499875
68.6
65.95
59.35
65.2125
73.1375
82.6
71.8375
92.925
76.125
70.75
62.6625
59.2
54.1875
43.3
43
35.925
39.3875
38.41875
35.1375
32.025
42.625
48.5625
52.925
49.425
53.5375
60.35
68.5375
35.0125
13.0625
15.8125
55.875
64.9
73.9625
74.4875
61.9625
49.4375
40.35
39.3625
28.8875
17.65
14.99375
20.053125
29.2125
35.5875
39.925
52.75
57.1875
66
72.2125
68.6125
38.5375
18.925
16.9
15.85
18.075
21.3125
23.4875
26.2375
27.175
40.6
76.0875
66.875
56.8125
50.2875
33.31875
40.034375
48.65
53
54.6875
59.725
47.9875
45.4625
39.95
50.2125
44.4875
35.7875
37.1625
50.86875
57.6625
54.2625
58.6375
52.95
51.475
47.55
46.3125
52.175
24.8125
18.1
15.1375
38.4875
53.85
50.425
34.0625
25.2
25.625
23.175
25.3375
24.3375
12.025
15.9375
16.8
21.8625
32.8375
46.1125
55.45
53.7
47.0375
30.1125
35
38.4625
34.5
21.8875
36.6625
39.2
48.6625
71.0375
72.2625
72.75
56.725
37.025
39.4625
43.1375
41.8875
32.5
41.8625
40.09375
29.725
50.0375
71.15
80.3125
89.825
80.7375
94.1625
95.775
78.625
47.8125
42.60625
48.890625
62.8
72.1625
65.6125
60.4125
47.1625
46.375
41.425
33.9875
26.1
26.6875
40.48125
52.215625
58.8875
68.325
77.3
74.075
84.9125
88.225
78.025
74.5625
61.3875
62.8375
66.8625
73.975
84.025
79.7375
92.525
94.175
102.8375
92.0125
83.3875
95.9
87.7625
62.1375
52.9
70.375
84.6375
82.6875
96.15
99.025
113.9125
98.83056640625
92.8958251953125
92.4
76.575
64.9875
62.64375
70.178125
78.5625
82.525
95.4625
91.45
95.325
75.3
83.5375
74.975
67.075
46.075
52
70.2125
82.275
70.55
74.3625
73.225
58.275
59.275
58.5
55.15
50.675
29.1875
28.7875
32.06875
43.525
44.8125
43.7875
44.2
41.4625
49.375
49.6625
53.2625
48.1125
35.4625
31.50625
30.946875
36.8375
44.025
47.7
48.475
47.3125
48.35
48.1375
47.0125
47.65
49.5375
52.5625
53.8
58.825
65.225
69.475
69.675
70.6875
69.0875
68.5
62.5875
54.8125
55.95
60.26875
61.196875
63.6
57.6875
60.3875
58.5875
65.0625
63.175
65.475
72.3375
66.6125
59.975
55.925
54.475
75.325
68.6
78.2125
86.0875
81.8
75.25625
61.6902587890625
60.8034775733948
60.8000135842711
60.8000000530636
60.8000000002073
60.8000000000008
60.8
60.8
60.8
60.8
60.8
60.8
60.8
60.8
60.8
60.8
60.8
60.8
60.8
60.8
60.8
60.8
60.8
60.8
60.8
60.8
60.8
60.8
60.8
60.8
60.8
60.8
66.3625
63.95
54.875
49.325
54.625
62.725
46.225
43.7125
47.525
44.14375
46.9
42.85
36.3
35.6625
34.2125
40.175
34.625
33.35
24.1
19.1
21.45
40.0125
36.9375
34.75
40.8125
46.7
43.25
47.825
50.3
50.95
38.4125
17.2125
18.65
23.50625
38.2375
42.6125
43.4875
50.45
51.2125
54.8375
49.65
50.1375
39.1
29.525
33.3375
40.6375
51.8625
59.675
65.375
69.3875
61.15
50.3125
54.425
72.85
69.025
38.1
27.3875
39.575
56.8875
70.7125
79.0125
83.7375
74.4625
75.9875
88.1125
78.75
82.075
52.2625
48.925
56.95625
73.175
79.275
78.7875
96.075
71.446875
66.07109375
63.175
74.8125
65
37.725
21.01875
28.190625
40.15
55.5375
71.325
73.5625
61.775
52.8625
59.025
57.7125
42.3625
14.725
6.8875
8.31875
14.975
24.9
37.2125
46.55
47
46.475
46.925
44.4625
34.7125
34.025
40.925
54.26875
61.425
64.75
81
71.925
56.025
55.875
55.6
54.9125
46.575
39.7875
46.09375
51.715625
53.0375
56.3125
52.4125
64.4375
70.7875
66.2125
72.7390625
81.7863830566406
81.899556183815
70.975
68.75
75.7625
73.45
82
91.3
81.1875
74.2
78.325
71.1375
93.275
81.2375
47.0125
39.21875
49.003125
55.2125
64.7375
80.275
72.0125
75.66875
73.975
78.1375
82.225
66.725
28.5375
28.4375
42.68125
60.0625
70.0625
97.95
108.1875
77.54375
82.5875
85.425
118.85
74.525
57.8875
55.68125
65.534375
58.6
64.0375
73.4625
70.3
71.825
57.9125
59.9
67.2375
56.675
50.225
62.275
67.975
77.9
91.6375
99.65
104.3
85.975
62.3
52.9875
76.725
82.8375
70.9125
77.4625
80.9875
74.3375
76.9375
97.35
104.625
87.08125
89.625
83.2
77.9
55.7125
54.64375
64.8625
64.75625
73.75
92.3
100.1875
112.925
108.8375
90.9875
111.425
111.8125
98.6625
47.0125
38.1
50.13125
87.175
98
114.47500125
83.5875
125.38750125
118.21250125
122.35
95.9875
70.25
43.94375
37.2125
54.24375
53.1375
55.5125
72.9
79.2375
92.2
86.4
79.025
80.1375
79.075
47.1625
27.71875
40.025
64.275
68.15
82.6125
86.4875
97.4
88.2625
89.525
99.5375
77.025
58.775
53.60625
56.459375
62.9875
78.0625
97.4
115.925
117.25
135.3749975
124.79999875
96.2375
78.675
55.5875
56.025
62.6
83.2
73.05
57.225
48.9625
43.6875
45.65
41.725
48.45
49.75
43.875
49.2
64.55
56.1875
52.2125
53.2375
71.5125
75.2625
81.6
88.3875
63.3
56.15
50.475
61.9125
89.7875
82.4875
93.4375
110.7875
121.05
114.58750125
76.5875
100.9125
141.4124975
94.825
52.4125
52.68125
79.109375
103.175
88.24999875
106.4375
105.85
102.175
61.1
71.5
48.3625
26.9
20.7875
24.78125
32.478125
53.725
75.475
98.375
112.3125
96.11250125
45.325
60.525
82.05
82.5
57.29375
43.76875
66.121875
86.5
75.5375
80.125
85.7
54.225
70.7375
54.6625
115.1625
93.3625
34.6625
26.125
21.1875
46.2375
48.8875
68.775
68.7625
58.5125
52.146875
55.73359375
76.1
67.475
21.4125
23.09375
44.234375
63.6875
63.4125
57.175
51.725
45.5
40
60.5375
60.8125
41.275
50.3375
57.575
59.00625
78.4625
92.05
94.35
83.05
59.5
60.3
55.3
57.95
51.125
35.1875
26.4375
27
34.575
42.4
49.8375
42.225
43.05
58.4375
55.35
69.8875
61.8625
32.45
38.05625
55.840625
64
70.7
74.5375
79.175
67.45
63.2625
60.1375
65.875
73.55
42.3125
29.8625
41.76875
55.7
65.5
78.5375
89.0125
74.2625
78.06875
64.35
61.95
41.025
18.25
22.88125
28.359375
41.2125
51.2375
66.4875
78.375
79.7875
61.9
76.75
100.35
97.48749875
58.4375
61.34375
65.465625
83.05
93.6
103.475
100.3625
82.3875
59.6
66.8875
69.1875
66.9875
40.6125
39.89375
49.81875
55.05
67.375
70.8
58.2375
35.8
27.6875
34.2
26.1
24.9625
12.5
14.06875
17.634375
21
37.4875
71.925
80.1625
87.5
82.1125
70.8125
58.55
51.6875
39.9
31.7875
27.1625
31.525
46.35
62.6125
61.75
99.025
91.1875
66.7
81.2375
75.8125
44.7
52.14375
66.459375
75.775
91.3875
98.3875
113.57500125
112.3125
116.03750125
110.8
89.95
59.125
52
47.2125
55.25
67.2
76.325
78.075
74.6625
68.9375
72.2125
72.075
60.5125
50.3
29.05
30.6125
41.2
45.025
51.65
63.575
72.4125
77.5625
94.6875
107.35
109.4
71.9375
54.4
73.9375
94.9875
93.1375
107.0875
103.45
84.75
57.0625
69.7375
70.7125
82.7625
62.4
25.775
24.4125
37.55
53.0375
46.1875
39.825
24.525
19.3
17.725
12.0125
6.15
2.8375
2.6875
5.95
29.48125
52.8625
84.1625
77
49.325
40.625
41.8875
35.6
32.35
19.175
14.15
11.4375
13.4625
15.525
26.475
45.8
49.65
41.525
46.5125
43.8375
51.3125
44.7125
25.2875
25.41875
50.178125
68.525
84.9375
110.3125
113.3
110.275
132.42499625
119.77499875
101.90000125
79.2625
47.4
35.70625
39.415625
44.5125
42.475
64.55
54.35
46.325
48.6625
43.925
55.075
51.9
25.325
12.83125
17.478125
26.4875
45.25
67.075
57.3375
65.3625
59.7125
80.875
80.05
79.175
36.475
26.60625
47.440625
72.9375
83.675
90.5625
71.625
50.475
55.65
81.975
110.7125
93.975
58.1875
51.625
55.25625
60.9125
64.95
82.35
77.2625
74.6875
81.5375
86.0625
82.9125
80.5
82.1375
70.5625
75.325
76.6625
85.875
97.475
62.025
51.1375
52.825
71.6625
64.9625
53.9125
48.75
53.19375
61.046875
68.6
88.6125
95.4875
62.8875
57.0875
67.475
76.7375
74.225
66.075
38.1625
39.225
48.33125
63.975
69.15
76.225
64.2125
58.4
49.3125
58.4375
64.55
60.675
45.3625
41.36875
40.965625
44.5125
41.95
40.075
38.9625
35.8375
37.175
36.05
46.4
44.4125
19.375
13.78125
13.365625
21.95
24.5
61.4625
93.575
137.46249875
100.4625
115.35
106.45
70.4
46.0375
46.375
60.44375
74.075
88.3125
69.6
63.1
49.4494140625
49.3005836486816
49.3000022798777
49.3000000089058
49.3000000000348
49.3000000000001
49.3
49.3
49.3
49.3
49.3
49.3
49.3
49.3
49.3
49.3
49.3
49.3
49.3
49.3
49.3
49.3
49.3
49.3
49.3
49.3
49.3
49.3
49.3
49.3
49.3
49.3
49.3
49.3
49.3
49.3
49.3
49.3
49.3
49.3
49.3
49.3
49.3
49.3
49.3
50.8
50.325
54.3875
55.5625
47.2875
41.7375
47.275
47.8375
33.025
30.4375
35.3125
55.25
62.5
65.025
56.9875
59.475
62.4375
85.2375
89.525
84.7125
58.05
57.08125
55.940625
62.875
69.4125
86.4875
93.6875
102.6375
110.9
106.49999875
113.40000125
121.275
87.3875
62.78125
51.203125
62.8875
66.7625
93.45
145.36250375
91.6625
70.325
75.925
116.3625
125.2875
76.175
68.4875
69.275
74.8125
86.1875
80.5375
47.2375
30.5875
23.4875
19.0125
18.1125
21.975
13.85
9.35
20.6
36.8375
38.35
61.8625
64.0375
57.8625
50.475
49.125
57.375
46.325
45.05
46.1
55.95
67.5625
81.875
99.8875
84.0375
64.0125
62.8875
74.4375
78.3
70.6875
51.475
48.85
50.55625
69.525
81.625
95.4375
78.875
49.775
47.9375
48.525
62.525
68.35
36.1375
24.0375
24.46875
46.4
68.0375
78.425
70.85
56.175
56.375
86.475
103.0875
113.89999875
84.175
70.79375
83.565625
100.1375
110.6
127.91250125
124.0624975
134.98750125
109.47500125
124.125
160.67499875
106.2875
86.5125
68.66875
73.809375
94.5375
101.2875
109.1875
108.0625
116.73828125
118.7
119.2625
130.5625025
102.4875
83.4125
75.51875
84.671875
100.6
101.525
114.95
103.8125
68.9
83.9375
63.8875
77.075
64.125
65.275
76.90625
84.315625
99.2125
111.375
121.7625
119.3875
83.75
68.3125
74.6375
114.71249875
110.3125
97.925
100.99375
98.359375
97.75
75.525
78.7375
72.0375
68.0375
73.075
76.175
105.725
89.8
62.9625
63.0875
69.8125
106.15
126.95000125
99.3375
51.6875
31.8375
30.475
30.225
39.9125
77.4
46.2625
25.84375
36.828125
51.75
82.675
84
89.675
73.475
64.55
54.8125
95
79.4375
64.2875
59.89375
66.765625
71.8
67.7
78.7
62.65
48.8125
53.8375
47.7
52.1625
72.175
45.775
25.96875
21.365625
37.7875
46.4375
61.075
42.9
36.875
40.1375
39.9
37.8
50.4
28.925
12.4625
11.7125
19.3375
34.2875
41.475
23.9125
22.125
20.35
19.6625
16.3875
27.5625
17.5125
17.7875
46.1875
81.7125
105.9125
100.2375
56.9125
37.9375
35.625
42.4
62.3875
66.75
59.625
58.51875
78.571875
102.775
98.8625
88.5125
75.4
66.0125
62.9
69.275
92.8625
77.15
53.95
40.0625
40.26875
66.1875
71.75
90.5375
70.6625
55.8375
81.4
65.3625
64.8125
69.3625
46.575
30.875
43.05
55.8875
62.1875
87
62.9375
57.8
53.6375
49.725
59.1125
73.6625
61.4
42.95625
40.734375
46.9625
53.6375
64.6125
73.4625
67.2197265625
54.42138671875
61.975
58.325
68.5125
71.7875
61.41875
44.240625
37.7125
48.2875
70.675
50.1
45
47.4125
56.9375
50.4625
80.2375
65.1375
54.19375
55.290625
50.65
43.9375
32.6
31.4625
22.725
20.4375
22.1625
19.825
16.325
15.2375
17.55
18.76875
26
27.65
29.775
31.3625
30.65
35.35
37.2375
43.6375
42.5125
21.5375
16.2625
27.9375
36.925
40.925
59.5625
69.3
63.05
58.275
53.3875
47.6
50.725
40.9625
35.03125
40.678125
51.5
50.375
52.5375
43.5875
53.9125
42.7375
52.9875
48.3625
55.45
57.325
35.75625
38.009375
34.95
35.7125
43.975
46.8875
40.225
40.2375
43.4125
90.95
75.1375
47.4
37.4375
47.6
61.8
67.1625
81.0625
68.25
55.2625
53.1875
57.6
68.375
61.475
45.75
36.625
34.95625
38.525
27.6
31.6125
79.225
89.375
43.8
50.4375
53.2125
52.3
49.025
49.4125
52.4125
66.0375
67.45
66.675
49.6125
55.6875
44.725
47.175
42.6125
43.7875
37.3
38.2625
43.45625
44.425
42.575
49.325
29.25
29.8625
26.3875
30.75
42.325
36.3125
17.075
13.7875
17.34375
31.425
21.125
34.225
31.1125
25.1125
23.3875
30.55
35.4625
54.675
23.875
11.93125
10.628125
24.5375
36.025
47.675
43.725
54.275
57.7
57.55
65.9125
63.05
55.725
56.09375
68.921875
76.2875
69.6625
71.025
68.7125
86.0875
77.1625
77.8125
92.6875
75.1
56.9125
47.84375
52.421875
79.9375
84.525
99.575
79.7375
62.23046875
59.3875
59.075
59.375
53.7125
35.025
24.70625
25.853125
35.225
45.0875
55.675
78.075
72.7125
65.0875
75.1375
74.1
69.0875
54.3375
58.69375
75.059375
86.175
82.0625
101.9875
69.1
66.3875
50.9375
45.3125
33.1375
32.5375
43.9
35.7375
31.66875
31.5375
39.275
34.3375
28.75
26.8375
30.05
25.4375
23.4
26.8875
38.1875
28.49375
21.728125
23
21.775
24.4
25.225
30.475
26.925
29.8875
38.1
47.9625
27.825
18.9875
25.21875
36.2125
43.2125
41.1125
39.85
37.45
39.7
47.875
45.8125
42.95
41.7125
53.68125
71.209375
88.525
95.1
84.7875
75.5625
50.675
49.7625
49.2625
47.675
62.1125
43.3875
21.28125
32.221875
66.275
52.925
44.025
34.225
40.8125
43.2
34.7625
34.5375
38.8625
20.0625
11.55
10.69375
14.4125
20.8125
25.1375
22.925
22.6625
20.775
18.275
16.9875
17.2625
13.0875
10.80625
12.753125
24.3125
24.45
24.85
21.2625
18.85
18.075
25.875
21.8
22.25
24.8875
31.54375
34.515625
44.8875
49.8
53.3125
61.7
41.825
37.85
37.1625
53.55
43.05
46.0375
55.275
65.21875
65.175
67.5375
65.3625
73.35
65.2875
59.525
61.8875
64.0875
55.15
46.6
37.8875
38.81875
53.725
57.9
49.7375
53.025
56.95
63.7625
65.25
79.4875
70.5125
55.05
56.4875
61.0375
57.7875
79.9125
66.225
41.4125
38.8625
40.4
40.6125
37.525
49.9125
45.675
35.2375
42.9875
51.2625
60.5
63.775
45.6125
56.275
47.0625
50.725
53.45
49.1125
33.2875
17.98125
31.140625
45.8125
43.2
49.8125
38.6875
37.58125
49.665625
69.0125
76.2125
69.3875
45.1125
38.13125
40.384375
46.8625
47.25
52.3
51.85
68.05
52.1
39.8
51.9625
31.125
36.525
43.4625
43.3875
37.95
39.7875
78
95.47500125
90.5375
94.8875
96.8375
116.8625
112.3625
84.7625
75.7
79.6375
34.75
35.7
45.6625
73.80000125
91.1625
82.225
94.1
93.6625
66.9375
42.5625
29.925
32.0375
43.875
40.7
58.8
67.975
79.3625
79.6
79.575
93.5125
103.8875
69.725
71.9125
78.7625
117.16249875
126.7125
140.77499625
163.87500125
154.84999875
118.39999875
80.775
70.35
72.5
51.1125
46.95
56.04375
55.8
52.4
45.55
53.6875
51.975
57.7
62.875
31.75
28.7125
42.6125
45.8875
47.1875
62.8
52.5
57.075
36.175
30.1375
32.225
30.5875
30.1375
22.55
19.2125
18.40625
20.984375
30.8125
35.9375
52.4875
48.225
51.35
43.396875
39.9875
37.6
39.725
25.375
14.9
20.05
37.5375
40.875
38.4625
37.35
36.9
35.6
42.025
48.0125
49.4375
36.725
27.63125
31.371875
49.025
47.75
52
51.4375
44.125
46.775
45.5875
37.2375
31.55
24.75
13.9
17.8875
34.6
31.6625
29.875
30.45
28.4375
27.3625
23.125
26.3125
41.125
28.25
16.425
20.14375
39.625
50.4
49.15
48.25
44.5125
39.425
50.375
56.9375
64.675
47.1875
48.48125
55.834375
69.075
68.975
32.5125
24.0875
28.7375
22.2
21.1125
21.7875
17.25
24.1375
30.96875
33.953125
45.825
35.8875
31.6375
37.5375
40.9125
43.6625
48.2
61.05
61.375
54.8375
53.46875
55.496875
70.8875
72.1375
91.0375
93.95
90.15
75.4
74.1875
89.4125
98.325
58.7375
38.34375
48.278125
72.2625
84.3375
91.4625
92.3125
53.2875
58.7875
68.8125
54
57.025
40.675
39.58125
40.859375
51.2
45.525
52.4625
58.1375
38.6125
36.025
32.4375
38.925
42.4125
40.9375
31.2625
26.3125
38.8125
50.5875
35.1125
33.4625
35.3
38.125
50.375
56.425
69.0125
77.4375
74.7875
75.79375
90.575
101.7625
50.1
32.25
37.125
38.25
45.05
76.475
97.4
76.95
74.13125
79.121875
97.6
102.1625
46.1
31.8
27.8
27.725
27.225
34.675
38.15
54.675
65.95
71.48125
91.4875
80.35
42.3
28.3375
28.8875
29.05
22.8375
28.1375
40.8625
38.275
43.08125
56.090625
64.4
75.975
71.4625
83.175
91.7625
84.025
90.975
81.2625
78.8625
45.925
29.8875
31.4375
44.0125
42.6125
44.225
66.15
46.8625
26.9875
27.2875
36.5
33.1375
23.6125
18.25625
21.565625
25.725
31.025
30.9
30.475
32.25
38.1125
34.625
35.5375
41
29.4875
16.50625
15.359375
33.0125
29.925
31.0875
35.375
36.05
42.8125
53
83.10000125
77.85
37.1625
25.5375
27.84375
40.775
35.45
29.9
41.2625
29.3375
24.625
30.175
30.1875
32.85
15.4375
11.18125
9.946875
20.5875
18.7125
20.6375
17.1
19.8625
19.475
25.15
17.175
17.4
13.7625
18.51875
24.465625
33.575
36.7125
42.825
46.525
48.7375
45.475
46.65
24.675
27.05
17.1375
9.55
13.50625
32.4875
56.6625
73.2375
70.4625
52.7125
44.6375
47.1125
71.575
72.0125
39.025
16.9875
15.31875
18.25
26.35
32.0125
36
43.925
49.8
42.025
48.196875
47.675
39.475
20.59375
27.390625
48.2
58.3
65.2625
55.925
47.125
42.9375
36.125
37.2125
47.25
18.7625
13.19375
25.996875
54.1125
32.2625
25
24.0375
33.95
30.0875
29.3375
25.55
27.2375
15.625
5.76875
6.496875
15.35
19.4
25.8875
29.2875
28.8875
28.925
31.175
38.6625
39.2375
14.9875
5.63125
2.853125
9.175
17.75
17.0125
14.275
12.3625
12.1375
13.9
18.325
17.475
17.825
20.9125
26.9375
38.1625
38.7125
31.4125
35.825
31.2
35.3125
37.9375
37.35
40.5875
45.275
50.5
53.7375
66.3375
58.0625
40.575
45.5125
47.7625
39.4125
37.2
34.75
44.9125
34.6625
23.23125
20.746875
44.9125
39.025
42.8
44.825
38.35
40.9
40.3375
32.9625
35.8625
22.3125
11.56875
23.203125
45.8625
43.65
40.775
47.6125
44.925
44.8
51.225
55.7
61.6
43.2625
44.425
54.1875
60.575
51.3
50.35
52.1125
57.375
49.125
48.85
50.3
49.9125
39.65
28.51875
26.590625
39.4875
45.1375
53.2125
47.375
51.8375
44.375
48.1625
48.1375
56.025
42.3
30.0375
28.0875
51.1875
64.35
49.65
39.35
30.35
25.2625
28.3625
23.525
15.675
17.775
18.11875
17.103125
23.775
21.15
21.6625
25.7875
19.9625
22.3875
20.3125
19.65
14.125
10.575
11.51875
24.846875
41.5625
44.7125
33.5125
43.5375
37.85
37.95
42.0125
43.5375
58.65
35.125
21.3375
34.1
39.025
35.3125
42.925
56.6625
57.5125
52.2375
54.3625
67.275
74.6125
38.6
28.3125
41.06875
47.7375
51.4
67.1875
54.125
53.95
45.75
52.8
52.15
50.3625
40.4125
20.3
23.51875
35.15
34.2625
49.7375
42.45
47.55
36.975
50.5375
69.4375
60.8
34.0375
28.29375
37.509375
40.575
32.7625
21.35
23.15
26.275
23.1125
34.75
37.975
45.775
45.025
41.06875
38.234375
45.45
53.6375
41.2125
19.2375
21.2875
15.525
16.4375
15.325
10.5375
5.6125
8.5625
31.33125
30.475
32.3125
24.1625
19.475
17.8125
14.5
22.1875
19.4625
15.275
11.525
8.425
7.99375
18.225
23.725
35.6125
82.2
96.95000125
48.3
34.6875
28.3875
35.1125
15.95
5.9875
8.30625
16.375
22.625
40.6875
61.5125
46.68125
35.9984375
42.4625
49.925
55.0625
45.5125
13.85625
7.965625
19.35
22.525
27.575
39.775
51.4375
36.975
41.1875
50
55.3
41.5125
33.6125
35.61875
61.5375
51.5125
28.425
32
29.7125
35.45
37.7625
33.4
44.3
30.2375
22.5
16.0375
35.9125
30.85
32.9125
31.8
35.5875
36.7
31.9
24.0125
28
15.975
8.1125
11.96875
18.075
38.4125
42.2375
36.55
45.45
35.7875
17.2
12.5125
17.65
21.45
23.78125
35.321875
36.0375
37.1125
57.5125
42.475
37.65
61.4125
76.1125
72.975
66.1625
56.8625
64.4875
67.11875
67.8
58.55
55.225
42.4875
43.3
38.5625
51.0125
66.575
66.625
36.825
30.675
34.8125
46.4
65.275
51.325
48.3875
55.05
52.475
47.375
48.4
44.3625
29.4625
24.54375
19.846875
29.775
36.8875
49.0125
54.45
53.75
52.3625
48.425
47.2
45.6875
31.725
37.85625
49.965625
68.175
75.725
73.4875
64.3625
55.975
41.2625
28.8625
26.275
30.55
22.8625
13.60625
17.690625
24.6625
26.9
24.4375
24.9125
18.9125
20.3625
24.025
25.4625
25.2375
17.2875
17.91875
33.421875
54.45
100.2125
98.6125
88.55
81.75
80.4375
72.8875
79.225
65.3
62.3375
76.8875
84.76875
94.9875
87.6875
85.4875
76.825
72.0875
76.05
79.45
76.775
73.625
65.925
56.6375
62.60625
64.375
79.125
58.4375
54.55
59.725
49.8125
44.3125
48.0125
54.0125
37.3375
27.5
23.43125
49.425
42.4
54.525
44.3
32.1
41.4625
31.9
37.6
42.7
30.5
18.93125
20.378125
35.492626953125
36.7948930740356
36.7999800510704
36.7999999220745
35.35625
33.5875
35.8375
27.3
31.075
19.4375
8.4875
17.65
20.85
32.75
31.6875
34.975
70.5125
87.1625
89.1875
86.5875
81.5625
50.6375
29.7125
27.1125
40.925
52.4
61.075
44.85
44.7
59.9
53.9625
66
78.4375
65.6
52.8
26.96875
48.825
52.425
46.725
70.125
35.6375
28.4875
19.2875
34.6875
36.725
21.0625
27.86875
39.109375
57.075
51.7125
39.6625
26.175
19.1125
19.5125
21.2875
23.4625
18.25
14.325
11.3125
11.11875
18.25
17.425
24.075
24.3375
26.2625
25.1125
27.5875
27.15
55.3125
37.975
25.375
25.5
31.4375
33.2
23.8375
30.3
28.175
28.875
34.4375
36.1125
31.525
19.4125
7.275
13.10625
28.1375
39.375
25.9625
42.2
35.8375
34.4875
37.7375
36.6375
60.8
37.25
19.81875
22.365625
43.5125
57.7875
93.225
95.0125
78.6
58.2125
41.7625
53.175
49.05
31.1
24.31875
20.734375
47.7875
46.35
60.4
62.1625
47.35
44.0875
45.875
50.55
57.875
43.7625
33.75625
34.465625
35.675
35.85
30.0125
19.675
19.95
26.8125
26.2
20.3
14.45
12.775
10.9625
12.7125
22.1875
22.325
27.9125
25.8875
22.3
21.725
23.1875
31.1125
35.725
27.45
34.88125
70.521875
77.725
87.575
88.525
77.3375
108.23750125
117.2
130.9875
119.65
93.025
71.9625
63.3875
89.8125
126.49999875
128.7375025
129.18750125
111.925
102.1125
107.0875
108.1875
120.18749875
97.4
71.95
66
49.05
46.7625
48.3375
35.9875
29.7375
34.9
30.675
34.825
32.025
38.7375
29.475
10.775
16.2875
21.6125
26.3625
29.7875
27.9
28.1625
26.5375
24.9
29.05
32.2875
17.7125
7.9125
17.91875
38.1
46.95
53.8875
88.386328125
91.0769165039063
93.95
93.8375
98.075
99
52.15
34.99375
35.834375
67.925
84.8875
76.2375
68.9125
69.9375
74.6625
87.6375
77.85
51.125
47.6375
35.1875
30.5125
68.7375
47.45
86.5625
73.2625
41.675
36.5
41.1125
51.0125
48.7875
34.6375
39.29375
55.978125
68.8375
72.8625
84.7625
72.95
71.05
63.725
61.225
59.2
54.075
36.3
29.95625
33.803125
53.6625
50.5375
48.175
48.2125
45.7625
43.0375
46.7875
50.775
58.3625
30.15
14.16875
17.521875
24.725
34.85
37.8
44.5625
46.4
49.9125
52.775
51.25
58.375
51.1375
48.2375
48.6375
83.95
100.7625
106.4
101.075
94.7875
86.475
81.6625
63.525
67.4875
36.225
21.6875
30.34375
44.925
63.45
60.3625
48.0125
60.6
55.2625
34.4625
29.325
26.0875
16.3625
11.93125
15.890625
21.6875
22.225
27.1125
24.3625
20.15
14.8375
16.225
12.5625
13.8875
26.7375
30.1875
45.08125
52.3375
51.5375
40.5875
21.925
21.825
21.625
32.425
34.15
45.975
33.8375
38.26875
43.578125
59.35
85.675
73.5375
46.25
57.5375
50.05
47.6875
48.2
58.45
60.15
55.525
44.01875
83.675
89.3625
65.325
82.125
54.8
46.925
39.925
62.4875
71.9375
57.925
54.325
60.26875
66
58.3375
40.65
39.45
29.6
30.8375
31.075
43.2125
33.7125
23.7125
14.4125
18.74375
23.15
28.5
39.7
68.0625
41.96171875
34.35
30.2375
29.2
40.9125
36.95
25.95625
13.228125
20.175
30.0375
34.8875
31.0125
32.25
33.5875
39.2875
39.675
39.5
14.9375
6.6125
6.55625
11.5125
21.65
27.85
25.825
21
21.4375
25.075
16.725
13.4375
11.8875
14.19375
16.828125
25.8
34.525
38.1
32.9625
26.825
31.825
36.95
34.5875
37.4875
26.1875
22.9375
26.25625
37.7875
40.95
43.075
48.275
42.0125
41.2125
42.075
54.825
51.1
22.5875
14.78125
25.140625
69.8
94.0875
78.3875
53.0875
42.4375
44.6875
32.22646484375
32.5985408782959
32.5999943003058
32.5999999777356
32.599999999913
32.5999999999997
32.6
32.6
32.6
32.6
32.6
32.6
32.6
32.6
32.6
32.6
32.6
32.6
32.6
32.6
32.6
32.6
32.6
32.6
32.6
32.6
32.6
32.6
32.6
32.6
32.6
32.6
32.6
32.6
32.6
32.6
32.6
32.6
32.6
32.6
32.6
32.6
32.6
32.6
32.6
32.6
32.6
32.6
32.6
32.6
32.6
32.6
32.6
32.6
32.6
32.6
32.6
32.6
32.6
32.6
32.6
32.6
32.6
32.6
32.6
32.6
32.6
32.6
32.6
32.6
32.6
32.6
32.6
32.6
32.6
32.6
32.6
32.6
32.6
32.6
32.6
32.6
32.6
37.8375
40.5
52.42734375
57.225
44.95625
21.7125
23.2875
43.1375
57.4875
83.2375
67.625
45.925
48.4875
60.4125
77.5015625
91.36806640625
77.1625
63.03125
66.340625
73.0125
65.275
61.55
65.05
56.15
59.91875
91.9796875
108.61181640625
86.2359375
68.6875
66.125
74.21875
83.6375
101.4125
89.64375
65.65
44.5125
43.9
49.3125
55.7859375
59.52578125
55.5
49.44375
61.890625
79.45
88.4375
76.9375
56.175
49.4
43.875
38.9
56.4
68.9125
60.5125
66.275
77.14375
62.6625
39.8625
44.4875
33.875
21.075
29.6875
31.325
31.8875
33.2
20.9
18.1
18.23125
20.7375
32.075
39.175
47.6
46.5
40.6875
40.3625
46.331640625
66.20625
42.2875
39.075
48.78125
64.7375
86.75
64.75
53.9875
55.3125
49.375
48.1125
45.1375
75.0625
54.225
30.01875
23.828125
35.6375
54.3
49.5875
39.625
46.05
46.950390625
41.159033203125
44.5375
59.825
30.5875
14.6375
12.59375
18.35
25.025
30.1875
32.1625
35.5625
34.7375
44.6375
62.4125
61.3125
61.6875
41.440625
38.7109375
55.65
70.0625
71.1375
57.125
50.1125
53.45
43.4875
48.4125
64.1625
44.775
27.61875
24.296875
25.5
29.90625
30.2375
24.8
23.8625
29.94375
30.7875
20.625
20.79375
22.41875
22.2125
28.70625
28.2703125
30.7125
37.425
34.38125
29.128125
41.76328125
39.31875
36.33125
37.575
28.775
29.215625
37.546875
52.678125
67.55625
67.83125
80.5875
75.25
89.1609375
76.19375
60.5375
61.3
55.65
50.9625
63.84375
80.71875
103.803125
133.4062478125
128.606248125
99.5625
68.84375
62
59.175
58.6875
59.31875
78.5625
100.046875
143.018755
167.335422597656
112.736983701172
93.5359375
109.09375
107.09375
96.89375
114.7375
104.140625
82.6765625
69.5359375
81.296875
97.3125
87.746875
78.521875
80.909375
89.7609375
96.1875
108.2
131.331246875
120.525
66.7875
51.425
39.58125
66.05
71.346875
59.1625
35.38125
30.15
37.75
53.35
60.4125
57.10625
32.1625
28.659375
21.9296875
32.50625
43.225
36.03125
33.65
29.00625
33.675
24.05625
27.025
43.55
45.1125
65.7125
77.91875
68.85
95.6875
95.2375
53.925
51.56875
45.125
76.15
133.17500125
132.0875
98.7
99.50625
101.521875
96.85
76.85
76.95
73.6875
78.6875
94.025
116.775
104.3
87.5125
76.3
74.625
84.91875
92.9875
113.325
113.45
117.35000125
124.3125
106.6875
104.7625
104.0875
79.1875
65.4375
64.03125
77.490625
91.1375
96.3875
107.2875
115.8
102.8625
101.2875
98.325
84.8625
83.025
71.8375
79.84375
79.621875
88.8125
73.5625
86.8875
54.7
41.925
37.025
31.75
37.8125
52.65
23.475
27.23125
52.703125
74.65
90.75625
93.6375
89.85
72
71.475
60.3625
75.1375
81.375
63.3375
59.58125
75.778125
84.55
70.975
57.9
67.36875
55.0125
50.7
50.4125
49.05
54.925
49.5625
63.775
73.75625
79.425
84.7125
97.0875
93.8
77.9375
79.45625
76.9
72.15
56.9125
43.125
58.6
63.7125
73.84375
74.125
71.2875
55.7625
46.1125
48.925
53.5375
64.4125
60.375
36.175
26.65
36.5375
52.225
52.38125
61.8125
56.4375
48.09375
47.296875
44.5125
49.98125
49.7125
18.6
12.91875
18.546875
24.21875
33.9125
38.678125
70.2875
50.3
38.69375
47.25
57.8125
56.78125
28.11875
15.95
16.75
29
53.90625
59.990625
56.0875
66.01875
55.5625
55.125
59.55625
64.7875
26.98125
17.3875
20.55
33.6125
37.475
35.31875
27.8796875
28.6375
43.91875
86.8625
84.925
75.375
40.45
32.80625
42.396875
48.5875
63.8
68.3875
44.775
31.4625
33.6875
40.14375
45.85
54.4625
48.1125
64.7625
81.434375
84.2875
84.5625
100.4375
100.0125
72.5125
80.2375
71.9875
68.475
63.6125
49.625
57.9375
77.28125
87.5375
90.6125
92.45625
75.69375
76.25625
75.7
77.025
72.8
56.1625
45.9
48.73125
53.940625
55.89375
60.2125
59
52.9875
55.6125
57.775
48.8875
42.9484375
37.3375
13.8375
14.3
21.5875
35.55
45.8125
48.9
43.9125
60.7875
49.125
52.075
48.875
35.775
14.175
18.1875
23.25625
43.3125
54.65
67.7625
72.2625
77.7125
84.7125
99
83.45
73.5875
64.2375
66.775
74.45625
77.75
83.7875
77.1125
54.625
48.8875
45.98125
49.925
79.925
65.2
18.7125
13.05
12.3
17.45
20.3125
23.7875
16.95
17.2
20.2
19.15
22.1375
40.1875
45.5375
33.125
39.4625
39.0625
46.2125
47.425
36.3375
26.575
20.675
24.45
44.775
59.3625
34.9375
35.7
20.58125
23.875
32.0875
44.05
37.95
36.775
34.55
38.775
67.4125
75.3
61.0375
73.59375
84.815625
87.4
94.525
93.1125
71.8875
49.0875
45.6875
48.525
56.15
51.525
18.775
11.175
14.08125
23.8
36.2875
47.275
49.45
47.75
45.9375
42.4
47.7375
41.5125
16.625
18.41875
30.978125
60.8
77.7
77.8375
66.7
65.0125
55.65
74.3375
79.95
74.375
59.7375
67.35625
69.803125
70.45
69.4375
76.55
68.7
57.8875
52.35
59.075
71.55
74.475
43.25
55.05
67.875
73.4
77.3875
72.55
57.875
49.825
44.85
45.5875
41.875
52.0625
53.825
57.94375
64.540625
73.0375
72.45
70.7875
61.9625
50.8625
39.2875
46.1125
62.5375
51.7
44.6625
50.69375
64.034375
69.5
80.075
64.8375
50.8125
66.5625
60.5875
63.45
67.3375
79.325
65.225
62.725
63.9875
70.75
74.8875
70.825
57.9125
53.3
58.7375
43.5125
52.4625
55.7
14.0875
9.025
10.8375
18.5375
27.825
46.5625
55.7
42.85
27.1125
27.15
34.3125
40.7125
13.9875
9.4875
12.75
24.4
27.1625
43.575
45
41.796875
28.825
28.9875
33.95
23.05
5.8625
3.75
6.0125
17.275
29.4875
33.8
30.6875
29.4625
31.5
33.775
52.725
49.3625
21.0625
15.45
19.20625
29.0125
38.9125
50.2875
71.0625
63.1875
35
40.95
47.9125
59.4125
34.2125
28.6875
32.80625
33.625
39.8375
54.275
43.8875
39.9
28.825
31.8375
37.3625
29.6125
21.9375
18.1
26.275
38.025
44.5
61.1875
48.2625
43.5875
44.45
39.6125
43.9
32.15
13.8
8.525
12.55
20.625
30.45
39.3875
49.7375
46.9
58.025
79.075
81.6
81.4375
46.1625
31.4
11.29375
21.725
45.475
44.8875
43.75
45.05
42.325
50.175
59.9
57.0125
20.55
9
12.775
16.3375
20.9
40.8875
53.25
56.2875
50.0375
48.8625
58.5125
45.7875
19.375
12.275
15.625
35.3875
60.6
73.25
66.225
45.975
48.5625
46.1
65.05
73.2875
44.55
43.00625
44.928125
49.9375
57.925
65.3625
60.65
44.1125
44.2375
38.0625
39.625
46.2
44.6875
51.01875
53.365625
60.525
62.2875
61.8375
53.1875
42.85
45.4875
50.925
59.775
65.3375
61.3625
53.51875
66.840625
64.35
70.275
79.0875
70.85
47.325
48.05
64.1125
89.95
82.325
64.65
51.28125
47.546875
66.6875
77.1375
71.875
65.2875
43.55
37.475
39.9
59.1125
59.4125
23.8125
16.85625
15.303125
29.1375
36.9125
50.175
69.68125
53.9890625
47.325
60.3375
65.825
62.1
42.725
27.825
31.89375
47.075
48.4875
56.0875
61.0875
48.525
35.85
39.575
49.4125
40.7
13.1625
8.625
8.05625
14.5875
19.1125
21.275
27.1
26.1625
26.65
28.125
34.2125
22.375
7.8375
6.59375
5.934375
11.85
17
22.825
26.95
24.8
24.0625
32.2375
33.375
26.125
14.4875
11.91875
12.953125
23.3
21.3875
37.325
43.8375
30.975
33.8875
25.8375
29.6
14.7375
6.0875
5.21875
10.309375
15.5125
24.3625
32.875
40.7625
43.525
41.7125
54.8
72.9125
47.55
23.0125
18.68125
19.003125
28.8625
40.4625
44.9
44.61875
38.75
49.4875
63.675
81.7
71.1
54.5125
56.15625
59.528125
70.15
71.425
69.7625
59.2875
54.2875
48.025
42.9
61.3375
64.8375
33.1625
13.60625
14.040625
30.1875
41.0375
51.3375
50.975
31.2875
24.0375
31.85
54.4
33.575
12.0625
11.625
9.68125
12.2125
16.9
28.825
44.8625
42.575
53.6
57.1375
84.7875
64.7625
34.875
29.80625
14.246875
39.425
42.4
61.0875
66.4375
42.3
42.2375
33.1625
26.9625
25.3375
31.175
45.65
52.9875
31.8625
22.925
27.9
40.7875
26.25
22.2625
25.9125
18.6625
10.7
3.3625
4.16875
7.503125
6.0625
9.75
15.0625
20.025
21.0625
22.25
25.1
29.7
39.375
20.2625
28.06875
26.984375
37.2625
39.275
20.425
29.675
33.475
32.28125
52.20634765625
68.075
56.6625
16.9625
9.3625
12.0375
22.4
45.1625
36.9
41.0125
34.36875
29.95
28.4
36.675
41.8375
21.675
26
32.7375
34.9125
38.475
36.975
40.6625
35.0375
34.925
56.5375
62.7125
43.6125
14.15
8.5375
6.76875
14.3875
29.4625
35.5875
31.275
27.4
28.625
35.3
27.8
19.825
8.075
3.13125
4.190625
10.3875
16.075
19.0125
18.2625
20.1
61.45
61.375
55.325
38.675
20.65
19.03125
21.640625
21.725
25.775
26.7375
31.9125
32.9625
20.7875
27.275
15.9375
11.4
8.3375
5.15625
8.509375
10.525
18.4375
29.3875
41.6625
59.1
91.5
87.175
91.65
80.1375
56.7
58.85
59.2875
71.5625
67.6875
58.7
58.9125
40.625
46.0875
45.1625
47.7
34.925
14.25
9.50625
15.784375
40.775
45.8875
52
49.6625
43.1125
44.8625
52
60.425
49.975
17.8875
12.3625
18.63125
40.1875
32.8375
42.8625
50.2875
40.2
29.975
36.3375
50.4875
35.3625
14.4875
14.03125
18.840625
46.9125
41.7
54.6125
53.9875
38.0125
33.9125
33.9625
39.8125
26.0875
8.1
5.325
12.31875
23.1625
31.8375
27.2375
20.8875
19.5625
16.875
16.6125
12.7875
10.1625
12.4125
18.425
25.8625
30.9
46.8875
53.5375
45.7875
38.925
36.75
34.1875
34.7625
27.1
12.85
13.4625
20.50625
26.45
38.025
61.675
64.4625
64.6375
66.5
83.4875
90.6
62.325
50.0625
52.3
55.9375
62.225
70.1125
71.95
59.125
50.375
39.4625
41.3625
50.225
48.0125
31.2625
22.6125
25.45
40.2125
43.6625
63.6
75.775
71.1875
63.778125
78.35625
80.25
62.9375
52.8375
55.475
58.7
64.2875
72.175
76.9875
63.2125
62.5625
55.15
60.2625
61.91875
54.3125
34.325
26.375
35.24375
35.8125
32.6625
43.6125
42.3375
48.5875
48.8125
51.5375
50.5875
47.9375
32.8375
32.34375
38.490625
48.725
60.9
63.85
58.8125
47.825
49.2
46.1875
44.275
36.0875
35.95
42.3125
45.53125
46.575
48.2125
60.225
61.575
53.6625
61.40625
56.7875
69.6125
54.55
27.675
34.3625
42.03125
58.4875
67.6
75.2375
83.225
69.475
56.925
49.6375
52.6125
48.7875
43.5625
46.48125
54.690625
58.5625
62.325
69.125
72.75
79.6625
67.8
77.9625
83.8
69.075
52.0125
50.125
67.08125
75.075
73.4
77.6125
94.5625
96.275
87.6125
83.825
89.3875
83.5875
54.9375
49.13125
51.609375
57.575
63.4625
73.7875
73.075
76.2625
69.2125
69.05
70.6625
66.2625
58.2625
63.04375
59.559375
66.4375
64.975
62.325
69.7625
65.0875
64.45
63.4375
62.6125
47.6125
25.3125
30.10625
45.146875
47.1
51.2625
57.425
60.5625
56.4125
54.0375
44.9625
42.2875
36.825
34.875
34.26875
37.378125
47.875
52
55.85
61.3375
48.5375
45.0625
49.7125
55.225
47.5
44.125
45.55625
52.121875
63.45
67.175
69.475
72.875
84.5625
77.640625
86.476953125
87.275
72.1875
58.85
61.175
66.05625
74.225
70.5
72.05
73.0375
72.7375
82.725
74.9625
81.3875
72.4875
61.8875
61.43125
70.928125
74.55
74.7125
82.30625
83.8125
79.85
76.9
83.2375
86.575
68.55
55.0375
67.15
74.3625
89.36875
97.69375
95.65
91.35
90.6125
98.9375
92.775
89.5875
74.0375
68.7375
69.51875
72.990625
