"x"
36.1375
26.6875
20.5625
12.5
11.55
8.45
8.1875
9.3125
14.775
12.925
11.7
12.875
16.2
14.5375
12.15
9.5375
9.7625
8.825
6.4
7.55
19.6
18.225
23.21875
39.634375
33.8125
22.675
16.05
12.925
11.975
9.1875
7.4625
9.7875
35.6625
38.475
36.8125
36.0875
27.8125
21.1875
18.1
12.8375
7.1875
3.6375
2.225
4.525
13.475
14.2375
14.475
17.8
16.1375
13.05
13.525
5.6875
5.2125
7.35
15.975
17.35
31.1625
37.275
34.05625
38.915625
32.3375
22.4125
13.9
11.05
8.2
6.775
10.9625
9.7625
7.2125
4.8375
11.2
9.2875
23.0375
26.7875
44.05
24.4
20.375
26.5
34.4625
30
32.6
17.2625
11.3375
18.6625
36.3875
30.9625
21.2125
18.375
11.275
10.3
37.7125
43.075
60.45
60.2625
75.14375
71.840625
53.3
57.1125
40.3125
19.725
16.8625
24.65
26.0375
69
51.025
45.0125
53.1875
65.66875
70.95
57.95
34.55
14.65
13.2
19.1
17.675
22.3375
46.75
40.45
27.35625
22.540625
24.7625
31.125
22.3625
11.025
10.4875
14.9625
15.65
14.625
21.5
17.7875
20.28125
24.590625
28.875
28.9
19.6625
11.625
22.225
46.575
98.85078125
79.9
62.05
64.5
29.68125
18.740625
24.9875
34.2375
37.1125
24.9375
22.6375
21.75
28.1625
33.925
36.875
29.2125
23.0625
20.6625
22.225
26.525
28
25.9625
20.625
14.625
19.0625
32.75
48.1875
41.975
48.1875
32.05
36.975
31.25
19.475
23.4625
21.675
22.875
19.425
29.8375
32.075
37.1375
37.2
38.60625
57.95
36.8375
12.65
10.8875
8.65
10.8
12.6625
12.725
16.6625
26.7875
26.03125
31.378125
35.325
31.2625
33.15
25.875
25.7
27.55
32.8625
32.275
37.5875
16.4625
9.39375
10.534375
46.8875
56.8875
44.3375
41.25
28.9125
22.875
27.31171875
29.00693359375
27.45
16.9
14.625
15.275
18.525
24.9
25.95
45.375
50.175
49.15
39.7875
62.3625
36.4
10.15
6.3
6.3
10.15
25.475
27.9
35.325
43.9
74.3625
64.55
37.925
49.525
53.9125
52.50625
61.528125
44.975
43.0625
52.2375
37.1875
18.1875
15.65
19.725
19.9375
37.8875
33.3125
37.7875
42.0125
49.3625
76.3875
67.55
54.35
49.4875
45.1875
43.2125
45.3375
27.075
16.275
14.64375
26.571875
36.575
35.2875
34.5125
27.8625
24.5
27.1125
27.6125
19.9125
19.675
16.4625
15.075
20.5375
34
43.825
50.6125
41.3875
45.975
33.775
29.7
35.375
37.8375
27.1
27.63125
29.078125
54.625
65.2125
64.5125
60.9875
50.05
34.2
39.0625
47.8125
39.3375
22.5375
26.25625
25.909375
42.3625
55.975
57.7
54.425
53.475
54.1625
66.9125
73.325
63.125
31.5
25.48125
48.746875
56.225
47.75
51.0125
33.4625
17.8375
16.5375
18.95
19.8875
25.8625
24.225
24.525
34.4625
50.6875
49.4
48.3375
47.3875
48.1125
47.175
46.2625
43
42.325
44.45
51.04375
52.803125
53.3625
55.6875
62.6875
82.4375
98.5
89.8125
78.275
64.225
53.275
53.2875
60.7125
62.48125
64.4125
66.05
64.975
63.6
57.1125
49.2875
45.0625
64.6
63.4625
52.6625
50.4375
55.5375
61.4
63.3875
60.125
67.2375
58.7375
42.396875
46.3828125
61
55.7125
38
30.90625
46.8537109375
53.0686614990234
56.6125
55.9125
56.4625
47.1625
37.85
42.775
39.65
33.825
17.225
17.86875
17.665625
25.0625
37.975
37.375
36.1625
32.7625
31.0625
28.9625
33.9375
33.3375
27.475
25.5875
25.55625
31
37.7875
39.525
34.8875
35.175
45.1625
43.1125
39.8875
46.5125
51.475
53.9125
54.0625
56.3375
57.7875
55.525
52.7375
41.6125
47.4625
46.025
48.625
46.45
46
49.05
50.4625
49.1875
51.875
51.2875
49.15
46.6375
52.35
50.65
48.975
49.225
47.2625
46.9375
43.06875
51.4375
47.5125
50.575
47.675
47.625
51.2125
50.6125
54.125
56.1875
55.875
57.2375
59.8875
60.35
62.2375
58.725
56.1
51.2875
45.834375
42.05859375
43.525
47.1625
43.65
46.7125
51.5875
48.275
48.2375
46.675
48.225
43.975
36.1875
32.6375
35.3
29.625
23.4625
20.2375
24.39375
26.3625
33.3
43.825
51.525
41.675
34.25
29.7125
38.5625
33.3125
19.7375
18.575
23.1
28.125
28.1875
24.0875
24.7375
28.175
28.9125
25.425
25.225
18.525
12.5625
14.31875
16.165625
19.0125
19.0875
29.9875
28.9625
28.5
28.8125
29.65
30.3375
22.5125
12.05
10.56875
16.746875
26.1875
27.4875
30.275
32.8625
33.8875
34.625
32.5125
34.5875
30.675
22.525
26.95625
28.628125
39.0875
43.7625
45.475
48.3375
24.0125
21.625
23.2625
28.15
31.8125
19.575
20.95
29.31875
32.8375
36.55
53.3625
43.9375
48.45
49.675
62.4
60.9875
56.4625
45.7125
53.925
62.175
69.4875
73.875
90.7875
73.5125
58.8375
44.4625
56.075
60.9125
52.6375
25.1
20.4875
31.81875
45.975
54.1625
52.5125
35.8
17.7125
9.5
13.9125
23.9875
17.95
7.5125
4.14375
6.278125
18.4625
24.7625
27.275
22.9375
14.6125
17.475
31.3125
21.6875
21.575
17.375
21.7625
36.9875
55.65
61.1
64.4125
58.6375
57.4375
52.85
55.3375
39.85
32.0375
33.175
50.59375
48.496875
48.6125
50.6
47.325
51.7875
42
37.1
40.35
62.4125
62.2125
55.05
60.45625
67.290625
75.975
83.65
83.2375
63.375
37.7
35.9625
38.3375
62.25
56.1
28.8
24.425
31.6875
48.725
41.8875
45.9125
52.1375
45.8625
35.5625
41.125
48.35
37.0875
16.2125
14.69375
29.421875
50.0125
62.6375
75.025
76.2125
58.1
43.5125
80.65
62.6125
61.125
58.3875
52.85625
43.203125
35.5375
41.525
52.1125
50.0625
37.6625
34.2875
33.1
36.5125
36.975
35.875
41.71875
49.684375
57.975
62.5875
76.4125
74.425
63.725
45.35
33.7125
55.225
52.9875
44.1
50.1
56.3875
56.95
62.75
69.0125
66.0375
40.6875
47.375
44.4625
46.3625
49.7375
43.7375
33.84375
31.303125
44.025
59.9
65.3125
80.8125
57.4
46.7375
32.575
67.925
61.1125
21.7625
19.00625
29.884375
63.175
81.55
77.7625
59.0375
58.3875
47.5125
56.6125
51.4625
45.6875
34.1625
36.2375
48.6125
44.0875
45
48.975
48.675
44.73203125
39.2625
36.9
42.55
39.075
28.875
26.8625
36.50625
43.125
48.5375
53.3625
53.0125
49.5
39.25
48.0125
43.95
40.425
34.6375
32.65
33.075
35.5125
46.2625
55.0625
76.15
67.3875
98.2875
96.55
65.85
42.8875
22.7875
21.71875
32.196875
40.1
43.3875
41.5375
39.8375
30.7625
29.4625
32.45
32.7875
33.15
32.6625
36.925
39.7625
41.3875
33.975
33.8375
39.225
44.6375
45.625
46.325
39.4125
37.0375
36.5
38.0625
53.03125
60.3125
67.8625
75.4125
79.3375
56.425
44.975
58.0125
63.4125
62.2875
42.1875
36.06875
60.409375
56.525
59.075
76.6125
57.525
52.425
26.525
35.475
32.2375
16.55
19.4875
24.05
26.4875
33.7375
49.8125
74.5625
78.9625
53.925
21.3625
34.025
63.8625
61.825
29.0625
34.2
57.89375
70.8
73.175
70.825
69.8875
36.4625
34.9625
30.6125
53.6625
53.4375
20.2375
17.05625
23.928125
36.55
51.5125
64.475
47.7375
27.625
20.325
22
55.125
53.9625
17.4875
23.1
49
33.5
29.2375
38.225
40.5625
23.3875
41.2875
46.15
29.625
33.2375
31.35
37.06875
40.059375
67.325
64.9375
66.35
57.7875
27.225
26.15
25.0625
36.5375
34.8375
16.3125
9.6
14.825
16.975
26.6
30.1125
25.6875
35.3
46.1375
42.875
55.0375
48.575
40.4
38.90625
31.978125
30.625
38.25
59.5375
34.25
19.7
15.0875
14.85
28.8625
28.55
10.5375
7.525
13.025
27.675
42.975
62.9375
62.375
35.3875
29.725
40.0125
50.0125
30.7
13.05
14.7875
20.2375
33.5
47.475
59.0625
67.6375
51.85
56.8
69.575
100.15
82.9125
69.1875
97.4
83.725
79.725
81.5375
85.6625
75.85
25.1375
18.8875
18.4375
40.05
43.8
20.375
17.00625
34.046875
59.3
71.95
69.525
42.275
17.9125
17.25
18.7875
27.9125
20.975
9.7
8.16875
9.953125
23.5625
42.7375
53.5
52.3
57.1375
61.875
56.275
46.975
42.3125
34.5
19.15
20.275
25.0875
30.925
50.9375
51.075
53.1125
42.2
48.1125
57.4875
54.2
42.075
53.6125
61.8
62.9875
66.4625
67.9
68.975
63.3125
61.075
56.2875
56.0625
55.3625
41.65
39.3125
39.125
42.65
51.5625
56.05
58.25
52.125
47.05
40.225
39.125
39.875
23.0625
20.55
32.8125
39.3
57.8875
60.2125
61.55
43.3375
48.2
38.2875
56.7875
69.5375
62.3875
66.8875
75.58125
83.8125
91.725
102.4625
65.725
22.7
19.725
21.4125
47.8625
44.1375
19.7375
19.7
20.6
25.0875
22.9875
14.9
8.7
3.6
3.6
4.8
4.2
3.6
3
6.4125
13.475
24.5125
62.4125
72.8125
61.6625
19.65
9.8375
10.4
11.9
15.8
8.625
4.18125
4.034375
6.2375
13.35
32.8625
35.225
26.4
34.4875
21.4375
28.35
43.3125
23.8125
21.9625
34.7875
48.9
53.65
62.1875
59.6
40.5875
38.4125
56.6
86.0625
60.2375
42.4125
23.40625
19.671875
27.25
32.5375
50.275
37.1625
15.475
9.5125
11.5125
11.6375
20.7
10.8625
5.05
4.95
9.8875
17.5375
49.1875
54.25
41.85
34.95
40.925
53.3875
51.9625
26.625
14.175
15.5625
44.025
66.0625
74.1625
61.775
32.5125
23.9625
55.5875
58.75
50.975
43.6875
33.9375
28.2875
23.4375
19.875
22.075
31.3
39.4875
42.5375
48.3125
53.4875
50.825
42.9875
49.3625
60.43125
67.3875
76.2375
81.2125
60.3875
22.0875
16.0875
29.4
45.6375
50.7625
43.1
43.19375
45.759375
54.65
56.025
57.95
51.475
25.925
27.2875
37.2625
44.8375
45.5125
37.2125
35.0625
39.8875
49.1
49.075
60.3375
55.35
24.925
22.6
28.3875
37.1125
38.7625
34.4875
28.25
23
22.3
27.1875
32.725
25.85
18.725
12.4875
15.7
17.475
24.0625
17.75
7.73125
4.209375
10.4625
21.5125
26.8125
29.0625
45.8875
42.575
36.1
46.575
44.675
28.6125
26.0375
27.8875
32.375
41.4625
44.1875
43.275
34.35
23.6
20.55
23.8125
27.475
14.3375
9.55
11.275
14.4875
17.225
13.3125
15.975
33.5375
45.45
49.3
44.9625
35.8
30.925
34.6375
37.625
43.375
47.825
58.2875
37.9
15.0375
21.0875
34.575
39.75
42.2375
41.95
44.7625
46.08125
48.85
53.675
46.5875
44.525
36.725
33.9
25.5375
25.725
33.3125
34.175
28.95625
29.159375
34.9625
35.525
33.725
36.9125
31.1
26.5875
25.1875
27.1125
32.35
29.2375
21.6375
25.3625
36.95
43.05
44.4
42.3125
27.65
20.25
19.76875
26.6375
43.75
43
40.075
42.2125
45.35
39.3375
38
42.2625
27.525
19.3625
22.6875
52.5125
58.85
49.7125
50.59375
56.565625
58.7875
69.5
76.6
72.7375
59.9
49.5625
49.7125
64.9625
50.7375
36.5625
33.7
35.6125
47.95
44.95
32.6375
27.4375
12.375
6.3625
8.5625
4.9
1.8375
-0.5
0.8
1.76875
7.1125
9.4375
16.4625
22.325
10.3625
9.4625
13.6625
33.85
34.7
37.125
43.325
46.3
47.6625
53.3875
59.425
42.525
15.725
12.2625
23.65
44.8875
48.8375
32.675
37.75625
41.209375
48.3
59.95
61.3
33.05
9.4
5.8875
9.7875
24.9625
35.4625
19.55
15.4625
19.5
45.0375
58.3875
65.65
42.325
29.1375
45.3875
69.725
67.675
63.5125
60.5625
65.41875
72.003125
75.5125
85.625
90.6875
97.1
69.4625
79.85
90.9875
78.7
68.2375
50.9875
45.90625
46.359375
56.175
76.7
84.2875
69.3
34.3875
36.7125
52.1125
62.95
64.1
34.425
31.16875
39.828125
55.35
69.3
74.6375
28.625
16.125
14.45
21.5375
36.875
33.675
26.7
27.775
35.95625
49.8125
59.725
55.0875
52.75
45.7125
43.775
37.675
55.6375
40.2875
31.425
36.6
49.93125
63.2375
58.7125
51.825
38.4625
20.25
23.175
24.4
42.075
46.5
32.5
31.45
37.8
41.8125
51.6
58.25
33.4125
11.6125
7.35
5.2375
8.7
25.525
8.825
6.40625
14.678125
20.4
28.625
56.725
38.75
24.525
14.9125
21.8875
35.35
42.725
30.9375
13.13125
10.165625
32.625
29.2625
49.6125
34.7125
22.8375
17.525
15.4125
20.375
42.2125
33.1
15.75625
8.303125
10.6625
25.1125
25.35
21.3375
13.3375
14.1375
12.825
15.075
15.4875
10.45
3.84375
0.284375
3.45
5.4375
8.25
5.9875
3.4625
5.7125
3.5125
5.75
9.075
8.8375
5.2
15.825
46.3125
53.7375
64.4875
33.675
12
8.925
12.625
27.45
35.9
35.8875
31.51875
47.109375
58.625
65.1125
66.4875
36.6125
18.225
13.9375
15.025
29.5375
48.525
34.525
18.46875
14.028125
20.2
40.5375
57.3875
36.675
17.15
15.3375
15.875
20.3
38.3125
33.3625
17.28125
12.746875
13.5
21.5625
36.4
38.9
22.55
16.175
12.1125
27.60625
44.325
33.2125
20.3125
25.75625
27.4
33.7875
41.2875
45.475
36.9
22.15
16.075
19.7125
39.075
43.175
33.2625
27.66875
25.95
26.5
31.375
26
21.025
15.0625
12.95
23.4375
59.1625
46.3875
29.7375
14.39375
20.675
22.85
24.5375
11.275
5.775
7.15
8.25
6.6
6.05
4.125
7.9125
4.34375
7.15
7.425
10.45
12.1
14.3
13.475
14.3
18.25
17.925
10.45
8.9375
10.24375
20.9
27.775
38.5
29.9375
22.1875
18.25
22.875
24.4
29.25
34.1125
26.1
18.825
20.5875
32.075
33.5
27.975
23.175
17.1375
19.825
26.6625
38.825
37.725
23.4125
26.64375
15.8625
17.5
25.2
23.475
18.7125
23.3875
20.43671875
39.6125
44.675
28.45
31.16875
32.334375
46.6625
66.85
66.3125
23.3
12.625
12
15.5
30.2125
44.0375
34.7
27.31875
34.615625
26.3125
21.875
33.7125
48
59.1375
33.2875
30.4625
38.6875
43.425
35.9375
35.1625
40.3875
46.975
55.7625
49.475
27.025
19.4125
20.625
24.2625
38.1875
33.125
25.15
35.75
46.65
34.525
44.225
33.175
19.2625
13.75
11.4375
18.6625
21.975
15.075
8.1625
11.225
14.3625
15.4875
16.45
20.2
15.9875
11.8375
12.7875
21.4671875
28.1375
42.5375
17.725
14.8625
14.9375
26.8875
35.3875
35.9375
24.05
18.5875
21.175
36.7875
65.6875
60.1625
52.9375
62.99375
78.634375
96.7375
89.775
65.2
40.0375
27.7
14.6875
24.5375
53.025
58.5625
43.5375
30.15625
32.459375
61.9375
80.9
68.8625
44.35
30.3375
19.25
26.25
35.8625
42.2
32.5375
22.11875
15.290625
21.65
35.925
36.775
22.775
20.003125
17.8
20.85
30.65
44.475
37.5625
40.825
45.4625
68.25
47.0375
31.825
17.175
8.5125
8.7875
10.6
16.1875
18.3875
16
16.06875
16.796875
19.225
27.3
26.1375
15.85
9.35
7.1375
9.0625
6.65
13.4125
17.6625
7.45
6.325
14.0875
22.725
27.6875
21.2
21.8
20.2625
19.4875
25.6375
29.4375
22.6375
17.59375
33.290625
37.5125
45.8125
34.5125
22.5
16.925
27.9625
26.775
32.4625
30.1375
41.0375
55.29375
48.640625
57.6875
75.3625
77.825
28.2125
7.825
10.075
11.675
15.275
28.725
19.5875
12.76875
9.328125
25.75
24.35
16.4375
11.2375
12.125
14.0625
11.3875
16.0125
16.3
8.95
4.55
2.7625
3.725
5.375
9.125
9.95
10
9.6625
7.175
7.2
7.9875
6.0625
8.20625
3.596875
5.7375
11.975
15.7875
12.2
7.325
6.2625
7.7625
10.475
12.45
14.6375
19.13125
15.309375
26.3625
27.25
34.2875
13.2375
10.475
6.875
5.6875
11.9625
21.425
32.9875
41.16875
43.134375
51.05
37.8875
38.2875
20.3625
12.825
11.075
18.1375
40.9
39.85
35.4875
42.6375
48.2
62.05
45.1375
32.8625
13.825
13.6
36.9625
36.75
34.2875
42.325
34.9625
33.375
37.4
29.9125
38.1625
48.1375
19.2375
11.9625
10.484375
9.95
13.6125
20.1125
22.0375
15.84375
10.765625
16.7875
30.3375
30.7
20.8
20.425
18.45
18.25
22.125
23.1375
21.75
20.25625
26.846875
29.35
29.3375
25.3375
17.45
14.375
27.925
38.4625
21.6125
24.7125
21.9875
23.79375
27.165625
49.6
46.3625
40.4625
27.325
16.5125
18.4375
21.8375
18.1125
10.575
25.3625
46.04375
29.315625
40.5
42.65
53.9375
30.3125
16.875
13.35
20.25
52.85
40.0125
33.5625
46.2375
60.50625
22.8
28.7375
38.8375
48.9125
29.925
23.225
30.9875
43.875
44.9125
25.425
13.725
14.7875
22.125
36.4625
33.95
28.725
31.4875
45.8125
58.2125
49.45
45.925
44.9875
29.73125
38.509375
41.95
39.9875
35.4
29.1
27.75
22.6375
23.7375
26.675
36.025
33.6
23.85
25.85
29.35
26.35
15.8
11.5
18.0125
14.75
15.6
14.9
17.85
36.45
48.45625
52.321875
63.55
64.95
33.0125
16.2
14.45
12.3
12.9
17.575
21.2625
21.9
32.925
40.4375
39.7875
36.2875
17.8
16
19.0375
25.8625
21.7
21.3
22.2125
18.0125
14.75
19.5
30.4875
25.5
14
9.95
10.1
13.4375
16.1
13.8125
13.35
17.85
22.4375
28.525
34.7
29.15
16.6875
11.5
9.3875
9.0375
11.05
9.825
11.5125
11.2375
10.06875
8.184375
14.1875
21.15
14.45
21.025
15.9
16.9375
13.2875
18.1875
25.9
19.6875
15.775
18.9625
21.85
24.8
22.325
14.9
11.3
9.85
16.875
18.4625
29.45
32.9625
32.975
31.6125
34.6875
41.35
19.2875
10.9
9.4
7.7
7.95
7.7
8.9
10.4
14.8
20.2625
22.725
17.0375
15.3
12.85
9.375
10.1625
19.3875
35.4375
45.0125
52.4625
51.08125
44.609375
55.5
38.575
27.1625
33.775
41
37.75
31.6375
25.1
29.8875
36.175
34.0875
30.7125
27.575
28.1
29.85
28.15
20.725
15.025
15.3125
15.7
26.875
29.275
27.85625
23.221875
25.7375
34.775
27.4875
16.95
15.7375
14.375
16.9125
16.875
20.0625
20.4125
18.95625
15.009375
20.2875
44.9875
24.45
15.9875
11.375
10.075
15.0875
31.8625
51.8125
53.875
59.0125
44.55
37.85
43.9625
35.275
15.0875
10.2125
8.5625
11.2375
26.2
52.2875
41.3375
45.1375
57.65
52.1125
41.2125
20.9
8.75
5.3375
5.1
4.6125
8.8625
20.025
20.0375
26.09375
29.309375
48.4375
50.8
20.8625
8.5
6.3
6.5375
8.025
14.9
19.125
24.95
30.3625
32.975
47.25
47.775
35.9125
36.5125
31.4
33.0625
37.4375
50.625
37.7625
36.575
35.1
34.35625
40.1125
42.525
43.45
15.575
9.5875
13.95
13.425
12.5625
20.675
17.075
19.50625
15.653125
26.7375
22.85
18.6875
16.575
19.1359375
18.85
19.925
16.875
19.9
17.675
15.30625
19.384375
34.65
25.1375
17.1875
16.4375
15.575
22.35
27.225
27.9625
31.7125
24.9875
18.8125
24.6125
33.325
34.7125
29.6625
25.4625
20.775
18.0875
16.95
25.6
24.1875
13.0125
7.34375
8.671875
16.5875
17.3375
15.225
10.9875
15.5875
17.2875
18.0875
13.3375
15.275
14.2125
8.175
17.95
37.05
38.5625
22.5875
13.525
10.6625
12.0875
10.9375
8.7
10.0625
7.1375
4.275
4.2125
14.7
50.0375
42.2625
36.1875
30.825
33.5
32.8375
34.85
39.25
21.2375
11.65
10.525
15.6125
20.075
23.275
20.525
14.8375
10.95
7.9125
9.7375
15.1375
20.4375
12.55
13.2125
27.2
44.975
33.3
19.9125
22.9875
16.0625
15.965625
13.55
26.5125
11.8
13.4
22.225
31.1625
27.775
21.7375
20.0125
12.6
12.5625
11.1625
13.275
19.1625
17.5625
8.14375
7.921875
15.45
13.9125
13.575
15.9375
14.1125
9.6
10.2875
22.15
25.925
10.3875
5.475
4.9125
10.0125
13.95
15.4
12.4125
11.475
9.75
11.9625
8.0125
8.0875
13.9
16.36875
21.715625
21.625
25.0625
15.7
9.8
7.3
6.6
7.825
7.275
13.05
19.775
15.20625
21.103125
32.8875
34.075
18.7
15.6875
12.15
12.4
9.4
9.95
15.825
17.1625
11.94375
10.796875
21.675
25.275
14.1375
12.0375
11.3125
10.2625
14.3875
11.975
14.0625
10.4875
7.25
7.9
14.1375
19.675
14.6375
17.2
11.6625
10.525
16.0875
23.9
26.8375
22.4
21.09375
21.734375
33.7125
28.15
22.2
18.4875
12.075
10.0875
9.2875
11.8625
18.275
21.7875
21.21875
14.796875
18.2625
24.9875
14.1625
10.8
10.0625
8.4875
6
10.5875
11.0625
15.4125
15.125
13.70625
28.35
36.2375
13.9625
7.4875
3.6875
3.925
4.6875
5.3125
5.55
10.0125
11.54375
9.346875
12.375
12.85
17.9
18.125
12.2875
8.1875
11.2875
11.35
11.05
10.6125
11.14375
29.165625
38.3625
38.7125
20.775
17.75
13.6375
10.825
15.4375
29.8125
27.7625
25.0625
40.0875
46.8
32.2875
32.1875
32.625
26.4875
32.95
33.3
55.7
62.6875
48.1125
36.1125
40.1
51.49375
58.9625
53.2125
20.225
10.6625
8.5125
10.2
9.703125
13.425
16.0625
15.85
12.55
10.7375
18.3
15.95
13.8375
7.975
5.9125
9.125
37.3
35.275
21.7125
12.425
16.30625
33.290625
34.075
32.675
15.6875
14.8875
12.9625
11.1625
16
22.475
29.15
36.1125
20.35
26.45625
33.5
44.6
28.9
12.6125
12.8375
9.7625
10.475
11.0375
8.7625
5.8625
9.88125
20.140625
24.725
20.225
18.725
13.9625
10.5875
7.6125
9.4
12
14.35
9.55
7.98125
4.390625
10.5875
20.525
36.225
32.625
34.8875
26.425
22.0375
22.2125
22.0875
12.925
10.70625
12.665625
17.95
23.2875
23.8375
12.3375
10.7
9.5375
10.725
21.4625
42.625
29.3875
8.15
8.45
18.6625
16.2875
16.8625
15.9875
11.9125
7.3625
9.4625
15.5125
20.45
26.55
30.16875
19.671875
30.675
30.1375
18.125
17.225
12.8875
9.6375
9.7287109375
11.3875
19.75
18.3
14
15.175
34.575
29.9625
15.1
10.175
20.7625
16.45
14.85
14.5875
16.6
10.625
8.19375
10.628125
14.25
48.5375
34.05
25.875
20.175
15.425
10.2
8.3625
12.9375
12.5875
19.475
32.53125
32.8875
49.875
41.6125
23.7375
21.8625
26.225
31.8875
31.25
30.9875
35.15
47.03125
47.578125
61.25
56.6625
39.825
29.175
28.1125
34.35
45.1375
40.05
36.575
25.55
21.33125
33.796875
46.0875
47.5625
44.3875
38
29.1
24.2875
26.775
23.7625
19.725
20.95
13.81875
10.096875
9.975
14.2875
20.525
28.4
27.4375
22.125
19.0125
20.225
16.825
16.25
16.25
29.71875
35.1
49.875
40.35
31.8375
27.0375
10.85
12.7375
15.4875
26.8375
10.3125
10.84375
16.546875
9.325
12.6375
18.65
13.5625
15.1875
17.15
15.15
13.625
7.1875
5.95
13.74375
56.934375
66.2
56.8875
36.475
23.55
14.35
17.8875
29.85
35.925
28.8625
25.55
29.91875
30.296875
30.65
35.2125
22.9625
18.475
13.9125
17.95
22.425
25.425
45.5375
41.2875
38.46875
47.040625
59.2
78.6
30.4625
14.2
12.875
10.075
7.0875
10
15.55
19.125
20.51875
35.684375
57.0875
57.3125
50.475
29.275
20.6875
18.3
14.5625
15.725
21.7125
17.025
11.7625
19
35
18.75
10.1
8.875
7.4375
11.7125
6.427734375
9.3125
17.5875
13.3375
5.88125
10.871875
13.1125
21.525
19.1125
20.5125
30.5125
23.3625
21.45
18.4375
25.25
27.9625
29.625
43.00625
44.3375
40.9
29.9375
21.025
23.3375
18.9875
44.9
58.175
63.75
40.3125
33.60625
47.990625
58.7875
45.9375
27.6625
21.4125
18.7625
12.75
12.4875
10.1125
14.075
13.9375
14.625
12.6375
20.6875
18.8625
15.9125
12.55
6.4
8.1
9.0625
6.2875
8.8125
6.75
5.05
7.4625
11.7625
15.6375
23.3625
17.9875
17.0375
10.8875
10.9
18.9375
32.15
13.8625
10.95625
13.228125
20.975
20.2625
18.85
16.6125
12.682421875
10.1175094604492
10.5375675916672
17.425
23.3
12.9125
7.2625
10.625
22.425
29.0625
24.425
22.4875
18.3625
16.425
21.0234375
20.1125
29.5
17
8.73125
11.453125
20.3
34.6625
49.3125
36.625
21.9875
20.2375
20.8375
30.9625
28.9625
24.675
15.48125
24.328125
31.1125
48.4125
29.9375
24.2625
23.75
21.4625
18.8375
26.4875
39.325
30.5
21.46875
20.128125
23.65
28.4375
21.475
12.5
13.9875
12.25
13.3
13.425
12
8.6875
9.30625
11.265625
20.65
21
18.5
14.2125
13.4375
18.8
18.5875
26.0875
23.7625
14.675
24.71875
26.471875
25.4
28.5875
32.3
31.225
26.9625
27.525
33.975
43.375
51.1625
44.65
27.1
27.34375
38.7375
41.7
53.025
52.325
43.8125
42.325
44.5125
42.3625
58.675
49.05
50.55
49.65
52.9375
50.025
28.5625
21.3125
19.9125
17.4375
17.85
19.325
28.6625
27.15
13.68125
19.271875
25.7375
26.5375
28.625
22.1125
20.225
17.5625
16.875
14.0875
25.275
13.8875
8
12.6
28.4875
44.7125
48.9875
50.975
43.5125
34.65
38.4375
37.85
44.4
44.9375
36.51875
37.034375
41.6875
37.925
30.8
29.6375
31.3125
35.925
43.2125
48.0625
28.8375
26.0375
19.14375
21.928125
43.9
44.15
47.85
25.6375
21.325
20.875
19.275
19.275
22.625
27.925
22.3
25.55625
54.8875
52.8
57.8625
39.525
36.9
40.8375
38.825
38.4375
32.975
26.0125
14.5375
10.81875
17.2375
26.9625
31.8875
33.7
21.55
15.825
16.75
20.1
30.75
17.95
7.325
6.2625
10.3
13.65
19.925
17.75
21.7
21.55
25.53828125
28.6125
31.425
33.05
33.91875
35.484375
58.2625
42.525
42.65
44.5875
43.3
43.675
34.5875
40.4
40.15
22.9375
11.70625
14.046875
22.7
34.5125
30.9125
18.6125
14.1375
16.8
15.6875
13.3375
17.1625
9.375
2.25
3.5125
4.825
7.7625
8.2125
9.475
7.375
4.9125
5.75
4.1
7.9
9.5625
10.20625
13.915625
23.3875
28.0125
22.2
13.375
10.5125
9.1125
12.8625
11.95
21.875
15.625
12.075
15.53125
29.8125
30.225
28.5625
14.2125
17.9125
21.075
20.525
21.5125
29.425
35.1375
35.09375
44.259375
63
64.1875
35.55
29.925
18.375
14.375
15.55
18.0875
40.6375
37.725
25.58125
35.603125
59.5375
58.425
35.55
15.425
14.7625
11.225
9.875
13.475
16.6625
16.5
12.63125
10.053125
19.025
23.9625
35.3125
65.775
34.5625
30.2125
25.05
25.65
35.35
23.2125
13.45
8.70625
18.7625
16.3125
14.275
16.1875
9.375
6.95
11.8625
11.75
16.1
7.8625
3.8
4.6375
7.5
16.075
17.325
12
9.1625
8.4
7.6
11.1875
15.2
12.8875
10.31875
11.053125
21.925
31.9875
30.2875
16.2875
11.4
12.95
12.5
13
16.8125
19.95
12.1375
7.6
9.525
13.6
12.8
17
16.5125
27.1625
40.125
41.3
36.7625
19.25
21.575
28.9375
68.825
62.325
54.95
24.075
18.7
19.0625
17.025
16.3125
28.95
17.4125
28.45
48.05
59.7375
62.7875
47.575
31.6125
32
47.4875
42.547265625
38.2638671875
37.55
32.9
33.49375
37.784375
42.225
60.0375
51.675
27.95
27.5
34.4375
34.125
37.9
44.0875
32.325
16.5
17.1
27.7
28.5
22.9
19.4875
17.8125
20.6125
30.3125
45.5375
69.8375
71.025
43.19375
45.953125
63.6
62.35
33.025
21.2875
18.1625
20.375
26.15
40.2125
46.2625
41.4375
53.13125
72.353125
80.3375
72.475
55
42.1875
38.375
40.0125
51.775
67.875
54.5375
34.1875
35.275
40.04375
50.225
68.6
57.9125
26.25
28.4125
21.5
23.0875
32.9625
44.4125
33.7125
37.74375
36.128125
66.7375
82.6875
82.6375
54.975
22.9875
18.3375
18.3625
25.95
48.3375
39.5875
15.85
13.625
36.3625
40.625
55.6375
37.4
25.35
27.375
43.525
54.725
78.7
59.6625
55.31875
62.771875
52.2375
53.05
50.8625
36.9875
33.15
31.2875
27.95
61.4875
72.05
47.1375
45.55
60.21875
56.925
75.5
72.75
49.0125
29.05
19.55
20.4125
26.9125
41.075
39.2625
41.4625
50.325
62.9375
49.3875
31.95
20.7875
19.5625
13.4875
11.725
22.3
39.5625
45.1
40.25
41.95
30.6875
24.2375
20.575
14.4625
10.825
11.225
11.375
12.8875
11.45
9.125
8.5125
4.10625
6.65
11.9
19.95
21.9125
22.5875
18.2
19.6125
24.5625
21.2375
15.3875
11.91875
23.953125
55.1375
57.9625
45.4875
32.05
29.9
26.225
22.9
21.675
42.525
28.4125
14.9625
11.6
16.7125
24.4125
32.125
22.675
18
20.325
20.3125
22.6375
32.5875
21.8125
8.9
10.95
6.4875
10.9375
14.1875
18.15
16.4375
17.6375
18.3625
23.575
26.775
35.025
20.09375
19.978125
31.225
56.975
47.9875
29.35
21.4625
19.2625
13.8
19.7
43.1625
27.85
11.54375
9.403125
8.5125
16.2125
22.625
11.2
11.5625
11.45
13.45
11.0375
12.5625
11.7
11.3
14.55
19.0375
19.4
21.3
18.65
14.65
15.4
16.9
18.1125
21.925
19.8125
19.6
22.725
36.7875
44.75
53.875
43.65
40.9625
39.9
39.575
38.025
40.4125
39.5
30.7
36.375
57.9
84.0125
80.6875
41.3625
35.4875
37.5875
30.85
31.425
43.7625
52.3125
53.80625
62.521875
83.325
101.375
72.7625
57.45
48.6625
49.4375
59.05
65.375
79.85
65.05
39.5375
53.3375
60.2375
63.225
68.375
69.725
61.8625
51.2125
59.5875
62.225
65.5875
51.625
60.14375
74.659375
75.6625
66.975
46.375
27.1625
20.6375
15.7125
21.9375
26.725
34.5375
16.1125
11.7
14.1
24.975
32.425
35.1125
23.45
20.625
23.4375
16.3125
18.5875
39.325
51.9
72.275
64.725
69.2875
98.2875
73.5625
29.95
20.6875
21.3625
80.925
89.25
62.1625
46.8
49.76875
67.353125
90.8375
98.25
77.5625
63.8875
57.2625
39.3125
53.2
61.55
52.7125
46.675
52.475
60.40625
72.8375
84
70.475
48.625
44.325
37.95
39.675
50.975
40.4375
41.1375
48.0375
50.85
51.375
55.075
52.65
33.3375
21.9625
24.425
20.65546875
32.05
52.4625
46.05
51.60625
52.390625
57.7375
64.625
54.075
26.9625
21.65
17.9375
15.15
12.75
20.95
12.8125
14.425
31.3
66.8875
88.5375
83.1
42.25
41.9125
41.15
48.325
74.5
51.5
43.9375
48.8375
54.75
59.075
57.025
43.3
29.7
22.5
19.65
18.65
30.125
51.225
40.0875
54.2375
59.4875
44.9
40.975
34.4125
26.1
15.7
14.9
19.325
19
18.65
7.2
10.2
17.1
34.9125
65.5
69.225
36.3125
18.925
14
18.475
33.8125
44.025
15.55
12.4
25.6
39.2
47.65
47.1625
21
11.4
12.55
22.65
27.075
32.5625
9.2
10
9.4
12
26.1
59.1875
69.5
36.7375
27.95
25.5875
44.7375
34.125
12.8
9.2
9.4
35.6625
62.9875
59.7625
53.175
23.3
19.825
19.325
26.7125
34.0375
13.2
11.2
11.2
12.4
16
18
22.25
20
29.2375
40.3625
48.3625
37.475
27.375
14.775
23.5
33.725
38.85
34.1
27.1875
14.775
19.3375
25.35
45.25
53
50.575
61.55625
64.371875
71.0875
75.3625
78.9
54.5875
26.175
24.775
29.9625
38.0875
47
36.6375
58.6375
62.8875
62.75
66.7
61.6375
44.6375
43.7875
36.4875
33.95
32.9375
28.575
19.75
18.7
23.4625
24.325
23.6
28.7
30.1125
28
19.6375
18.95
17.475
16.625
4.4
6.2
4.5
19.75
24.8625
25.6125
23.9
23.525
16
24.8625
25.425
23.3
7.55
7.175
10.3
19.75
39.55
50.95
53.1125
40.4625
38.8125
46.85
52.05
51.3875
42.1625
50
62.39375
74.875
76.4625
63.2
51.9875
33.7375
21.675
31.1375
74.5
46.8875
11.9
5.4
5.625
13.1
19.025
22.1875
14.2125
13.7125
14.3625
14.0375
17.4375
27.475
39.1125
33.24375
32.321875
32.8375
31.575
18.15
6.3125
3.975
5.5
15.0125
37.275
53.6875
17.4375
8.90625
9.234375
23.4
32.225
38.5375
35.3125
24.25
22.5125
30.625
51.95
67.325
68.65
67.09375
62.396875
65.3625
70.7625
58.7375
35.525
12.9375
9.275
12.8
23.725
27.875
6.7
6.9
8.0125
19.4
27.275
32.2
28.2875
22.996875
32.177734375
24.1625
32.0375
29.45
8.3
8.50625
26.015625
48.125
66.65
71.3875
31.7875
17.2
15.8875
32.5
60.95
54.8625
36.6875
54.56875
50.228125
51.9625
46.4125
36.7625
28.7375
23.8125
33.15
20.5125
28.95
36.5
14.65
36.25625
53.253125
65.6125
72.0875
61.7625
29.0375
16.875
15.6625
13.1625
16.325
23.975
31.5125
32.6625
33.2375
51.55
38.5
43.5625
37.9375
23
12.375
14.85
25.9375
26.4375
18.25
17.45625
35.153125
33.975
64.9375
49.0375
31.45
23.125
19.975
24.1125
36.25
50.6125
41
48.4375
56.88125
64.9875
71.2
64.6125
35.5875
16.025
12.9
15.8
35.875
23.2375
7.175
5.6
6.7875
15.875
24.4875
44.925
24.8125
12.8375
11.2375
9.6
20.8875
24.8125
5.175
2.2
4.3
9.925
18.2625
33.2
34.5125
13.0625
5.55
6.075
12.1875
9.15
1.6
1.2
7.95
16.2625
24.125
31.5375
25.1
20.7125
19.475
28.9625
39.775
36.65
6.775
6.95625
8.046875
14.3
25.8125
44.7125
62.4375
37.0125
25.325
21.1
26.625
30.0875
13.125
3.6
3.2
3.2
8.3375
15.1
14.625
8.65
4.3625
5.525
10.2875
10.3125
4.8
3.4
1.3
7.9875
9.1875
20.2875
9.575
7.6
5.6
11.675
22.3875
14.2875
3.6
3.8
10.85
18.3
26.45
34.95
37.3625
35.675
46.5875
44.475
48.0125
47.4375
21.1
6.5875
0.5
5.1875
19.5
14.3125
15.8
7.95
5.55
8.9890625
17.525
10.4
2.8
3.8
4.5
8.8
22.4
43.95
33.375
24.9
13.1625
11.0125
15.3375
14.4
6.4
4.2
8.1125
30.1
49.7125
46.9375
25.3
16.95
16.8
15.425
31.0625
37.0875
20.9375
29.8
35.2125
47.2125
52.2125
66.625
57.575
35.75
37.5125
39.3375
39.7875
39.7875
35.2125
38.54375
35.103125
48.1625
51.6625
45.2125
30.1375
20.2375
17.6
23.325
41.6
48.9875
40.275
40.725
46.00625
49.7625
54.1375
62.8625
52.3375
29.6
24.5625
32.35
55.175
56.725
26.9875
15.35
29.325
34.325
52.6875
58.2375
44.775
19.4125
15.2625
18.475
25.0875
19.9625
5.3625
3.7125
3.7125
11.9625
20.1125
34.9
50.9875
40.1625
17.7
29.0125
53.1625
53.9625
23.85
20.2125
21.4625
54.8625
64.425
65.3875
39.4
20.1375
15.625
13.725
28.5125
21.9
3.3125
0.825
7.05
12.0625
14.8875
24.3125
26.3
25.0625
26.6375
29.5125
28
17.4125
3.7375
2.475
5.825
11.2625
18.325
24.15
25.875
22.6375
14.1625
15.9875
15.7125
8.8125
2.9625
3.8125
9.6625
11.75
19.7125
31.7
16.325
7.5625
11.3375
12.5
16
11.35
3.8125
5.4625
8.825
15.525
25.4875
34.675
42.85
39.075
40.5625
66.675
66.9125
51.2375
20.3
16.6875
14.89375
17.75
34
53.0875
37.125
27.1484375
43.0875
54.7
76.8125
66
34.0125
14.7875
28.0875
24.85
35.825
31.3625
24.7625
12.6125
7.3625
7.3625
29.725
52.3625
11.775
13.025
21.8625
32.2875
33.775
53.275
42.1375
18.45
17.1375
26.55
39.4125
28.7375
8.3875
7.10625
6.459375
12.95
20.6875
31.7375
32.0125
27.475
27.5125
42.55
71.35
77.5875
29.125
13.325
13.3125
22.0125
16.2375
64.1
66.75
38.3625
40.725
27.325
25.0875
19.4875
16.6
23.2
34.09375
38.2375
23.775
28.7375
37.975
22.8
18.9875
21.4625
17.55
7.425
4.95
3.50625
6.084375
7.8375
11.5
14.9125
17.825
15.4
14.45
19.8
35.7875
33.6875
19.2625
22.75625
23.053125
58.825
28.9
27.075
30.875
25.2
28.55
40.875
65.225
53.1875
8.975
3.7
10.2
29.3
43.3625
29.5
35.7
27.1625
20.975
22.4375
43.325
39.9625
20.1625
21.9
27.975
36.925
41.25
37.3
37.1125
30.175
39.6625
49.925
54.875
49.6875
10.9125
4.4375
6.8625
20.1875
31.725
38
34.7625
13.2
10.35
11.1
23.4625
24.4125
2.8
3.8
4.5
10.8
17.5625
25.6125
34.225
39.5125
69.825
57.3375
54.15
33.35
14.4
11.4
9.7
27.9
25.3625
27.575
30.75
16.3125
20.425
26.475
16.175
12.3
6.4
5.2
5.1875
11.5
22.2875
34.075
47.075
46.225
51.5625
46.875
79.9
72.35
46.2875
42.4125
39.725
34.1875
32.2375
35.5125
43.0375
30.575
15.5125
17.475
36.5375
23.9125
7.85
12.18125
17.471875
22.775
28.7625
39.6125
38.1125
37.425
40.8375
40.456640625
43.9125
29.2125
11.75
11
19.2375
37.8
36.5625
48.175
48.0625
22.625
16.55
21.85
39.0875
30.5375
15.3875
13.4
22.0875
31.35
41.675
48.0125
45.3125
30.6875
28.5
25.525
33.075
23.875
6.725
7.5
13.0875
24.5
34.625
22.175
29.2875
21.6125
17.25
16.95
13.8
13.5
13.1125
15.1125
25.4
36.7875
60.225
53.85
32.55
17.05
18.4
18.3
38.5
29.5
12.8
16
20.35
29.6875
40.5
50.9
49.575
53.1
59.8625
78.2625
81.625
59.35
44.7125
48.925
32.3875
39.3375
60.3
69.9
60.05
45.6125
35.8875
37.7125
56.0375
46.1625
21.825
20.225
25.4125
35.45
59.4125
72.15
75.5875
65.025
58.3375
66.4625
65.125
58.875
48.825
49.76875
53.034375
51.3125
59.6375
66.9625
43.675
38.15
36.9875
42.725
48.625
52.7125
34.1625
34.68125
42.765625
46.475
47.2
53.9125
50.025
56.1375
45.8375
49.3625
55.35
55.7
23.6625
46.84375
43.965625
62.6375
68.7375
73.9125
68.175
59.025
61.4875
55.3875
50.7
38.0375
30.9125
28.70625
32.253125
36.175
40.7375
53.5625
50.8
47.3125
52.4625
62.85
81.15
53.8
25.8625
34.375
51.2375
59.3375
63.7875
78.1875
71.275
56.7125
48.7625
48.55
45.0625
43.2125
39.875
36.21875
48.053125
63.725
67.625
66.5625
67.775
63.775
56.875
62.6375
61.9
60.375
57.9125
58.1875
55.4
58.3
61.3125
63.9625
66.475
61.9375
54.425
53.185546875
53.4947265625
53.775
44.25
49.5125
49.68125
53.7875
56.675
58.2375
56.9375
52.55
49.275
46.75
46.7875
46.3
39.925
46.11875
51.090625
57.325
63.7625
58.575
52.35
47.1625
49.6875
53.3125
52.3375
49.2125
27.4
29.04375
40.571875
38.5125
44.15
54.9
60.3125
48.2375
44.475
37.475
32.3125
39.475
40.4375
47.0875
51
57.7
62.725
64.7
69.1125
60.5125
58.7625
64.05
60.3625
53.575
51.35
53.13125
54.703125
53.3875
56.7625
60.7
58.5
57.3375
54.875
53.275
57.5
60.075
55.7625
57.425
59.13125
62.7
61.6375
60.0875
59.05
55.2875
48.9875
44.3
47.975
45.9375
45.6875
49.8875
50.73125
61.625
64.0375
66.95
62.5125
58.5875
48.8625
51.7
57
57.375
55.175
53.28125
66.571875
95.675
102.8375
91.425
95.0625
97.05
92.675
93.8125
89.7
78.0625
70.175
71.76875
77.578125
