"x"
51.65
47.35
53.55
51.1625
33.2375
24.875
24.9
27.5125
24.4125
17.675
17.79375
18.921875
20.075
19.6125
18.625
27.5
25.5875
24.3875
15.3
17.4375
30.625
43.75
46.85625
52.221875
31.3125
34.9
38.9625
38.0125
23.6875
20.0875
16.25
22.25
41.1125
48.7625
38.14375
46.446875
35.85
38.0125
49.25
15.5375
16.9875
12.2125
13.6375
16.9625
32.025
29.8875
25.4875
24.10625
25.35
25.6125
40.4
37.05
35.8625
34.425
43.725
51.1375
55.2125
45.1625
50.55625
52.646875
32.2625
32.2625
34.8875
34.6625
42.0875
51.8625
59.5375
53.0625
42.1
38.7375
38.0375
38.975
54.0375
67.65
33.7125
21.2625
16.0125
17.42265625
21.2625
56.425
59.525
27.7625
23.9125
52.3625
36.1
55.675
38.75
17.4375
10.7875
11.2625
13.4
28.4375
41.35
44.225
62.5125
68.7875
37.3
42.575
34.9
20.1
15.0625
16.9625
26.3
42.075
47.325
48.275
53.29375
39.215625
52.825
70.0375
66.95
40.425
45.425
56.9
41.3625
37.55
49
51.4
36.70625
27.571875
34.175
55.7
40.1625
24.8875
36.575
38.9625
47.5625
56.1875
47.5625
38.4875
45.30625
77.634375
112.3625
76.5
44.925
24.375
16.25
22.2375
22.475
42.55
104.7125
82.925
37.425
32.1
49.725
54.025
32.9875
33.225
66.45
52.8375
73.15
65.9625
60.725
51.4
40.16875
35.021875
50.425
48.0625
114.9875
102.575
81.5
64.5375
66.6875
76.025
70.05
59.9875
59.7625
65.7125
63.35
57.625
41.6
59.7625
26.775
13.6375
17.675
28.7
51.875
56.175
64.55
74.8375
70.525
57.8375
44.4625
18.4
17.2
17.2
23.9375
31.3125
39.925
27.7375
30.125
31.19375
27.75
27.7375
22.475
20.075
23.425
22
19.5875
26.7875
27.5
12.425
5.49375
5.596875
16.7375
40.425
47.8375
45.875
26.325
18.875
20.075
20.0875
15.775
9.6
8.14375
6.940625
13.1625
19.35
22.95
38.9625
47.325
48.5125
52.1125
42.7875
20.8
7.425
6.825
6.5125
11.5
11.7375
14.825
17.9125
20.0625
25.5875
38.4875
29.8875
29.4125
17.4375
19.575
23.79375
31.075
40.1875
46.85
51.1625
37.0625
32.5
38.0375
43.2875
38.5125
31.3125
38.13125
48.453125
43.525
39.9375
44
32.7625
22.9625
19.1125
16.025
14.35
10.075
3.325
3.4625
4.45625
9.6
9.8375
11.2625
11.025
11.025
9.8375
7.925
7.1625
3.8
5.225
6.325
6.7625
11.7375
16.9625
21.9875
17.4375
14.5875
19.8125
20.075
26.7875
12.6875
7.2
10.55
14.1125
16.4875
24.1625
27.0375
25.825
24.6625
17.4375
15.0625
16.25
10.7875
6.2
8.875
14.5875
22.25
27.275
36.8125
31.7875
29.4125
37.05
32.5
38.975
32.275
17.2125
14.825
21.61875
54.25
71.5125
66.9375
54.0375
39.4625
38.7375
35.875
25.1125
18.8875
11.975
12.33125
14.765625
39.2125
58.35
59.5375
57.875
58.5875
59.775
67.6375
62.3875
56.4125
60.9625
64.64375
66.365625
66.1875
72.4375
67.1625
63.575
65.9875
76.5
73.8875
65.95
69.55
56.65
62.86875
72.103125
74.3625
77.925
76.5
76.2625
71.95
56.875
60.7125
70.775
65.7125
55.2125
46.85
55.475
63.8125
68.375
73.875
76.025
67.1625
56.1625
61.425
69.0875
55.45
24.3875
19.83125
29.065625
48.5125
43.2875
45.675
47.8
41.375
36.575
42.8125
47.0875
37.3
18.6375
12.6875
20.90625
23.1875
26.0625
39
42.1
39.475
39.9625
41.03125
40.7640625
34.8875
31.3125
32.2625
35.23125
41.8625
44.7125
47.0875
46.6125
45.6625
41.625
43.7625
44.2375
51.8375
54.025
55.70625
53.278125
58.825
63.3375
61.4375
62.3875
57.15
59.5375
59.775
55
54.025
53.05
54.85625
56.509375
58.1125
60.9625
60.25
60.725
61.2
57.6125
57.4
59.775
60.4875
53.525
55.34375
58.765625
57.1375
67.9
67.625
72.45
74.6
63.8125
64.05
60.9625
62.3875
60.25
63.1
63.93125
65.7125
68.5875
69.55
65.2375
56.425
51.6
48.9875
53.775
53.0375
54.5
54.5125
57.875
60.0125
49.2625
41.8625
42.8125
47.5625
46.6125
47.0875
48.75
37.525
22.225
23.06875
36.896875
38.75
43.05
55.2125
55.7125
47.575
29.8875
30.85
42.7875
43.975
39.925
32.025
38.38125
33.4625
36.825
36.8125
32.2625
27.0375
27.975
27.975
31.075
22.9625
12.925
13.6375
13.99375
16.9625
16.25
24.175
22.2375
21.0375
26.7875
29.65
33.45
22
8.625
8.25625
12.984375
16.725
20.5625
22.7375
26.325
28.7
29.65
29.65
36.0875
25.3375
22.0125
26.68125
39.984375
44.2375
48.5125
49.9375
51.15
42.3375
34.4125
38.975
53.7875
50.4625
31.5625
27.5125
38.39375
49.7125
51.6125
57.8375
56.65
55.7
47.575
24.1875
35.4
40.4
28.9375
35.84375
40.521875
48.275
54.5
69.0875
61.9125
66.9125
66.9
66.925
67.375
49.5
15.075
10.66875
16.084375
34.2125
53.7875
67.175
67.6375
38.2375
31.8125
42.8
34.1875
29.4
5.0125
0.35625
0.534375
6.2125
12.45
25.3625
31.0875
22.25
29.875
11.5
8.875
4.75
3.8
6.45
8.8875
11.5
21.0375
35.1375
46.1375
47.5625
42.3375
48.0375
47.8
47.0875
52.825
57.875
56.675
60.4875
58.1125
64.0625
80.0875
73.875
67.625
65.0125
71.7125
50.9375
22.95
13.875
29.99375
39.7
56.1875
62.3875
37.05
30.1
13.1625
17.2125
33.475
36.825
9.125
8.4125
11.975
19.3625
22.725
27.9875
30.6
22.9625
16.4875
18.175
30.125
16.25
8.65
9.95625
18.721875
31.5875
47.8
65.5
57.1375
30.1375
20.5625
32.525
67.4125
50.6875
46.1375
53.7875
59.5375
66.9125
71.725
63.575
67.1375
65.9625
61.2
68.8125
63.575
49.725
45.6625
32.025
21.86875
46.1375
53.5375
46.6125
56.9
37.3125
26.0625
11.025
20.075
37.525
17.4375
19.1
24.625
33.4875
37.525
42.5625
42.3125
19.6
13.875
14.5875
28.4625
20.0875
16.0125
14.35
6.9625
10.0625
33.2375
31.075
54.2625
24.1375
12.2125
15.075
45.4375
44.7125
5.5
5.125
8.6625
32.0375
57.375
50.1875
34.6875
30.8375
19.15
22
25.3375
33.25
29.8875
33.825
47.6125
45.9
34.9
41.375
37.0625
35.1375
30.125
18.6375
21.9875
24.1625
11.2625
10.55
22.7125
46.6125
57.4
58.575
31.0875
32.275
23.925
41.375
58.5625
51.6
45.425
46.375
49.4625
50.8875
58.3375
68.5875
72.925
65.7375
47.5625
80.325
107.3375
58.5625
53.775
55.475
60.13125
59.05
53.775
44.7125
43.525
46.6125
49.4625
52.3375
48.0375
50.175
48.75
48.15625
47.621875
53.0625
58.1125
67.625
71.95
53.775
62.875
67.1375
60.2375
48.0375
45.425
44.7125
48.75
46.1375
45.9
58.55
61.675
41.8375
29.6375
32.9875
53.775
34.6625
21.0375
16.725
22.925
60.25
62.1625
43.5
20.8
19.6125
17.4375
17.2125
16.2625
6.925
1.9
7.2
10.075
13.1625
20.5625
50.4375
44.0125
38.975
30.6
43.5125
62.3875
36.1
15.5375
9.68125
12.746875
23.45
32.525
35.15
37.05
23.9125
20.3125
10.7875
14.6
17.4625
2.375
1.425
2.96875
9.825
25.35
34.4375
31.8
34.9125
18.625
28.45
37.05
40.1625
9.1125
12.45
35.85
59.9875
36.5875
45.425
41.3875
34.9
28.9375
23.2
13.4
10.7875
13.1625
30.5875
26.575
62.625
67.1625
62.8625
54.5125
39.925
32.9875
38.975
43.2875
36.825
16.975
14.1125
20.55
31.075
31.075
29.65
24.3875
18.875
18.4
21.9875
43.4875
40.15
19.3625
24.01875
42.490625
65.725
61.675
65.9625
63.5875
30.1375
29.55859375
28.2125
56.9
53.075
30.85
27.4875
38.025
40.8875
48.5375
64.2875
68.6125
54.025
57.125
29.1625
19.1125
9.8125
2.6125
4.65
6.2625
13.1625
18.6375
28.4625
37.55
36.575
34.6375
30.3625
46.1625
58.5625
31.575
39.09375
54.084375
76.25
96.0875
116.6625
88.92500125
42.3
37.8
53.3
60.0125
50.4625
26.0625
30.85625
36.696875
41.3625
43.2625
52.1125
40.4
23.6625
19.375
23.6625
13.175
7.425
5.725
8.7625
8.79375
14.35
16.725
20.8
28.4625
32.2875
27.7375
37.7625
48.0375
33.7
18.6375
15.4375
17.025
23.675
27.5
37.5625
28.6875
30.8625
23.2
27.0375
42.575
36.3375
29.9
44.59375
58.384375
72.925
79.5875
81.7625
67.65
65.725
68.6
77.9375
76.7375
55.2375
38.75
40.7875
36.6125
55.4625
68.1125
65.5
55.7125
52.325
51.3625
43.0375
38.2875
37.7875
20.55
27.73125
26.921875
29.65
35.15
44.95
46.375
38.5
24.875
25.8125
34.45
43.2625
33.2375
25.46875
46.790625
52.3375
68.6125
84.1625
77.2375
38.725
30.3875
34.9
46.85
51.15
12.925
10.2875
14.70625
27.5125
33.475
22.475
15.3
7.7
5.4875
5.225
3.0875
0.2375
0.2375
1.78125
1.128125
4.5375
26.3
38.275
42.325
23.425
12.925
11.5
13.1625
11.5
4.05
2.1375
1.06875
0.7125
5.4875
14.35
22.7375
18.4
16.25
9.5875
13.6375
13.6375
5.25
3.95
9.8625
19.6125
24.375
48.5375
38.5125
22.475
22.975
31.3125
69.5625
67.9
26.2875
11.5
14.85
26.075
31.3125
45.4125
44.9375
22.475
16.4875
15.3
24.6125
37.3
15.3125
6.575
6.7625
14.125
26.55
33.475
32.525
24.625
15.5375
15.5375
14.35
13.6375
9.075
2.6125
4.39375
10.5375
25.1125
34.1875
31.075
21.0375
17.2
33.7125
44
55.2125
43.2875
29.8875
28.81875
28.9375
28.4625
29.65
37.7875
52.1
48.0625
63.3625
71.5
58.7875
42.8125
48.04375
56.778125
60.7125
62.3875
66.9125
63.3375
35.1625
24.8875
37.2875
52.075
46.1375
41.625
48.5125
56.6625
60.725
64.7625
63.575
47.5875
36.8125
61.2
76.975
74.8375
47.825
35.375
33.59375
43.821875
57.6
71.9625
70.75
59.0375
38.2625
41.125
73.6125
71.2375
55.9375
36.825
31.075
27.15625
32.025
33.45
32.5125
30.125
23.45
24.65
26.325
25.6
35.6125
21.05
9.7125
4.93125
11.25
8.85
6.2
8.625
11.975
32.2625
40.65
46.15
48.55
40.9125
42.575
36.6
44.475
45.6625
45.1625
47.325
42.1
36.825
39.9125
45.1875
41.625
23.9125
20.21875
2.559375
3.325
9.325
16.9625
22
17.925
45.425
59.0375
56.1625
35.8375
31.3125
40.3
45.10625
65.5125
78.4125
67.65
35.6125
27.5125
38.975
57.125
54.4875
52.7875
49.7
46.01875
49.284375
64.5625
68.8375
65.9625
64.55
56.4
43.525
34.1875
22.95
37.55
38.2625
38.73125
40.509375
44.475
36.0875
34.875
34.175
33.9375
27.75
26.6515625
32.025
37.3
39.475
36.20625
38.309375
54.975
59.7375
59.025
41.8625
32.275
30.8375
36.575
42.325
52.325
49.7
48.275
47.68125
48.275
48.5125
54.4875
40.875
16.5125
15.0625
18.8875
53.3125
50.6875
33.6875
38.9625
48.05
57.15
65.9875
78.6375
53.8
41.85
36.825
43.05
63.1
57.35
42.5625
44.83125
50.709375
47.325
49.225
40.625
25.825
11.4625
4.5125
3.0875
4.9875
6.45
3.8
7.4
14.5875
26.325
26.775
49.0125
48.3
30.3625
38.0125
37.2875
39.475
38.025
39.7
50.0625
62.68125
78.6625
91.325
86.0625
46.15
31.7875
61.9
84.3875
76.5
48.7875
43.05
54.025
67.29375
71.75
66.6875
69.0625
41.3625
25.375
32.525
50.4375
67.175
51.1625
23.9
14.35
15.89375
26.0625
55.225
64.8
59.525
37.8
35.8625
43.05
70.75
49.95
50.175
54.0125
69.20625
68.375
72.45
85.6
66.7
52.5875
42.8125
43.0375
74.375
60
46.375
46.25625
56.246875
64.3
77.6875
65.4875
42.075
22.2375
22.2125
28.2125
47.5625
59.0625
49.2375
41.15
45.08125
61.2
64.2875
43.0375
21.05
9.825
11.0125
12.2125
36.1125
36.5875
35.3875
43.16875
50.115625
51.625
53.0375
59.775
40.8625
20.325
21.5125
28.4375
52.35
67.4375
48.05
59.28125
59.634375
63.1
67.65
65.7125
54.2625
46.375
53.7875
66.2125
79.8625
52.1125
46.1375
54.13125
64.465625
63.8125
58.825
58.35
32.5125
15.3
10.5375
10.5375
27.0375
54.2625
27.25
17.8
17.4
26.3
44.45
47.0875
33.475
25.85
30.3625
45.6625
76.75
62.85
41.6
36.48125
36.159375
37.3
46.8625
56.2
19.35
8.625
5.95
9.125
20.1
37.7875
20.0875
5.125
6.0375
8.8875
18.15
18.3875
15.775
10.55
8.85
8.4
15.3125
27.0375
14.35
3.5625
2.96875
8.65
12.925
12.675
5
4.7625
6.4375
8.15
8.1625
14.1125
8.8875
16.875
54.225
73.175
69.7875
47.8125
20.0875
8.1625
8.875
10.5375
27.25
43.2875
40.9125
46.85
63.825
70.5375
63.1125
57.1125
21.05
13.875
11.025
17.7
34.4375
49
30.375
19.48125
33.771875
50.9125
67.8625
58.075
24.125
17.2
13.4
14.825
31.325
42.0875
17.4625
8.76875
9.421875
17.225
38.75
40.4
18.4125
16.25
13.875
15.5375
28.2125
39.2
17.475
9.6
13.6375
22.9625
22.475
27.025
35.875
28.7
16.4875
15.3
24.1375
47.5625
35.85
16.625
14.4
9.35
15.5375
20.575
21.025
12.925
10.275
8.6
37.3
53.8
24.625
6.95
6.9375
6.7
6.45
9.125
5.9625
4.75
2.85
3.8
1.9
6.95
3.8
0.35625
0.534375
4.525
5.725
8.175
7.4125
2.85
5.7
7.2
13.30703125
22.9625
4.0625
3.225
4.95625
12.6875
20.7875
25.1125
10.55
7.2
11.2625
19.6
28.9375
41.8625
31.825
19.35625
21.265625
28.7
23.6625
14.5875
15.3
13.1625
8.671875
22.8015625
28.4625
40.65
35.1375
14.46875
28.509375
21.525
11.975
22.475
23.6875
20.3125
19.5875
19.6
67.9
51.9
32.7625
36.23125
42.040625
43.525
40.8875
52.325
33.25
11.025
12.225
16.0125
29.65
39.225
12.1875
5.475
3.8
5.7375
8.4
9.8375
14.5875
33.4875
36.825
29.6375
33
43.275
36.575
20.33125
25.340625
37.7875
23.9
27.0125
9.1
5
6.45
8.85
10.55
13.4
6.9125
9.24375
11.203125
17.2
16.0125
16.25
8.6375
7.4125
9.35
13.4
22.7125
20.575
6.45
1.78125
0.059375
3.5625
5.725
11.7375
9.3375
3.5625
4.2875
9.8125
16.75
28.225
11.2625
5.375
6.2625
16.0125
22.725
32.05
34.1875
28.925
23.2
39.4625
48.275
49.725
32.5125
46.025
55.85625
54.5125
56.65
60.2375
37.525
35.8625
39.9125
47.5625
91.8
80.55
43.7625
49.225
41.71875
48.0625
60.2375
64.3
64.55
38.0125
36.8125
33.2375
49.225
46.6125
37.5375
20.68125
15.359375
19.3625
26.325
21.775
10.7625
5.5
4.9875
19.5875
49.975
58.325
45.6625
46.85625
54.265625
64.05
59.775
50.1875
25.8375
10.2875
8.6
7.1625
18.8625
26.5375
36.5625
26.9125
20.375
30.85
24.1625
21.5375
13.875
7.8875
7.1625
8.875
9.3375
14.35
13.1625
15.18125
13.340625
6.925
9.5875
11.025
13.8625
12.45
12.45
13.1625
12.6875
22.475
16.025
11.14375
12.746875
30.125
34.175
38.025
31.0875
17.9125
19.8375
28.7
37.134375
37.3
38.9875
37.525
59.2625
72.675
76.025
66.225
25.6
20.5375
11.975
12.2125
21.2875
42.775
23.6625
15.8
22.25
19.6125
33.725
19.35
19.5875
17.2
13.875
20.8125
23.7
23.925
10.525
5.6
4.3375
5.25
6.95
10.55
11.025
9.5875
11.975
13.6375
9.5875
10.075
7.425
5.3625
5.18125
6.2
6.95
8.625
16.7375
6.7
9.8375
14.825
18.4
21.7375
21.7625
29.0625
40.6
48.7625
34.4375
47.8125
23.9375
20.55
18.625
31.3
47.325
46.6125
46.6125
43.5125
56.04375
58.575
60.4875
50.9375
40.625
30.125
27.725
55.95
36.825
32.75
23.9
17.93125
21.146875
38.95
48.775
38.4875
26.8
31.075
27.5
38.25
56.9125
50.9125
41.6
38.7375
45.9
35.1625
63.575
44.4625
22.4875
16.9625
12.925
16.275
24.9
33.2125
31.55
23.45
24.6375
39.7
50.175
49.9625
37.05
31.7875
39.9625
42.1
33.9375
29.8875
19.6125
8.7625
7.95
23.2125
20.8
18.4
11.025
8.625
10.7875
18.4375
27.5
37.3
27
25.6125
27.5125
32.975
35.35
30.1375
16.2625
13.1625
13.1625
21.7625
22.2375
26.0875
31.5625
35.5
31.375
25.825
41.375
36.1
15.0625
8.15
8.8625
15.0625
36.575
64.7875
39.225
44.825
58.2625
18.8625
24.1625
20.05
30.6
67.6625
57.625
55.45
45.1875
35.3875
25.3375
21.3875
33.90625
43.975
36.0875
43.7625
42.3125
62.8625
81.63125
93.826171875
80.8125
68.6125
49.2375
44.2375
57.50625
61.2
56.9
40.4125
65.025
58.325
45.4125
36.8125
42.3375
38.0375
35.3875
33.94375
53.684375
62.4
32.7625
20.8
18.875
22.7125
27.275
24.4125
31.5625
49.0125
38.025
41.13125
40.534375
44.95
38.725
24.625
12.2125
10.7875
11.2625
12.2125
15.0625
12.45
12.45
17.21875
19.946875
27.2625
25.375
20.3125
17.2
11.5
14.35
18.625
19.3375
19.825
16.725
15.0625
14.94375
22.2375
27.9875
19.125
16.25
12.925
11.975
15.5375
24.875
28.9375
29.8875
24.29375
31.609375
24.625
26.7875
29.65
26.55
19.375
17.675
20.55
16.9625
22.475
17.7
13.6375
15.0875
27.975
24.4125
20.525
17.9125
15.775
14.35
11.975
14.35
19.6125
15.0625
14.46875
18.090625
23.9125
35.6375
27.025
20.3125
15.5375
18.65
25.1
46.3875
56.175
37.0375
32.025
39.4625
42.575
40.4125
21.5125
14.825
10.075
8.175
8.4
9.8375
11.975
21.7625
17.2
16.725
18.8625
19.3625
16.25
14.1125
13.1625
21.75
34.1875
32.025
25.35
32.7375
24.1875
22.475
29.175
34.6625
16.5
11.5
10.7625
12.2125
17.4625
27.9875
40.875
35.85
37.325
20.91875
36.1
54.9875
72.1875
57.375
28.2125
21.525
20.55
25.125
36.5875
27.2625
34.55
39.39375
39.95
40.175
33
30.3625
28.9375
27.0375
32.275
42.575
39.9375
38.9625
32.0375
36.45625
69.8
59.2875
56.1625
25.8125
26.55
29.4125
33.50703125
55.9375
66.95
53.3125
56.425
57.375
54.5125
59.525
82.475
60.0125
25.5875
12.925
18.8875
40.1625
61.6625
43.0125
39.1125
42.95625
40.8875
42.0875
28.6875
7.175
6.95
6.45
9.8375
13.4
21.0375
41.375
38.86875
41.921875
47.8
42.7875
11.5
9.125
6.95
7.925
14.825
25.6
35.1375
37.7875
41.98125
44.890625
44
44.7125
46.1375
41.1375
27.7375
19.125
17.675
18.875
23.65
22.7125
9.35
14.35
24.1625
24.8625
13.6375
9.0875
7.4125
9.8125
7.925
11.4875
21.5125
19.85
9.00625
11.084375
16.9625
21.75
15.5375
9.35
21.275
16.25
11.2625
10.3125
16.4875
15.5375
7.3
8.1875
14.35
18.15
14.825
13.3875
8.175
9.825
11.5
13.875
19.8375
11.7125
6.56875
8.115625
12.2125
16.0125
15.5375
11.5
9.3625
10.55
9.1125
12.225
11.25
2.85
0.83125
0.534375
3.325
6.95
8.6375
6.4375
7.4125
8.875
9.6
7.175
8.4
7.7
11.7375
13.6375
20.775
20.5625
29.6375
16.725
21.4875
22.4875
16.725
18.625
16.0125
11.7375
11.5
17.45
29.9125
26.0875
23.9375
17.2
16.25
21.5125
16.975
14.3625
12.45
6.4625
4.0375
3.0875
7.1875
10.7875
14.825
15.3
15.5375
13.1625
16.5
19.8375
29.6375
31.075
23.54375
34.153125
48.5125
50.425
48.5125
29.8875
33.0125
23.6875
21.734375
28.45
19.3875
6.2125
2.25625
0.178125
7.9125
10.0625
12.2125
10.075
7.4125
14.1125
9.3625
13.1625
13.6375
7.175
3.5625
3.91875
10.75
16.725
12.925
15.3
9.125
13.1625
11.975
15.0625
13.1625
6.925
0.83125
0.059375
2.6125
7.675
7.6625
4.275
4.275
4.5125
6.675
5.725
7.425
10.55
19.00625
25.315625
33.225
20.575
11.7375
10.775
10.0625
10.3125
11.975
18.65
21.2875
28.925
37.40625
32.109375
24.175
20.5625
18.625
18.3875
12.2125
11.7375
11.5
19.6125
25.125
17.6875
11.14375
11.678125
15.3
11.2625
13.1625
13.1625
10.0625
12.6875
13.1625
11.975
13.4
12.45
7.30625
16.546875
34.675
27.9875
23.6875
16.0125
13.1625
14.35
18.875
27.75
34.175
27.4875
26.425
40.1125
53.3125
40.6375
30.375
37.0375
29.175
27.025
27.75
33.0125
41.625
26.3125
21.625
25.65
42.0875
33.95
19.3625
17.45
13.6375
13.875
17.2
31.8
37.3125
30.5875
21.4125
25.075
27.9875
21.2875
22.25
16.25
10.55
9.125
8.65
8.1625
7.6875
10.0625
14.46875
15.121875
16.25
17.4375
19.6125
13.875
11.5
13.1625
12.6875
13.4
12.2125
8.15
8.875
12.09375
19.6
17.6875
17.675
11.975
8.1375
5
8.375
16.4875
25.825
22.475
14.825
20.575
23.7
25.3625
19.35
21.025
16.9875
18.875
23.4375
38.2625
44.7125
23.425
17.21875
24.034375
35.3875
37.075
29.8875
16.0125
11.975
12.6875
9.8375
20.3375
26.075
23.675
14.84375
14.721875
25.6125
25.6125
22.7375
13.875
12.2
26.075
46.875
70.16953125
28.466064453125
23.02135181427
23.0000834055245
23.0000003258028
23.0000000012727
23.000000000005
26.55
16.725
12.925
12.925
13.6375
20.8
25.375
19.3875
8.275
5.40625
13.1625
24.175
20.0875
12.2125
12.2125
7.9375
8.4125
6.4625
5
2.6125
5.5
7.45
9.8375
14.5875
14.35
12.925
8.1625
6.7
9.1125
8.65
7.925
6.9375
7.43125
8.509375
19.6125
21.7625
28.225
24.4
25.3625
16.7375
14.1125
16.0125
16.25
11.2625
9.24375
8.709375
11.7375
16.7375
26.3
25.1
16.25
15.5375
25.125
34.675
36.825
16.7625
6.575
7
17.675
25.85
28.225
25.375
23.225
20.8
23.9375
44.225
42.1
28.6875
12.6875
15.5375
19.1125
20.0875
14.5875
10.55
13.1625
16.725
14.35
21.275
22.25
18.6625
10.075
9.8375
12.6875
15.5375
13.4
12.2125
9.5875
12.925
16.0125
15.3
16.725
11.2375
4.0375
3.44375
7.425
22
20.8125
8.4
7.1875
8.65
6.7
6.95
6.975
8.1625
13.04375
18.446875
21.5
20.0625
27.025
19.6
17.2
14.35
14.5875
20.325
44.475
39.4625
26.6625
15.125
24.15
21.025
20.3125
17.675
14.825
14.1125
21.775
19.35
24.65
18.425
12.80625
15.834375
23.6625
38.975
49.725
56.6375
48.05
43.0375
37.51875
36.50859375
35.15
22.9375
21.2875
24.04375
27.975
37.5375
49.95
47.5625
43.05
36.35
29.4125
31.3125
33.4625
22.475
16.36875
21.678125
41.375
51.125
31.5625
13.875
13.1625
10.3125
6.9375
6.95
10.55
11.5
8.26875
10.846875
17.7
11.5
10.7875
11.2625
11.2625
14.35
16.9625
15.0625
11.025
12.2125
23.425
23.4625
26.7625
35.6125
28.6875
14.1125
11.2625
10.7875
19.1375
34.6375
37.525
37.3125
54.49375
52.459375
47.325
63.5875
60.475
46.125
27.975
17.475
11.025
15.3
27.0125
42.325
30.5
45.375
56.1875
62.3875
54.5125
30.85
25.6125
19.5875
21.75
26.7875
31.7875
22.475
11.14375
16.071875
23.925
24.65
30.8375
27.0125
14.1125
15.325
10.3125
14.35
17.4375
13.4
7.075
8.80625
16.725
26.325
23.4375
19.825
19.125
13.6375
13.6375
15.775
21.0375
9.3375
1.30625
1.484375
6.9625
11.5
12.2125
10.075
14.35
12.225
8.4
11.9875
14.35
12.925
8.29375
7.509375
11.975
17.675
20.3
17.9125
11.5
12.925
15.3125
28.225
25.35
32.9875
25.4875
10.375
22
30.825
15.3
11.025
10.2875
15.7875
6.4625
3.8
3.575
2.375
2.75
2.55625
4.3
4.0625
8.65
6.7125
2.85
3.325
8.625
8.625
6.925
3.3375
2.9875
2.79375
6.475
8.175
8.6375
8.8875
6.7
7.1875
6.6875
9.3625
9.8375
4.3
3.9375
3.75625
8.875
11.2625
9.6
5.9875
5.25
8.8375
7.5375
7.8203125
10.3125
5.275
1.78125
2.671875
10.55
14.5875
13.1625
10.3125
3.3375
2.73125
2.6125
5.2625
11.2625
6.9375
3.325
2.96875
3.325
13.8625
22.2375
16.5
5.2625
7.175
3.825
11.7375
13.875
9.575
3.68125
3.384375
5.225
13.8625
16.2625
8.875
6.7125
5
2.6125
9.8375
15.0625
16.975
9.7125
8.79375
10.075
14.1125
11.7375
7.2125
3.8125
6.9625
5.2625
4.05
3.325
1.6625
2.49375
5.903125
9.0875
9.825
11.2625
9.125
8.8875
12.6875
14.1125
12.6875
6.9375
5.725
8.2375
34.98125
43.975
33.7
19.825
27.025
32.025
26.55
60.975
63.35
59.9875
57.1375
36.925
36.15
49.9375
58.8
65.975
53.775
41.85
26.075
15.0625
48.05
52.8
39.6875
31.91875
15.128125
21.7625
31.075
16.7375
14.1125
11.2625
9.8375
10.3125
9.6
14.5875
11.9375
4.875
6.6375
10.3
17.6875
19.35
22.7125
11.975
9.1125
10.0625
11.2625
15.775
6.2125
2.01875
2.909375
6.2125
22.2625
19.3625
15.775
14.1125
10.5125
5.725
10.775
14.1125
12.45
13.99375
16.784375
14.125
21.275
17.6875
12.2125
16.9625
17.4375
34.6625
39.45
33.2125
32.7375
29.53125
27.928125
30.8375
28.4625
33.725
20.5625
19.8375
25.6
25.125
34.4
34.875
27.0375
24.26875
39.021875
62.1625
71.25
69.3125
50.425
50.65
51.125
45.6625
44.95
36.3625
22.95
13.6375
14.1125
20.5375
32.7625
42.575
37.05
31.55
35.15
31.3125
29.8875
17.4625
10.525
2.73125
2.434375
6.7
20.5875
21.0625
12.6875
11.975
13.6375
17.140625
21.5546875
30.125
30.625
32.39375
39.284375
54.5
64.7625
63.825
61.6625
24.8625
20.075
33.4625
35.8625
32.025
16.7375
13.75625
19.090625
33
34.425
23.925
10.55
5.95
6.9625
10.3125
15.775
9.35
6.2125
8.64375
7.071875
12.925
14.35
8.65
7.9
4.9875
6.7125
6.9375
6.6875
12.6875
20.55
25.48125
21.703125
24.8875
22.25
11.7375
7.175
4.5125
5.95
4.5125
7.1875
22.95
22.7375
21.525
18.4125
40.1625
42.3125
38.2625
20.8
16.0125
17.225
21.0625
36.825
52.1125
45.425
48.4
60.365771484375
61.1967412948608
61.1999872706831
61.1999999502761
61.1999999998058
61.1999999999992
61.2
61.2
61.2
54.2625
33.25
29.65
35.1375
52.3375
51.6125
32.9875
16.725
14.5875
12.6875
13.4
15.775
22.95
14.6
2.49375
2.684375
4.5375
10.3125
13.6375
21.75
6.675
7.1625
5.95
5.7125
9.8375
3.5625
0.475
1.6625
10.3125
22.2375
16.975
15.5375
12.6875
12.925
13.1625
17.45
20.2875
4.3
0.35625
0.059375
5.975
13.1625
16.0125
13.4
10.7875
9.5625
12.925
9.325
5.7125
4.05
0.59375
0.059375
4.525
10.3
17.925
18.875
16.975
16.4875
14.35
16.2625
16.0125
12.2125
12.09375
14.409375
19.1375
21.0375
18.6375
18.4125
18.1625
17.9375
11.7375
15.3125
19.35
10.5125
11.3875
33.78125
67.4
71.725
43.025
22.25
21.5375
26.325
21.025
22.725
33.475
25.5875
15.3
23.9
34.2
44.2375
44
31.5625
28.7
37.2875
45.1875
43.05
41.1375
32.2625
28.34375
31.490625
44.9375
45.1875
42.5625
30.375
26.5625
28.225
54.28125
57.625
46.375
30.625
25.96875
30.078125
41.8625
24.15
31.5375
24.1625
20.8125
15.5375
16.4875
31.3125
46.375
24.875
7.2875
9.99375
21.7625
35.875
24.1625
10.0625
6.4375
8.8625
10.7875
12.6875
27.025
15.075
14.83125
23.590625
27.0125
34.4125
33
24.175
16.2625
18.15
23.9375
33.25
46.85
32.0375
40.54375
50.840625
56.675
57.3875
56.65
33.2125
28.45625
48.0377685546875
47.5576110839844
54.75
48.05
37.7625
16.03125
19.959375
44.7
58.325
65.25
29.1875
12.925
16.0375
12.925
28.45
45.1625
35.1625
11.5
11.38125
17.6875
23.675
29.875
17.2
14.1125
15.3
16.7375
42.8
70.0375
39.4375
29.76875
31.609375
47.8
51.4125
31.0875
27.5125
22.0125
20.7875
35.15
83.9125
63.8375
40.4375
41.49375
48.928125
63.1125
61.9125
53.325
36.1125
28.4625
31.0875
33.95
47.325
52.825
53.5375
54.275
60.4875
76.025
84.375
61.4375
27.7375
20.5625
18.4
25.5875
41.1125
63.8
38.25
44.08125
47.396875
39.2
30.6
22.95
15.55
10.775
11.5
11.2625
13.3875
26.3125
20.0875
9.3625
7.56875
15.775
17.675
22.7375
17.925
13.875
12.925
14.1125
29.6375
52.6
38.7375
17.80625
15.715625
30.8625
50.675
32.2875
18.6375
15.0625
13.6375
20.3375
24.4125
43.525
30.1125
13.28125
10.490625
12.2125
17.925
20.575
16.0125
10.075
9.3625
11.7375
22.95
31.7875
15.075
3.5625
2.49375
0.475
7.65
10.2875
10.775
11.975
10.3
15.2046875
28.158984375
54.7375
32.525
15.6625
20.39375
24.85
50.2
40.8875
16.275
11.0125
8.85
10.55
12.925
20.5625
11.95
1.30625
0.534375
2.1375
12.9125
15.3
5.975
1.1875
1.425
3.8
2.6125
5.9625
4.75
4.8875
3.98125
5.7
8.875
11.7375
8.8625
4.7625
8.375
8.625
10.7875
23.2125
23.9125
18.2875
19.78125
51.6375
61.4625
67.6625
53.790625
13.1653442382812
11.5065052509308
11.5000254111364
11.5000000992623
11.5000000003877
11.5000000000015
11.5
11.5
11.5
11.5
11.5
11.5
11.5
11.5
11.5
11.5
11.5
11.5
11.5
11.5
11.5
11.5
11.5
11.5
11.7375
16.725
22.225
43.7375
70.5125
47.325
18.3875
22.0125
69.5625
45.65
30.3625
27.275
24.1875
27.9875
38.7125
74.3375
63.1
30.125
16.36875
13.934375
28.6875
34.1875
18.9
12.6875
11.025
8.625
11.2625
12.6875
14.35
10.55
6.325
6.2625
6
11.975
16.25
14.5875
9.3375
10.075
5.7125
11.0125
21.775
17.2
24.875
21.04375
26.0875
36.8125
41.3375
13.65
8.6
15.775
19.6
64.0625
66.9375
68.6
71.24375
82.496875
59.2875
43.9875
60.7125
59.7625
48.3125
44.95
59.775
72.1875
48.775
41.6125
57.74375
63.990625
78.1625
90.35
75.2875
39.45
36.35
49.475
42.3
75.0625
59.0375
43.75
48.9875
54.0125
66.6625
64.2875
58.55
28.2125
35.825
30.125
27.0125
39.9125
35.1625
19.375
38.725
39.58125
34.425
51.6375
41.3625
13.6375
14.125
12.1875
14.1125
19.825
26.8
12.925
26.29375
54.034375
83.6875
77.45
76.25
47.5625
28.95
25.6125
24.1625
54.5125
61.1875
48.275
49.24375
44.096875
42.7875
55.6875
59.7625
38.4875
15.5375
15.775
14.5875
25.8125
42.0875
50.6625
41.11875
47.559375
37.2875
55.925
60.2125
57.375
29.4125
26.8
18.6375
31.1
37.05
20.8125
28.10625
39.746875
54.7375
68.35
60.95
39.2
30.6125
35.8625
45.675
51.8625
51.15
19.5875
17.8
32.2
40.8875
46.6125
58.55
35.875
25.125
23.6875
27.275
37.775
44.2375
16.75
9.3625
10.90625
18.6375
22.5
30.375
40.675
27.5125
26.55
34.4375
46.375
44.475
16.9875
10.90625
12.153125
22.7125
41.825
44
35.1375
43.975
30.3625
28.4625
47.3375
49.7125
12.45
9.35
17.7
20.5625
17.9125
19.3375
15.5375
13.65
6.1875
11.95
19.125
21.775
8.4
5.95
7.675
11.5
12.45
16.25
12.2125
10.3
10.3125
10.55
20.8125
27.75
26.3
41.23125
52.884375
60.95
65.2625
71.2375
43.7375
13.6375
14.1125
15.0625
19.35
15.775
12.45
21.6375
53.84375
69.575
75.0625
59.525
55.7125
51.1375
43.7625
43.7625
42.1
41.625
42.1
41.98125
41.184375
45.6625
49.4625
33.4625
28.225
23.9125
21.525
12.6875
18.1625
15.3
5.95
7.1625
9.5875
9.8375
13.1625
20.075
21.0625
15.775
17.4625
21.0375
23.95
21.55
10.05
8.6125
15.18125
25.3625
46.875
61.9125
57.825
53.5375
59.9875
56.675
62.1625
64.7625
53.55
38.86875
38.440625
41.5875
37.2875
41.5875
25.825
17.4375
16.725
20.3
39.2
29.6625
7.4125
3.0875
6.33125
8.125
5.225
7.65
6.1875
5.4625
7.4
6.675
4.7625
8.15
6.7
15.44375
26.503125
29.4125
29.8875
24.4125
9.8
4.275
7.8875
9.825
20.8125
35.8875
21.3
9.4625
7.59375
13.875
20.575
27.75
24.375
19.6
17.4375
26.5375
35.85
42.8
29.65
56.8875
74.85
74.825
76.2625
60.475
27.725
14.35
13.4
12.925
28.9375
32.5125
5.025
2.375
6.675
13.4
25.125
38.975
37.7875
29.8875
25.1125
22.975
33.4625
23.9125
5.725
7.875
26.3
55.925
71.95
69.8
52.35
42.5625
59.275
78.8875
70.275
62.875
56.2125
54.275
57.1375
51.375
59.525
58.7875
52.825
33.7
27.7625
31.325
43.975
64.525
57.6375
58.575
48.9
75.3125
75.55
67.8875
41.3625
32.05
30.85
36.0875
42.8125
43.05
47.325
57.01875
60.534375
66.425
58.8
56.4125
37.3
20.0875
15.775
30.375
39.9375
41.5875
27.9875
29.8875
30.00625
37.05
64.5375
65.5
30.625
28.4625
29.65
39.95
57.6125
68.6125
51.8625
42.53125
44.946875
48.75
59.7625
53.775
51.15
34.9125
17.925
24.4
39.2125
36.825
5.2625
1.6625
4.75
10.775
19.3625
38.2375
46.375
29.175
14.575
18.565625
22.475
25.1125
6.7
5.6
10.1125
16.0125
18.1625
36.1125
28.7
26.775
12.925
16.0125
19.85
12.925
2.1375
2.85
4.75
9.125
14.35
21.275
17.4375
17.2
16.4875
23.675
30.8375
32.75
12.6875
8.8875
9.95625
16.725
27.5125
32.5
32.2625
22.25
23.925
29.4
34.4
28.45
21.05
20.075
20.325
23.7125
28.7
34.6625
29.4125
17.4625
10.775
13.1625
17.225
16.0125
8.8625
7.1875
13.04375
20.575
24.4125
34.45
25.125
18.4125
17.6875
19.1125
26.0875
21.05
6.45
3.8
5.725
9.6
13.6375
21.775
29.4125
31.5625
47.5875
67.65
68.1375
62.85
29.675
14
5.90625
14.3625
30.85
22.475
26.0875
19.1375
16.9625
23.675
34.1875
29.8875
8.1375
4.9875
4.89375
9.3625
16.5
30.1375
41.6125
38.9625
31.55
30.8375
31.3125
29.4
10.3
6.2
11.2625
25.6
47.5625
70.525
42.8
22.025
21.0375
25.575
57.625
56.9
36.3375
31.55
30.24375
42.7875
56.4375
64.775
56.1625
43.275
64.2875
69.3125
64.775
45.1875
42.575
45.78125
44.415625
51.125
50.65
51.3625
25.8
15.775
20.075
18.8875
44.225
43.5
20.3
29.41875
53.309375
71
77.6875
75.7875
57.15
26.7875
25.8375
42.5625
72.45
62.15
36.325
16.25
22.35625
30.125
37.3125
39.9375
31.55
18.8875
16.25
17.2
29.1625
30.8375
14.1125
9.125
11.025
11.5
17.2
32.2625
40.1875
33.225
40.1625
68.55234375
64.343896484375
57.375
30.5875
23.925
26.5625
32.975
46.1375
47.8125
46.6125
34.8875
25.375
24.65
33.45
28.9375
8.125
6.325
7.4875
12.45
16.4875
17.675
18.3875
17.675
17.2
18.4
16.25
12.2125
5.725
2.6125
5.36875
8.4
12.6875
16.725
17.2
17.4375
17.675
23.9375
19.8375
15.775
6.95
5.125
7.9625
12.2125
18.425
31.3375
32.525
21.525
22.2375
18.15
21.3
10.3125
5.95
6.45
8.4125
12.925
19.85
24.1875
27.0375
31.55
26.5625
37.0625
54.025
38.2625
16.0125
15.41875
19.778125
26.5625
32.5
30.3625
24.175
19.125
19.5875
35.625
53.5375
61.9
37.7625
45.30625
51.446875
68.625
47.0875
45.425
40.4
31.325
19.1
26.8
52.6
50.675
15.325
9.8375
12.33125
16.975
16.4875
15.3
18.9
19.375
9.35
16.5
23.2125
15.3125
5.5
3.0875
3.91875
6.2
6.2
10.7875
10.7875
8.15
5.95
12.675
32.7375
39.45
12.9125
6.225
8.3625
24.375
18.8875
17.9375
31.5625
26.5625
20.3375
12.45
9.6
6.45
8.4
11.7375
11.2625
11.7375
11.2625
12.6875
12.925
13.4
10.7875
11.2625
8.4
4.2875
0.95
0.83125
0.296875
1.6625
3.8
5.225
6.45
7.15
5.225
8.85
12.2125
9.825
5.475
8.24375
10.015625
22.0125
9.3125
10.3125
10.7875
10.7875
10.55
22.725
41.35
36.325
10.2875
3.7
7.7125
15.0625
21.05
21.05
20.575
16.725
12.2125
12.2125
19.85
20.075
12.45
6.95
12.925
21.5125
24.4
25.6125
23.4625
21.3
18.5453125
30.375
36.5875
31.55
9.35
6.325
7.9625
13.4
19.8375
23.225
22.5
17.4375
17.4625
16.7375
17.6875
15.55
4.075
2.6125
2.96875
10.3125
12.6875
18.625
18.8625
20.3125
37.55
35.3625
42.55
27.025
20.5375
19.1125
19.825
17.6875
19.8375
18.6375
19.85
20.575
11.2625
10.55
10.55
11.025
7.45
7.9125
9.71875
8.625
9.6
12.6875
16.725
15.775
20.8
22.975
49.25
46.6125
41.625
48.51875
66.353125
48.05
34.9125
41.3875
47.125
32.5125
30.125
33.4625
36.5625
25.1
9.8
7.7875
3.98125
4.0375
7.925
14.35
15.3
13.4
14.825
15.3
13.6375
9.825
4.275
2.85
4.75
10.0625
18.4
27.275
39.7
27.275
20.8
23.925
35.85
23.9
9.6
6.95
8.175
10.075
10.7875
12.6875
16.25
14.1125
12.45
14.5875
18.6625
16.025
5.475
4.275
6.675
10.7875
17.675
14.35
12.2125
10.7875
8.4125
6.7
6.95
6.7
2.85
5.725
12.45
15.3125
29.1625
40.6375
39.45
22
17.4375
17.675
14.825
9.1125
2.375
3.7
6.5125
7.425
8.4
16.9625
22.2625
24.8875
28.225
48.775
54.7375
45.675
37.2875
37.40625
53.859375
58.8125
60.0125
56.9
27.5125
16.725
13.1625
14.1125
21.7625
20.8125
11.2625
12.56875
17.378125
30.6
37.5375
46.375
49.4625
46.85
45.425
59.5
64.7625
55.2375
41.15
49.61875
60.665625
66.675
63.8125
61.9125
48.0375
46.375
41.375
55.9625
54.0125
39.4375
20.0625
18.05
19.28125
21.5
19.5875
25.1375
30.6
26.325
23.95
33.4875
38.9875
32.0125
18.875
16.13125
16.428125
28.9375
45.1875
43.2875
39.9375
31.55
29.8875
20.075
13.875
11.7375
11.5
11.975
12.925
12.925
16.0125
23.9375
25.6125
21.5375
30.3625
34.4125
33.225
31.8
23.1875
24.6375
35.03125
48.5125
62.3875
59.5375
56.4125
52.0875
47.0875
44.7125
43.7625
44.475
36.5625
41.98125
43.465625
43.7625
38.7375
44.7
40.4
35.1375
29.4125
44.9375
51.125
48.275
45.425
53.64375
56.021875
57.15
56.9125
51.85
55.225
61.2
62.15
60.25
51.375
44.475
34.4
33.8125
44.4125
47.0875
47.8
50.65
49.4625
44.475
43.2875
46.85
51.3875
47.5625
42.8125
45.78125
42.040625
32.975
36.5625
37.7875
37.55
32.025
39.9375
46.86484375
46.1375
41.8625
38.75
43.4125
60.30625
53.5375
50.8875
54.75
50.1875
52.325
48.9875
41.3875
36.825
33.2125
31.3125
33.80625
33.178125
44.2375
51.125
56.9125
50.2
41.8625
41.15
40.675
42.575
44.475
47.325
48.0375
49.4625
48.0375
45.6625
45.6625
43.2875
34.2
27.5125
44.225
57.8625
52.7875
50.4125
54.13125
58.409375
63.3375
64.05
60.725
57.6375
52.325
45.9
49.225
51.8375
51.8375
51.6
49.9375
54.2625
66.675
67.85
65.475
60.9625
44.475
33.95
53.55
59.5375
50.675
44.475
48.15625
50.234375
60.25
58.825
56.425
57.6375
51.3875
45.2
56.65
65.7375
62.4
57.1375
59.05
70.39375
