"x"
39.725
42.6
52.2375
40.5125
31.475
33.4625
27.5375
28.525
21.8625
18.2
15.225
19.171875
37.1125
36.3875
28.775
22.425
16.8375
23.875
25.4
33.6875
34.5375
40.425
21.925
40.165625
33.2
26.9875
48.9375
37.9625
26.8625
32.9875
30.55
37.075
48.65
55.7
18.275
22.828125
20.0375
29.2375
50.625
30.45
32.9875
41.95
39.05
38.85
40.225
49.6
25.8375
23.603125
32.8
33.7875
40.9875
47.0625
46.2125
48.925
44.725
60.5375
67.05
47.7625
37.4875
26.353125
28.825
40.25
58.225
70.325
59.4875
73.7125
55.625
60.7375
65.4
50.65
25.3125
23.525
33.7875
106.71250125
74.975
32.4375
31.9625
30.00859375
34.2914398193359
70.087483215332
96.3875
63.8875
14.6875
11.859375
26.55
54.35
52.0375
36.5875
21.87353515625
26.65
22.9375
66.475
93.3375
57.9625
59.225
74.265625
57.35
55.7875
50.6125
47.73984375
57.275
61.0875
55.7375
76.7625
63.075
46.1625
39.875
55.665625
87.275
112.35
102.75
113.6625
95.9625
91.5875
93.7125
89.1
72.45
60.15
8.475
18.828125
41.8
58.4
130.02499875
93.1875
79.8125
77.0375
82.17499875
69.0375
69.4
50.35
25.575
23.95
45.1875
89
83.44375
85.372900390625
79.6
67.0375
85.75
137.625
141.1625025
109.0375
74.7875
32.3125
52.7
56.8875
57.3125
81.35
59.65
75.4125
107.35
97.3625
74.825
60.2625
38.425
25.73125
40.0625
55.8875
54.0125
69.0875
124.55
74.7625
64.6375
82.7125
80.45
61.85
60.4375
60.94375
54.5625
43.5125
54.25
79.225
51.0125
50.3875
51.525
47.325
62.85
56.4625
58.2625
50.54375
47.15
60.4
61.8125
67.8875
56.2875
37.8125
36.35
39.575
38.9125
38.8625
27.2375
31.7125
31.575
22.2125
24.425
33.9875
21.55
26.8625
28.5125
44.8125
38.9375
25.1125
-0.825
-0.903125
17.4625
37.6375
56.625
61.5375
63.8
59.85
50.95
40.2375
23.9375
13.7375
6.375
7.821875
22.8875
37.775
41.1
52.075
55.6625
56.1875
61.675
61.525
37.4375
9.225
5.625
4.2875
10.875
11.6125
11.35
15.8875
23.075
33.35
70.5
51.6
34.2
17.6625
24.8
30.6875
40.1375
51.3875
50.8375
53.5875
45.95
40.675
39.0375
41.325
42.3375
36.8375
34.7375
47.934375
53.3625
52.3625
58.7875
54.525
35.25
30.1875
35.0125
22.75
15.7125
5.6
-0.15
0.128125
8.975
13.5875
14.3125
12.825
11.6125
10.9125
9.4375
7.3
5.65
0.8125
3.4625
5.3625
5.8875
19.0875
27.85
22.9875
14.575
18.8375
20.2375
26.5625
24.1875
8.3
10.7
15.38125
16.675
25.6125
27.7875
35.3875
37.7625
31.575
31.4125
26.675
16.45
4.2125
4.4125
13.69375
18.55
33.875
37.625
43.875
37.75
45.6375
37.325
52.1875
64.7
34.15
11.95
21.075
59.0375
79.1125
80.5875
73.1375
57.75
42.475
50.5125
38.1125
28.1875
13.025
3.9625
10.759375
21.425
48.225
46.8625
55.625
52.2875
57.725
60.2125
53.975
50.95
48.8125
49.525
55.459375
55.2625
52.95
56.0875
63.9
56.2625
59.2875
55.1125
53.3
49.0875
47.7125
55
66.140625
72.7125
74.65
79.825
86.0875
100.9625
89.0125
90.9
88.71875
92.8625
71.4375
68.6625
69.528125
77.575
79.1125
98.775
101.6
95.475
77.45
100.675
110.875
99.6
59.0375
32.5875
53.1875
69.075
77.5375
85.7875
76.025
70.625
69.9
72
74.575
72.3625
45.4
26.75
30.08125
48.4375
51.9
53.6875
53.675
53.1875
55.2625
51.1625
51.2375
48.825
34.6125
26.6625
30.390625
37.3625
41.7625
47.25
49.1
53.65
57.75
56.0375
49
47.7125
47.9
50.7625
53.471875
59.825
63.925
69.5375
71.2875
66.925
65.6
60.7375
68.675
55.6125
50.675
52
54.209375
50.275
58.8875
64.7625
59.7375
59.075
64.6
67.0125
67.0375
70.2
53.05
47.0375
51.64375
54.025
58.5875
51.5125
57.525
57.9
67.025
64.225
67.075
64.5125
58.25
62.75
62.61875
68.6
85.3125
88.1875
87.575
83.2625
83.8125
71.4
71.625
72.55
58.6875
52.0875
57.315625
63.3125
65.25
66.2875
63.3
76.8625
67.0375
65.225
68.45
57.9875
31.825
24.5875
39.659375
57.1125
64.5
83.7875
86.35
88.4375
80.4
64.95
60.3375
73.125
46.7125
47
47.35625
42.1125
43.325
50.5375
43.9875
46.525
56.1
47.6875
38.1875
25.275
18.7875
10.9625
15.615625
27.65
30.4625
47.9875
47.525
52.7875
49.65
72.7
68.025
43.15
20.3875
7.9875
33.346875
44.05
48.5375
59.625
74.1875
66.475
70.075
70.425
72.25
64.9625
40.25
37.7625
54.778125
61.3625
66.4375
76.825
80.375
94.575
92.9
86.9375
88.7125
79.5625
57.225
27.7625
38.190625
52.625
63.4875
72.7125
73.9125
80.875
78.375
54.8375
38.8
53.675
31.8125
29.7375
44.296875
51.5125
54.3375
68.5125
67.025
58.325
72.075
71.4625
67.7625
68.5125
34.45
8.3875
12.640625
29.7375
50.9375
63.9125
74.4125
59.05
48.1
55.85
56.3125
48.3625
27.7625
-0.575
-1.875
2.95
13.55
30.9875
41
37.225
40.2625
33.7375
14.35
5.4
2.0375
-0.875
5.496875
10.425
15.525
39.675
65.05
58.2
62.3625
64.5875
63.1625
56.8375
59.75
63.0375
63.246875
64.8625
64.6875
54.9625
67.5625
82.325
86.8375
80.075
79.525
70.3125
46.075
10.575
26.134375
31.05
63.225
74.475
63.525
44.0375
31.1375
25.4
37.4875
45.6875
15.7125
4.2125
5.228125
11.1625
23.9
38.075
37.6375
35.1375
19.325
25.8375
29.9875
22.3375
6.475
3.9125
5.79375
25.2875
43.75
58.825
62.89375
44.1625
37.5375
40.675
85.8375
69.425
44.0625
49.6625
56.025
63.2
69.275
71.425
66.1375
71.009375
70.3703125
76.075
65.3875
52.375
44.4
40.3125
27.7875
45.3
54.375
59.4625
68
55.175
63.3
36.6875
25.2
37.6625
17.1875
19.8875
22.221875
33.4625
39.05
46.0875
55.0375
33.1
30.95
24.475
46.2875
34.9625
37.1875
24.2
15.634375
7.3375
23.3375
35.475
63.2125
48.2
35.6625
26.75
42.5625
38.175
7.65
1.4
3.109375
32.0625
58.875
62.75
58.0375
41.7625
27.4625
19.225
28.5875
46
33.15
25.6375
37.371875
45.375
39.575
43.875
41.9375
35.08125
32.7625
31.325
47.3
39.7125
23.05
9.6375
22.375
50.5625
69.3125
77.7125
91.7
60.425
43.7625
43.9875
68.575
66.55
45.3875
43.1
47.284375
54
58.8375
66.8625
80.6375
74.575
104.8750025
162.725
109.01250125
51.9
33.6
33.5375
43.578125
50.525
54.55
59.5
56.125
55.05
63.775
58.3875
56.6125
46.3875
41.4625
36.8375
44.265625
49.675
57.1375
62.5125
73.0875
60.3625
82.3625
77.7375
67.125
54.5375
45.0375
35.1875
38.25
46.9125
48.675
63.6
64.5125
56.05
36.9
41.075
60.3375
43.025
21.8625
11.55
20.4125
55.075
71
60.75
50.5875
43.525
35.1625
34.6875
34.7625
12.8375
2.1375
5.1875
9.821875
17.4375
35.525
59.8625
62.425
46.825
47.8375
64.8375
78.6875
62.9375
32.0125
27.825
14.634375
25.4125
64.2875
77.175
68.3375
47.8375
40.9375
31.075
22.6625
39.15
9.65
2.8
8.490625
15.1375
38.6
51.825
55.0125
55.7
60.775
56.2625
73.2375
72.275
35.4875
15.2
41.73125
64.5625
45.125
53.1375
65.3375
54.6875
44.875
44.8125
24.1875
9.5875
10.3875
31.4375
22.659375
60.1125
75.7875
84.8
82.65
88.0375
76.55
73.4625
76.425
63.4375
44.9
30.8375
37.621875
39.95
47.4625
57.75
45.65
34.675
38.2875
50.0875
64.4875
72.15
38.175
29.7375
57.203125
86.1125
99.95
92.6125
97.075
82.1125
75.9
55.675
79.3375
92.5
57.7625
41.6375
39.471875
52.125
68.3625
91.4375
105.875
98.4375
126.76250125
76.9125
44.925
34.4625
12.825
6.525
10.971875
21.1625
36.525
59.775
74.5625
61.725
57.8375
69.1875
88.825
93.57499875
63.65
61.4375
67.1375
76.225
109.075
133.775
104.9875
101.2125
84.5625
85.25
93.6875
89.1625
54.9625
41.8875
55.63125
66.4
67.675
76.3375
70.6125
52.5375
36.9
44.2625
32.9625
20.375
16.8125
17.2375
20.1125
14.1125
22.525
35.2
47.4625
43.5625
38.35
67.625
72.45
68.4
33.3
25.825
43.25625
47.0375
52.625
52.8625
46.9375
45.525
48.425
44.8375
69.175
60.6375
39.925
44.55
62.521875
80.475
91.2875
101.425
99.675
85.95
93.325
96.8125
114.2875
95.575
63.9625
56.125
69.359375
77.5125
90.7875
100.575
97.5375
92.9625
91.75
93.3125
85.8875
81.425
49.5375
33.4
52.925
52.7625
58.3625
71.375
73.2375
65.2625
61.125
46.6
63.0875
80.9375
61.2125
40.0375
60.20625
96.7875
128.67500125
134.26250125
137.36250125
100.6875
103.45
102.4125
108.225
108.94999875
45.85
26.65
32.896875
48.325
65.35
53.85
40.25
20.6875
16.9
12.175
9.825
5.75
1.9125
0.3625
2.609375
5.3375
38.1125
60.4375
83.625
55.1375
46.6625
42.125
41.275
40.1375
24.2125
15.0125
17.175
21.2125
23.05
38.2375
47.9375
34.5625
30.75
27.3375
32.49375
45.125
21.4125
16.8125
18.459375
32.75
37.625
77.7
58.0875
42.325
41.8125
41.45
103.5375
99.5625
58.5375
34.775
41.934375
57.1875
70.925
84.15
87.25
54.675
57.9625
53.25
53.7125
74.9375
55.3375
19.4875
12.184375
18.025
37.5625
55.3
72.85
53.0125
38.45
37.95
34.45
37.15
17.175
4.875
2.525
11.1
24.5625
50.375
67.425
43.5125
41.55
44.75
93.89999875
130.92500125
70.55
51.85
41.65625
49.225
43.825
61.4125
84.0875
85.4375
87.35
87.0125
100.675
96.45
72
62
75.440625
81.7625
87.3375
108.0875
103.4375
82.8875
61.6625
67.8125
87.5
74.15
65.575
68.15
80.025
86.3
96.7625
102.4125
102.775
88.6125
98
118.29999875
118.11250125
95.275
52.9375
45.325
53.096875
66.425
93.55
111.925
88.425
71.5375
71.5625
83.5625
105.375
77.2625
66.775
38.0125
32.55
41.475
49.9375
61.1125
66.3625
71.3875
71.65
77.7
78.525
66.925
50.65
20.7
12.196875
14.5375
20.4
23.9375
23.7375
29.2875
45.2125
65.9125
74.925
101.3375
58.5125
46.3375
47.003125
60.55
68.5375
66.25
86.9625
85.8375
69.9625
65.3
74.7625
67.925
50.1375
23.85
26.55
14.7375
20.2875
40.125
48.0125
52.1125
63.85
80.375
86.45
65.8125
44.6875
46.675
54.046875
77
98.925
99.525
77.7
57.9125
56.2125
68.275
79.3125
68.5
61.75
47.2875
48.1125
64.325
75.525
81.975
87.0125
80.8375
73.1875
63.2625
63.8125
67.7375
61.2625
37.5
40.45625
58.7875
60.8625
64.8875
68.3625
73.1
62.45
62.0125
65.1625
58.5
47.6625
33.35
32.190625
52.125
74.5625
72.625
69.0875
63.9875
55.2625
59.6875
56.1625
69.375
85.9625
54.2375
53.5
54.5
56.8875
65.65
68.9375
38.975
26.5875
29.3
37.75
72.1125
50.6875
40.9125
48.1875
60.0375
71.2125
88.9625
87.1375
77.65
67.9
94.2375
90.6
87.1625
56.875
44.4875
49.65
63.4625
60.2375
50.5125
41.4375
43.6875
40.9125
45.05
47.4375
41.0375
23.1875
12.475
20.934375
30.7375
28.95
57.6375
63.375
48.7625
49.3625
66.3875
68.1
59.9375
47.025
51.2625
63.915625
82.65
100.7875
80.975
90.95
64.6125
86.25
115.6
147.53749875
86.6
50.9875
53.7875
60.6625
78.2875
83.3875
96.4875
92.5625
57.1125
54.334375
73.275
90.9
90.1125
45.0625
19.325
18.05625
30.4
64.9375
85.075
85.4125
63.2
55.6875
36.1125
70.8375
79.825
59.3125
62.3
76.040625
73.4375
81.725
94.7625
100.7125
53.2625
35.6875
74.675
152.03750125
132.2875
55.975
49.9375
59.21875
66.2125
79.525
91.0375
63.7
38.6375
29.525
30.5375
62.96249875
134.20000125
55.4125
41.6875
55.96875
66.9875
69.8125
81.775
39.1625
19.45
26.9625
34.725
69.25
58.1875
50.5875
48.2625
52.953125
61.0375
62.875
73.2125
54.525
22.9
66.025
80.5625
116.92500125
97.725
53.175
58.45
66.325
66.4375
81.85
81.2875
81.825
80.9125
80.15
103.0875
116.8
101.79375
55.9875
61.7125
69.778125
71.0125
78.95
82.5375
86.6875
68.475
71.6125
59.675
64.925
72.6
63.275
25.7
18.078125
31.375
59.5125
66.75
75.5375
51.8875
59.2125
77.9375
98.81249875
121.6375025
79.0875
37.775
41.371875
61.725
78.9375
84.8
73.325
57.7875
59.6625
61.3875
58.175
76.7125
72.15
42.9875
30.28125
42
57.55
54.925
49.9875
56.0875
61.3875
59.8625
51.35
79.5125
60.5875
16.2875
8.7
31.9125
44.05
46.125
45.95
35.075
37
46.0125
46
32.5875
25.975
22.9
55.1375
90.95
91.3375
88.675
71.7625
56.7125
74.5125
77.7
80.6
80.9875
63.1625
56.6375
82.68125
81.75
89.9375
72.175
73.45
71.6
72.9125
57.2625
84.32500125
95.875
79.65
24.075
24.246875
40.35
85.5
80.425
61.9375
54.425
68.7
69.0875
78.0875
81.775
59.7625
18.5
14.6375
28.35
63.65
84.3875
62.2875
50.9125
66.1875
68.9
81.625
90.3
59.775
17.1875
16.328125
41.2125
53.675
69.8
82.075
88.375
81.5125
90.1
90.3625
97.7125
85.925
46.7875
21.271875
24.20625
32.734375
51.275
64.575
66.3375
89.2375
74.0625
91.475
114.9125
97.11249875
46.775
25.490625
22.8875
32.075
47.2375
68.125
61.2625
53.35
60.4
57.6375
33.0375
27.6375
22.2875
6.34375
36.875
42.5375
46.8625
64.5875
60.9625
61.375
59.475
58
77.1625
36.2125
20.85
19.846875
31.675
41.6375
79.6875
69.4375
69.8375
68.3125
82.6875
79.6625
74.5
74.5375
30
28.821875
42.2625
55.6
66.1
64.9875
52.95
67.775
84.075
73.2625
82.2125
64.3125
20.825
33.5625
36.35
39.6
50.575
79.15
87.7875
85.6125
90
126.7875
113.88750125
49.45
38.15
52.2625
60.5375
68.5625
83.9875
48.15
49.9375
62.025
50.0125
70.0625
88.15
42.675
32.6
24.078125
28.6375
17.6375
22.1375
28.5875
43.6625
48.625
67.05
62.125
68.8
52.5125
41.3
28.428125
49.35
48.5625
27.225
29.6875
27.3
29.4125
18.375
27.8875
20.55
19.6375
14.85
26.846875
26.5375
23.375
24.55
24.9125
31.2375
28.9375
34.8375
35.8125
39.1625
22.075
1.2625
0.76875
6.475
21.9625
29.9625
25.05
17.8125
19.2625
15.5625
28.4375
40.725
16.125
2.4875
6.046875
14.3375
20.4875
45.825
56.2
48.2796875
39.24140625
60.5
62.125
81.85
49.8375
47.025
78.1125
87.075
84.2
88.2375
62.175
81.425
97.9875
84.8
125.075
96.51250125
44.3625
52.55
40.5
57.2
89.575
92.7375
72.675
66.3625
70.175
75.2625
74.675
76.8625
67.1
34.15
27.79375
38.625
57.15
67.1125
61.1
48.9125
32.475
54.0125
82.1625
110.7375
80.2625
63.3875
71.759375
82.9625
72.975
63.875
40.7875
52.8375
50.4875
48.5125
61.5125
52.825
39.6375
40.925
43.340625
51.35
64.5625
71.325
60.5
54.6
40.4
43.0375
42.35
42.425
27.9625
19.325
24.871875
17.7625
16.05
21.2375
15.8125
22.5125
20.2625
20.825
21.1875
42.175
20.25
9.375
13.634375
27.175
39.1375
56.375
50.45
42.65
45.9375
44.2
51.3125
57.6375
43.8375
42.325
62.825
78.5
91.5
97.0375
101
72.2625
76.85
69.4125
86.4375
95.9625
84.6375
43.875
41.48125
53.5625
69.9875
76.7
86.55
71.325
77.2
77.35
79.6375
77.8
57.6375
21.525
14.815625
26.95
31
38.05
35.3625
47.65
45.0125
48.7375
40.2625
23.35
22.525
14.2375
17.046875
26.425
36.275
36.8125
44.0125
61.4625
51.475
51.6125
47.725
33.7875
26.3
35.2875
49.096875
62.9625
63.8625
54.4875
43.35
67.5125
44.25
49.05
67.325
64.3375
58.3375
55.95
68.96875
73.4875
83.075
72.225
77.2875
61.9125
54.0375
71.1125
86.75
92.7875
37.2
24.3
27.428125
44.1375
58.4125
71.6375
82.875
70.95
70.0875
78.4
94.0875
89.0375
46.1
47.675
41.403125
47.0125
76.675
93.5375
85.7375
76.0625
59.7
63.925
73.225
86.7125
58.2625
31.55
27.5625
48.35
68.8875
78.15
79.95
78.875
87.35
73.85
74.4125
66
52.4
46.05
46.515625
47.3
58.075
67.6875
46.975
41.8
37.8625
39.9625
46.8375
41.7875
28.3875
32.9375
34.89375
43.1
38.725
34.05
34.225
42.1875
49.9625
45.9375
43.3125
36.5625
33.175
37.55
37.703125
38.05
42.275
37.175
30.0875
44.65
20.1125
26.15
42.85
93.8125
64.025
51.8
44.228125
26.3125
37.7625
35.85
44.525
96.3125
103.325
110.975
62.875
99.8875
63.4875
50.85
42.815625
49.1
49.875
56.8625
80.3625
91.1625
109.7125
155.5374975
154.28750375
109.30000125
70.9125
53.8125
67.73125
100.05
97.4125
108.1375
130.6125
133.65000125
106.75
107.69999875
104.2875
103.475
72.0875
33.9125
60.81875
79.9625
80.0125
83.4625
83.6875
85.2125
72.175
60.95
66.2
59.225
53.95
41.95
53.8875
51.9
44.575
34.25
27.775
29.8
29.9875
36.2125
38.9
21.8
15.8625
17.775
28.009375
32.175
35.8875
42.5375
43.7125
45.1
42.525
44.3125
47.2625
37.4875
31.3125
23.025
26.625
30.9875
35.9875
44.45
32.775
41.0125
34.6875
43.1125
48.525
61.3375
54.975
31.5625
27.009375
38.65
38.7875
44.7625
50.2
45.65
48.5875
53
53.75
57.3625
55.425
17.5125
11.309375
32.7125
36.7875
33.5
37.025
32.3125
27.9125
24.7625
24.5875
32.475
17.1625
18.525
19.25625
27.5375
50.025
56.625
44.6875
41.5375
47.0125
56.8125
74.0625
95.92499875
44.575
41.375
44.303125
59.125
60.575
61.725
43.975
42.725
39.9
30.7625
32.4875
20.0125
21.1125
27.7
25.846875
33.9
45.3375
47.2375
36.3875
42.5375
48.375
63.5125
67.7625
75.65
41.875
27.3375
34.6875
36.325
25.7
26.2875
22.5625
33.3625
38.7625
43.4625
58.625
66.6625
58.55
31.4
20.753125
41.9875
59.54375
48.8875
69.625
59.6
56.125
53.875
54.625
66.8
53.05
24.85
40.734375
50.225
59.9375
70.925
62.0625
47.8625
53.65
56.475
58.6640625
57.25
47.1375
30.8375
24.91875
61.0625
55.4625
64.575
59.875
41.725
45.9125
66.9625
91.2875
99.425
46.4
45.125
27.559375
51.475
62.725
74.05
74.575
65.9
66.7
79.95
99.8625
118.55
46.7625
41.2625
49.33125
54.7875
57.225
52.95
54.4625
44.7
40.9125
43.825
48.9
56.5625
44.7625
51.675
61.6125
65.1375
72.825
50.125
56.875
48.3
41.9875
46.3625
56.9875
64.075
48.425
45.1625
58.440625
66.875
56.7875
60.3875
57.5125
69.275
49.1375
24.3375
32.7625
47.85
43.725
24.825
24.74375
28.8125
30.6625
55.5
40.025
24.2125
25.4703125
49.3568176269531
49.8978781938553
48.8124937593937
32.825
20.875
20.925
22.8125
29.4
28.4875
29.6125
38.1375
29.2
31.275
31.95
43.475
31.2625
17.95
12.528125
25.1875
38.2875
35.25
42.8125
26.425
25.3375
32.6625
29.45
33.3
17.5
8.3375
10.83125
15.3
27.2125
49.575
34.2125
28.6375
28.8375
25.5875
27.675
34.9125
17.4125
5.625
6.3
9.475
15.2875
20.925
19.1625
22.075
30.55
40.5875
29.325
19.075
14.6625
19.9875
25.25
32.1625
33.975
44.2125
64.35
58.7875
68.2375
59.425
75.3375
70.9125
49.7375
27.7375
26.615625
49.5375
47.325
59.0625
42.5625
32.3375
48.4125
54.2125
24.175
36.3375
12.275
7.35
13.115625
14.1625
22.5875
42.8125
40.8
40.5
54.65
47.1625
54.7625
58.1375
64.25
31.35
30.240625
63.1875
70.79375
96.875
58.4
56.2375
52.5
54.8
61.65
47.1875
19.15
6.275
3.50625
10.4875
26.0625
29.5375
25.4875
28.0625
31.925
36.7625
38.975
40.875
22.8
7.45
5.784375
15.375
31.2875
40.5125
40.6375
30.625
35.6875
40.825
36.3125
42.95
15.275
4.4375
3.228125
11.625
21.4375
20.35
17.45
24.575
19.65
35.3875
30.65
23.65
25.9375
30.175
46.359375
59.0875
50.6875
42.1
44.1875
44.375
41.8625
49.175
48.8
54.075
47.925
43.6125
47.896875
59.9
62.3625
57.675
54.875
59.175
61.5625
63.3
73.15
72.125
49.75
25.0875
20.446875
42.6375
45.4625
48.9
48.4375
46.4875
53
52.4
57.875
47.7875
43.4
16.7625
15.496875
26.4625
60.5875
57.45
53.7375
58.1875
51.7375
60.5375
74.1
73.6875
53.6375
45.15
60.55
71.15
69.9125
83.35
80.9375
78.0375
85.8625
79.2875
83.6625
89.5125
49.55
28.8625
39.578125
50.825
48.05
53.8875
67.475
61.8125
62.45
62.275
77.875
87.9625
69.2
28.75
24.59375
34.5875
55.225
46.7375
51.7125
48.7625
35.2125
38.4875
33.875
23.05
21.85
26.15
31.328125
39.7625
38.9625
37.3
34.1125
35.0875
30.5375
29.2375
33.125
25.575
11.775
5.975
14.04375
25.3375
53.35
39.15
36.975
36.1125
36.475
44.3
45.2625
58.7125
52.55
28.8375
24.903125
31.2
38.475
61.5875
53.15
34.0625
55.3
58.0125
79.475
73.7625
46
16.225
26.875
38.75
47.5125
39.9375
65.4125
64.8375
62.4
61.5
65.3125
83.5625
55.725
34.95
33.225
33.75
48.2125
52.875
53.6
48.3125
60.0625
79.5375
81.4
74.8375
51.525
33.1125
39.1625
41.525
37.275
34.5
33.7875
38.775
36.8625
47.325
36.125
49.5125
32.5125
10.1625
4.08125
7.95
19.2125
20.15
27.8875
13.4625
22.6625
23.125
21.175
8.1625
4.6625
3.6625
7.940625
9.6
16.5125
15.6125
21.325
18.875
17.9125
22.375
26.025
24.375
18.45
3.8
11.0625
27.3375
30.65
37.3625
31.0125
28.3
20.4125
25.475
23.725
38.3
15.1375
5.5
1.825
8.7
17.875
44.2625
56.5625
47.8125
42.3375
53.3625
69.2625
84.4125
50.775
6.725
9.79375
18.4875
32.2625
38.0125
43.3875
46.775
54.4625
60.95
67.45
76.65
71.3125
33.4625
20.903125
30.0375
29.175
39.4375
30.675
35.1
40.5625
51.025
52.9625
54.075
45.125
20.95
8.309375
15.9375
25.2
39.5875
25.2875
29.8125
30.55
22.1
33.9125
33.8875
11.5625
1.8125
0.359375
7.6125
24.25
35.2
30.7
29.85
38.25
19.7625
16.0375
4.8125
5.175
8.825
17.45625
39.875
35.7625
20.2375
21.025
40.9125
23.5
25.1
38.4125
59.35
63.65
57.85
47.778125
37.7875
31.825
42.175
38.4375
27.3125
22.525
36.4375
27.8375
24.9125
15.7625
2.15
7.153125
21.2625
43.1875
72.55
78.975
80.45
75.990625
84.4625
74.05
73.075
51.2625
25.175
22.984375
32.9875
46.4875
62.975
63.9625
59.7125
58.7375
68.2875
73.825
70.3125
56.5
26.875
30.0625
51.45
68.975
61.4375
38.5
39
30.4125
41.9625
34.15
17.75
22.1125
13.6375
24.28125
30.4
27.55
14.65
15.3
30.8
37.7375
28.8875
33.2875
22.4125
20.575
21.4
33.728125
35.55
40.3625
44.25
38.975
31.8125
26.4875
34.45
71.675
75.075
70.55
75.3875
85.1625
92.425
61.5125
62.4125
74.65
66.1
66.9625
41.2875
45.4
35.45
55.475
44.725
71.684375
71.5125
93.9875
122.675
100.77500125
85.65
71.9625
78.4625
80.4
78.525
51.325
25.125
29.65
44.8
41.625
77.4875
68.8875
42.0375
47.0375
35.6625
38.0375
43.325
41.6875
18.075
17.78125
35.15
49.3
48.3375
45.1
52.225
44.375
54.1125
43.5625
50.2125
34.675
11.6375
10.30625
22.3125
36.35
27.75
29.3625
26.5875
20.425
19.475
22.15
22.3125
26.6875
19.8875
18.365625
28.7375
41.1125
36.275
39.4
31.5125
37.5625
64.6125
58.2625
67.15
55.6125
44.0625
41.346875
48.4625
56.4875
44.4875
38.5125
46.2125
52.025
38.95
35.825
21.85
19.775
11.325
12.175
20.5
17.05
25.025
35.9375
34.6
29.3625
34.875
45.3
38.6625
25.5
17.425
16.5625
23.3375
34.4875
36.725
35.775
36.6
36.35
40.35
33.75
38.7875
21.5625
17.4375
17.903125
30.75
43.225
52.8
50.7875
42.0875
46.7625
59.5
44.4875
43.1875
34.9
20.975
20.515625
28.6
34.2875
47
53.2875
42.5875
40.1875
41.03125
36.528125
47.35
23.9875
16.925
17.759375
18.7625
38.4625
62.33125
55.9875
41.5625
35.9125
46.2125
47.7625
53.7125
42.7625
19.5375
20.484375
33.51875
40.540625
59.85
49.24375
49.38125
53.4
39.25
45.925
53.46875
35.9875
23.9125
23.9
27.7125
31.5625
37.9
43.875
41
42.05
61.4625
50.15
39.4375
25.1875
21.6125
24.3875
35.3375
38.8625
41.325
44.85
45.9
51.175
50.7875
48.46875
41.475
24.6875
19.9875
51.321875
76.475
90.7125
92.8875
97.8875
103.5625
103.1375
119.9000025
137.47499875
123.69375
107.625
77.525
73.371875
100.9875
124.3375
146.93750125
132.19999875
101.225
79.4375
61.475
111.74999875
131.86250125
87.3625
55.6125
55.053125
67.5125
60.3375
59.1
63.5875
54.6875
46.0875
42.775
41.5875
49.6
48.2625
29.775
33.128125
35.75
43.325
55.6875
52.8125
50.5375
53.125
60.4125
57.1625
53.8375
32.2875
19.5375
18.23125
31.3
47.8625
55.95
64.3625
47.4875
44.6125
43.61875
43.1
49.75
38.175
32.65
34.878125
35.7375
37.8375
40.3875
43.15625
48.659375
52.775
67.775
89.475
87.3375
79.8625
74.6375
51.971875
62.375
67.4625
82.575
76.95
84.2375
83.7625
80.9
80.3625
75.3625
65.05
49.1375
65.63125
98.725
108
105.3375
114.125
105.075
101.5625
97.0375
96.725
86.425
69.625
42.65
38.675
53.9125
65.9875
85.7375
92.15
96.3
96.53125
109.9375
115.2375
102.8625
66.25
35.125
28.1125
35.4875
60.6125
82.4875
94.3625
87.8375
87.2375
85.575
81.2375
87.7375
69.8
54.1625
74.925
79.5625
117.025
101.5125
101.3625
78.6875
38
57.7125
91.0125
93.6875
69.1
43.1625
32.184375
59.0875
74.725
71.2625
59.2875
61.725
56.6625
62.175
57.1875
31.05
34.7875
33.7375
23.85625
40.325
52.7875
57.45
60.0125
59.7375
65.1375
68.8625
63.7375
47.675
50.0375
46.425
60.025
79.2875
65.875
66.6875
68.4
63.375
66.2
83.90625
78.7125
67.725
73.45
56.5625
43.3125
64.35
90.825
84.55
93.7125
94.5
89.9125
90.475
103.0125
97.85
78.525
50.2625
58.903125
98.9
101.8625
102.2375
95.24375
78.8
90.0625
78.8875
96.6
104.1625
80.825
62.8125
71.69375
76.5
73.5125
61.4
52.33125
56.5875
49.55
44.6
53.2875
58.075
34.775
8.9
11.996875
20.5375
35.875
44.975
68.85
33.225
29.4875
37.3125
27.65
40.6375
15.625
9.725
10.6375
22.95
45.25
38.2625
39.775
35.15
45.1125
44.65
43.225
48.675
20.55
4.85
6.9625
19.675
33.05
41.9625
35.375
30.8875
26.1875
29.275
26.1
15.51875
15.0875
6.325
9.703125
21.4625
29.725
40.825
39.05
37.65
38.75
51.325
56.1375
51.4125
38.875
33.75
44.9
54.95
50.2
48.675
45.1375
52.625
51.325
36.7125
51.4
48.425
32.25
22.55
53.553125
99.3125
94.1875
102.0375
79.7125
82.2625
84.45
86.325
87.6375
79.7375
53.36875
33.025
42.696875
65.5375
79.0375
74.4625
81.2875
87.2875
88.1875
82.3625
94.8125
77.2125
58.5375
46.275
50.521875
71.0625
94.48750125
105.95
95.725
77.4875
84.1
105.36875
116.92499875
103.1875
59.175
43.6
59.546875
73.55
63.6875
60.8875
56.8875
71.3875
67.8875
57.99375
82.65
100.1375
65.9
39.45
34.50625
35.6
50.3
50.25625
43.95
42.8375
38.65
44.425
48.175
52.5875
45.5375
22.975
55.284375
50.275
49.5
50.05
47.5875
49.5375
51.9375
59.3875
82.5125
117.72500125
75.3
72.525
88.728125
92.6625
95.55
107.4
96.75
83.5375
72.45
100.24375
101.50625
87.325
67.65
34.4
52.653125
78.7375
97.425
105.025
81.6
39.6
58.5
62.3
67.8625
89.4375
51.9125
28.6875
33.25
37.1125
46.3375
68.7375
50.81875
41.4625
56.75
55.6
90.18749875
117.4375025
68.3375
35.7375
46.971875
65.8375
77.25
73.8875
75.3625
83.5
83.65
91.4
146.8124975
116.475
73.25
60.55
77.040625
89.7
94.8875
107.82499875
109.475
91.2625
91.26875
87.825
94.5625
94.0875
76.65
54.6625
75.371875
94.9
110.2625
107.6625
94.39999875
94.4125
73.85625
39.075
47.9125
87.5
72.65
63.25
76.778125
78.25
80.925
76.7125
70.2875
77.2125
77.6
77.825
81.225
72.8875
63.7875
42.2625
38.553125
59.8625
79.7
100.73749875
89.2875
81.6125
87.3625
79.1875
101.5
108.4375
77.475
42.7875
62.871875
68.9625
89.925
99.7625
88.125
98.55
88.1125
90.7
82.8125
88.9875
63.4625
28.025
25.08125
36.95
57.8125
82.2875
84.275
86.3125
92.275
91.25
101.9
95.6
45
16.1375
20.3625
44.6625
68.4375
86.6125
84.75
84.6125
91.7875
89.2625
96.99375
93.05
73.225
35.65
32.015625
77.5625
103.525
110.9375
93.1125
84.2
98.425
90.0875
98.8875
90.25
49.8875
19.5875
17.534375
37.95
50.7375
63.775
67.075
58.3625
68.75
65.775
50.825
30.425
30.275
23.8125
34.025
34.6625
43.8625
47.7375
62.9625
67.5
65.8625
68.5
52.75
51.375
37.125
24.875
29.334375
55.975
99.6
103.025
103.6
95.25
107.075
94.6375
83.975
78.7375
59.375
40.2125
47.35625
87.725
99.4875
111.61249875
93.1875
90.025
93.0625
92.225
108.5
94.8125
83.3375
90.8625
103.321875
106.375
109.3625
122.925
119.0125
79.2
41.58125
45.14375
82.225
128.48750125
82.5
67.575
89.4625
104.7375
105.4875
72.95
61.95
59.325
51.05
57.1875
119.7625
108.025
48.0875
23.1375
53.61875
66.1875
60.4625
32.175
36.65
43.6875
36.45
30.675
30.925
24.025
17.65
12.6625
14.021875
21.5875
28.6125
30.95
37.0875
30.075
27.85
22.625
20.4875
38.7375
37.425
58.975
61.48125
51
68.75
52.175
44.1375
35.3125
48.4625
76.2
127.79999875
104.71250125
90.5875
99.4625
112.45
109.0375
90.2125
101.31875
105.2875
78.675
94.9125
94.2125
88.9125
74.625
63.125
65.5625
83.43125
90.1875
116.97500125
121.76249875
96.2125
87.6375
89.175
89.6875
100.575
86.4375
63.4375
63.2875
69.95625
88.8375
91.15
94.6
91.05
78.7875
63.4875
86.11875
103.5125
90.95
55.325
52.5125
73.3
83.2
98.45
99.95
79.625
76.45625
83.225
74.00625
83.65
72.6125
30.025
31.4875
63.840625
99.45
115.5375
122.53749875
117.306251875
69.7375
77.0125
63.9375
88.8875
84.6375
61.4125
51.2125
56.95
69.45
78.875
87.075
81.95
41.05
28.6625
29.7
28.825
37.65
41.825
62.75
64.8375
51.1375
61.975
84.4125
85.3125
65.2625
64.125
66.95
65.925
46.375
20.825
15.675
29.209375
53.9625
88.7125
89.8375
79.2625
62.2625
58.7125
64.6
79.3125
73.875
33.225
24.525
41.475
61.36875
64.6375
78.975
57.225
49.05
43.85
48.7
59.775
59.1
25.2375
13.0125
17.215625
28.2
34.725
39.55
61
36.0875
40.2125
54.9625
64.8
70.28125
29.425
11.95
20.8625
25.6875
69.9125
72.3
62.4875
76.5125
56.15
52.6125
74.675
73.925
26.8
14.675
26.153125
30.875
29.8875
30.1
29.3125
18.6375
22.1
28.925
36.95
25.8
13.6375
8.9125
12.7
16.6125
20.525
38.15
37.475
30.275
29.475
33.25
34.6625
33.15
39.5875
56.85
73.71875
71.2
73.0375
89.0625
66.5625
26.80625
31.4875
29.4125
34.775
24.6
19.7625
30.225
56.8625
77.2375
98.45
83.0625
66.8
59.5125
61.8875
58.8625
63.375
51.1
38.85
38.275
48.290625
51.0875
55.8875
75.725
81.3125
69.3625
61
51.9875
61.05625
44.5875
15.7
11.625
17.18125
27.8625
50.0125
76.8
74.8375
76.075
75.7875
69.125
84.7875
63.05
23.5125
17.2375
26.94375
49.9625
65.6625
84.15
78.7125
91.225
95.325
82.2
87.1125
84.8625
74.225
52.425
51.9625
63.625
74.4375
74.3375
45.875
34.225
33.8375
32.0875
67.7
47.4625
12.7
6.1375
9.825
20.15
14.7
16.6125
16.225
14.425
15.2125
15.9625
15.55
21.225
15.7125
27.4625
47.6375
48.8125
48.6
50.25625
23.7375
17.9625
21
19.525
43.3625
56.50625
30.44375
19.975
16.83125
23.6875
37.6625
36.25
40
43.4375
36.425
43.1375
71.8375
67.3125
48.4375
64.9875
88.128125
97.8
97.4125
98.0875
70.55
51.0125
43.2375
42.9875
52.6875
67.0375
19.875
10.2875
15.696875
27.25
36.875
50
56
52.578125
47.725
47.9875
56.0625
47.875
18.5125
12.575
36.903125
70.375
92.9
89.55
80.9125
75.35
83.6375
99.375
104.3125
80.675
69.6125
72.7
65.8375
70.0375
73.0375
81.4375
71.65
65.21875
55.9625
58.9125
77.8625
71.06875
54.4625
47.3625
34.11875
59.575
82.75
85.125
53.85
64.60625
72.8375
67.0625
52.925
59.625
58.975
65.375
73.19375
82.1625
70.9125
67.925
62.69375
56.4125
54.775
67.0375
77.4875
65.5625
54.925
53.6125
70.53125
82.3875
90.7125
94.4
87.8125
85.64375
75.2875
63.025
69.275
71.6875
56.4375
57.775
63.340625
66.2
83.2125
83.3375
63.1625
63.275
35.175
40.6875
60.475
62.0625
13.1
4.275
6.8
14.4875
25.4875
53.125
60.08125
42.45
31.9875
29.4125
35.55
47.0875
12.0875
5.525
18.1
24.45
32.2375
56.3125
45
38.9125
29.4375
29.1
31.975
33.3375
6.025
1.65
6.4625
13.6625
22.0875
26.85
26.1625
25.4375
23
40.1
43.45
43.625
22.4875
11.9125
21.6375
34.175
45.0625
57.125
61.9375
42.7125
40.9625
40.625
51.7375
48.7375
28.7125
26.925
19.740625
22.9625
36.8125
47.7875
34.7375
31.1625
18.1
23.5625
26.4625
22.75
17.2625
13.6375
21.459375
36.175
40.5875
49.0125
37.725
37.0625
37.1125
32.75
41.275
37.075
17.0125
6.85
10.85
18.1375
24.7375
34.575
41.1375
47.375
60.2375
79.1875
85.925
75.0375
39.3
23.6625
25.446875
28.8125
46.3
46.3375
45.35
41.65
32.95
45.65
62.8625
57.6125
19.4375
9.3
16.715625
22.7375
27.8375
44.9
64.5125
66.4
52.575
58.8
60.6
47.525
22.45
11.225
20.571875
42.66875
77.16875
102.2
77.2875
57.675
55.49375
50.275
73.1875
84.1125
50.275
47.6375
45.19375
59.525
68.225
76.85
87.5875
64.675
83.20625
85.075
78.075
66.3625
56.4125
64.4
69.153125
73.1375
75.1875
85.85
83.8375
65.675
71.15
73.03125
85
82.5625
61.8375
69.4875
71.53125
76.2
91.0375
97.025
94.9375
76.0375
78.3625
91.0781234375
117.62499875
96.75
71.8125
68.55
59.521875
80.5875
81.6875
104
89.525
74.125
67.375
62.1625
76.8625
78.975
50.5375
42.8375
47.175
48.4625
61.0375
82.55
87.875
84.725
85.4625
96.825
91.2375
81.4875
52.15
38.85
53.49375
54.075
74.6375
77.4375
78.925
68.0625
57.1875
55.025
65.7
64.725
31.7625
24.1125
25.325
32.7125
38.9625
38.9375
43.3625
42.525
39.6
39.2375
38.1375
33.9625
25.075
24.6125
28.640625
30.475
35.4875
45.35
49.3875
51.75
45.35
55.425
45.425
40.475
32.05
31.6125
30.9625
37.925
43.0125
53.2125
66.425
54.325
49.6375
46.425
50.2875
32.025
27.3375
24.125
26.3875
30.7375
38.475
43.8625
51.325
53.475
55.825
65.9
80.5375
61.7875
32.6375
31.575
39.2375
46.725
58.925
58.7875
56.85
45.975
53.375
78.675
98.0625
86
58.975
56.275
75.671875
76.5875
70.5375
74.525
64.9
55.7625
46.725
49.3
74.175
78.5625
41.4625
30.875
32.20625
41.1
53.225
66.025
65.0875
51.3125
40.15
45.2875
55.1
47.6875
28.5625
26.3
26.971875
27.425
35.4375
43.375
46.7875
45.775
45.05
61.65
85.825
75.125
41.575
35.025
35.2125
55.925
50.275
61.5125
75.7625
83.1625
67.7875
50.2875
39.5375
30.7375
29.1125
27.8375
31.175
37.75
39.425
51.2625
64.5
44.125
42.0125
39.725
41.1375
31.9
27.15
25.75
25.015625
31.8625
32.3
33.6875
36.35
36.575
37.8375
36.0125
43.275
43.5875
31.9875
30.3125
34.9
47.775
45.2625
47.1625
52.8125
47.775
48.525
59.65625
70.6
65.2875
42.125
29.15
32.8125
35.525
61.55
52.1875
54.45
45.0125
43.25
37.05
48.8125
44.1125
27.9
23.85
38.25
52.9625
60.5875
56.7625
53.6125
46.0375
50.0625
73.0375
66.075
64.425
36.9625
29.0375
32.425
37.2625
44.2
49.9875
54.2375
54.675
49.225
45.85
48.8125
45.5375
31.4875
21.8375
24.3
27.9875
33.075
37.6875
45.35
43.1125
73.2625
75.0125
68.975
56.275
45.1375
44.7375
46.865625
42.225
44.3375
46.85
47.925
54.2875
37.3625
40.3125
35.6125
36.2875
31.625
29.8625
34.78125
35.6125
41.8875
49.05
58.775
65.25
63.6625
62.775
85.525
83.775
63.55
71.8125
77.871875
75.4625
77.1625
77.06875
70.775
64.8875
49.8625
61.4625
59.7
52.45
25.2
16.2125
17.725
14.85
26.05
43.81875
62.4125
56.1875
53.375
39.675
48.075
33.6375
18.325
12.95
16.85
29.6375
53.7375
51.1875
62.3
58.8375
55.225
53.4
71.7875
53.5375
23.8625
18.1625
22.975
26.975
56.65625
75.2
69.14375
50.65
50.7875
34.675
48.4625
35.625
17.4
10.675
16.6
24.7875
40.75
36.65
35.925
30.6125
30.2875
30.83125
24.1625
19.75
23.5875
22.55
29.20625
36.35
59.4375
70.825
72.18125
55.05
49.1125
45.55
43.4875
34.15
20.325
19.275
24.6625
32.4
43.25
48.1
61.26875
71.1375
75.5125
80.25
107.70000125
78.4625
58.675
60.75
73.68125
83.2125
82.55
97.16875
70.1
60.1625
48.375
44.1875
54.275
53.66875
30.7125
23.6125
34.403125
46.925
69.7625
91
93.26875
76.175
71.85625
89.4875
102.71249875
80.7375
63.2625
62.6
73.090625
86.75
100.5
95.3375
85.825
83.425
76.45
85.9375
81.775
76.5125
40.325
26.9125
39.440625
45.275
55.5375
77.275
63.95
60.88125
55.525
63.1
72.3875
59.15
48.8625
31.8625
35.853125
52.575
66.7375
80.825
90.35625
67.725
74.425
67.60625
51.3375
35.9125
27.45625
26.4125
31.90625
32.9875
31.6125
53.9375
78.603125
59.4375
78.059375
79.2125
83.025
61.1625
54.25
49.9
57.61875
66.825
86.625
84.925
85.85
80.65
76.40625
71.65
74.1375
64.475
55.225
60.1375
66.33125
78.7875
80.425
77.76875
77.4875
59.8625
60.3
53.85
75.975
75.3375
67.675
60.525
69.646875
82.31875
93.25
84.3875
86.325
92.1875
87.75
94.85
81.7
81.25625
55.6375
46.6625
60.75625
64.525
78.325
79.6625
78.25
75.3625
76.0375
76.3
84.3
80.75
63.5375
68.875
73.834375
80.1
71.9125
73.225
66.0625
67.55
72.1875
90.2125
92.2125
94.6625
63.5375
55.5
73.325
75.1125
83.0125
92.2
90.125
94.675
89.075
88.05
67.625
60.4625
54.15
53.9125
63.253125
66.4625
71.875
70.7375
96.08125
69.96875
71.16875
73.9375
69.575
52.725
54.1125
56.325
56.653125
60.6
64.3125
79.275
65.9625
65.0125
51.2375
64.875
101.8625
83.8625
71.075
68.8
77.428125
85.43125
87.8625
89.55
95.0125
83.925
82.325
79.7625
78.275
82.7375
72.0625
69.1375
71.0375
84.63125
87.975
99.1375
98.04375
100.390625
70.91875
93.65
105.25
98.8375
71.5125
65.35
86.2625
106.2625
92.9875
83.5
83.55
103.8875
104.9
107.2875
92.4875
80.35
79.7625
77.1
82.928125
