"x"
48.7
50.4
50.5
52.6
52.7
56.7
60.7
60.9
59
61.2
61.2
59.2
61.1
56.7
63.1
56.6
60.3
60.8
71
67.1
65.1
65.4
65.5
65.3
67.5
65.5
65.7
75.8
64.8
68.9
61.3
62.8
64.9
58.8
54.9
57.1
58.9
64.6
54.8
54.5
56.9
62.8
52.6
48.6
92.7
92.2
80
79.7
75.8
88
83.9
70
63.8
65
63.2
59.1
69
70.3
70.2
84.1
73.5
61.4
57.5
53.5
53.7
45.6
37.4
39.3
39.4
39.6
37.7
41.9
43.7
40.1
38.1
38.2
38.3
38.4
38.4
40.2
44.2
50.6
48.8
50.3
48
48.1
54.2
56.4
60.4
60.2
64.2
64.2
64.2
64.2
66.5
70.4
74.4
76.4
74.6
76.7
78.3
81.9
90.7
82.4
80.7
85.1
87.2
81.7
80.2
69.9
75.2
67.3
66.5
64.5
60.7
58.8
56.3
54.3
66.8
73.4
71.1
71.3
82.4
69.6
73.7
79.8
71.8
63.2
63.2
73.6
69.1
65
71.4
73.2
67.6
65.4
65.3
61.3
67.6
63.1
63.5
65.3
58.8
56.9
60.9
71.7
71.5
63.2
58.7
61
61
58.7
56.5
67.2
65.2
67
71.2
58.5
59.2
65.3
60.5
56.8
59
51
53.1
48.8
46.8
46.7
46.8
42.6
42.7
40.6
40.7
42.7
42.8
42.9
45
45
45
45.1
45
47.1
47.2
49.3
49.3
53.5
55.5
54.55
54.075
53.6
53.5
51.3
53.5
51.3
55.5
53.3
55.2
53.5
53.3
55.4
57.5
59.7
61.6
61.3
59.4
58.6
64.3
62.7
60.9
67.3
62.6
64.1
70.2
75.2
73.8
82.9
72.4
80
78.9
73.7
77.1
70.8
65
70.8
62.3
68.7
69
66.9
71
70.9
76.5
80.6
82.4
84.8
85.2
81
75.1
93.3
80.7
74.4
68.2
83.2
69.1
65.3
62.8
65.3
61.3
65.8
57.2
63.4
71.2
63.2
64.9
72.4
64.2
66
62.1
60.5
61.8
63.7
63.8
66.4
54.7
54.7
57.3
55.3
52.8
50.9
51
51.1
55.5
53.4
53.3
55.4
53.4
51.2
51.1
46.8
46.5
46.7
51
53
53.2
51.1
50.05
49
50.8
47.9
50.4
52.7
50.7
48.6
50.9
52.5
58.4
56.1
58.3
57.9
65.8
67.2
68.9
53.1
53.7
59.6
54.3
60.5
62.4
60.6
66.7
59
61
65.1
68.7
71.3
71
70.9
69
75.1
70.8
72.6
79
73.1
73
71.6
76.9
78.7
77.6
77.1
89.4
95.9
73.1
69
38.6
40.7
49.1
44.9
49
53.2
51
51
58.7
58.5
56.1
62.1
63.5
67.3
69.5
72.9
74.6
74.4
72.4
74.3
84.5
80.2
72.6
61.3
65.7
59.3
59.1
61.3
63.5
61.3
57.2
57.1
52.7
51
51.2
53.4
55.6
55.6
53.5
51.6
51.7
51.7
55.9
60.2
57.9
62
67.9
62.65
60.025
57.4
61.4
65.7
65.7
67.6
79.8
69
75.6
80.9
98.9
93.7
85.4
84.9
82.9
80.6
74.5
74.5
72
72.5
74.7
80.7
72.7
72.3
73
70.8
70.8
68.8
70.6
74.5
76.7
75.1
85.3
75
81.7
83.9
77.6
77.5
83.9
75.8
75.7
84
88
84.5
84.5
82.3
88.4
84
90.3
95.7
96.5
96.3
94.1
77.9
82.3
93.4
98.95
104.5
96.6
79.5
89.9
93.8
92
93.5
103.5
95.8
85.8
79.7
92.1
98.6
77.9
74.2
70
71.7
69.6
63.6
72.2
72.1
63.6
51.3
49.2
42.9
49.2
49.1
49.2
47.1
42.8
47.1
45
42.8
44.9
44.8
49.1
49.1
53.3
52.25
51.725
51.2
59.5
59.9
69.9
70.1
78.3
74.2
74.4
86.5
80.7
88.6
88.9
86.8
84.4
107.6
80.8
80.9
76.8
76.6
86.8
93.2
99.5
87
84.9
101
85.2
93.3
91.1
103.8
87.3
74.5
83
83
78.7
78.7
78.8
74.6
63.9
65.9
70
57.3
61.6
65.7
63.7
57.3
67.7
57.2
76.2
69.9
65.6
50.8
65.6
67.5
59.4
61.4
67.5
78.3
116.1
138.2
107.6
100.8
101
115.2
90.3
86.1
96
92.5
82.1
82.1
80.2
82.2
80.1
67.7
71.9
49
51.2
59.6
42.6
42.8
40.5
34.2
27.7
27.6
27.6
25.6
32
34.1
36.3
38.4
44.7
42.6
44.5
46.6
50.8
52.85
53.875
54.9
54.7
52.7
55
52.9
53
50.8
52.9
57
52.6
54.8
60.9
61
58.9
59
58.9
58.7
65
66.9
62.7
66.9
73
75
75.3
69.2
77.6
73.1
71.6
92.3
69.4
77.7
75.5
75.6
77.5
87.8
75.2
75.1
75.2
75.1
73.2
77.6
73.5
67.2
67.4
75.3
73.5
75.5
63.1
67.4
78
69.1
73.6
67.3
63.2
59
58.9
57
63.1
59.1
54.7
59.3
59.2
61.5
61.6
55.2
61.5
59.5
51
53.2
55.1
49
46.8
46.7
40.3
42.5
42.5
46.8
51.1
42.5
44.7
46.7
50.9
48.8
50.8
42.3
29.7
36.2
38.2
42.4
46.6
48.7
44.5
42.4
46.6
47.6
48.1
48.6
48.5
46.6
59.2
57.2
67.6
65.5
63.2
51
55.1
59.2
59.1
57
52.5
56.5
58.2
64.3
62.2
64.4
68.4
76.3
82.5
78.2
72.2
90.7
86.9
91.2
88.8
88.8
89.2
83.2
87.3
85.3
81.3
84.9
80.2
82.2
88.6
78.4
90.8
78.9
84.7
76.8
74.7
80.2
82.8
78.6
74.4
76.6
74.5
76.3
78.4
78
75.9
76
72.1
73.9
71.8
65.8
62.3
66.1
66
94.9
67.1
67.6
57.6
59.8
55.6
55.6
55.8
54
56
58
52.2
50.1
50
50
52.1
50.2
48
47.9
48.1
48.3
50.4
48.3
52.5
50.3
50.2
52.2
50.4
54.7
52.6
52.4
54.3
54.1
54
53.9
56
53.8
55.9
58.1
66.6
58
70.7
78.2
86.2
70
72.3
74.2
80.5
82.6
70.6
83
86.3
94.8
74.3
80.6
109
80.6
72.2
76.2
90
102.1
92.3
98.5
73.7
74.1
78.8
74.4
78.7
76.5
66.5
66.2
68.3
74.3
74.4
74.5
70.5
80.6
64.4
78
81.2
69.9
78.2
84
75.9
85.4
80.1
84
81.8
84.5
80.2
74.4
79.9
78
73.5
75.6
80.1
76.3
73.9
75.9
73.9
80.4
80.3
70
69.7
74
63.8
68.1
66
67.7
60
55.7
59.8
72.1
57.2
51.4
53.2
55.4
47.2
49.2
48.9
55.4
51.7
51.9
52.3
52.1
51.8
51.5
56.2
52.35
50.425
48.5
56.7
54.8
60.6
52.7
48.4
56.4
58.6
58.7
75.1
68.4
63
60.9
65.3
67.2
66.9
60.3
62.5
70.3
80.4
70.2
76.7
68.8
64.7
64.8
60.2
70.5
70.1
71.9
69.7
69.5
87
85.2
87.3
92.4
90.6
83
81.5
69.7
67.1
91.3
76.9
81
89.2
90.5
86.7
91
78.3
108
106.9
84.5
75.1
84.9
66.9
84.9
81.5
75.3
75
115.4
102.1
96.2
99.7
102.5
98.5
96.5
86.6
108.6
93.8
83.8
77.4
75.7
60.1
62.4
56.1
49.9
49.6
54
52.2
52.2
50.5
55.1
53
54.9
61
56.8
61
57.2
57
57.4
51.4
53.6
49.7
49.8
55.8
53.75
52.725
51.7
51.7
55.6
67.9
57.4
59.8
59.9
62.1
72.2
64.3
65.9
71.9
68.2
74.1
73.6
70
67.7
64.1
70.6
70.3
68.3
78.8
74.6
74.8
66.4
77.1
70.8
77
75
70.7
64.2
70.7
70.6
78.6
70.7
71.3
66.9
64.9
69
64.6
58.5
62.6
58.7
62.7
66.7
66.5
77.3
62.2
56.3
56.2
56.2
58.2
64.2
68.2
62
64.3
62.2
64.2
60.4
66
68.7
60.3
64.3
66.2
70.2
70.2
70.4
74.8
64.1
70.3
65.8
76.2
69.4
57.3
63.2
66.3
69.1
59.4
53.5
59.7
57.5
53.6
55.4
55
56.4
62.2
62.3
58
60.4
58
64
67.9
77.8
77.9
91.3
98
104.7
106.6
102.6
95.2
90.2
91.9
97.2
112
134
110.6
82.2
82.1
82.5
86.3
80.2
79.3
73
81
78.6
85.9
92.8
86.3
88
94.6
92.8
88.1
90.7
80.6
82.1
87.1
85
95
84.8
72.6
72.8
63.6
60.3
52.3
31.3
31.1
26.8
29
28.9
37.2
33
28.9
41.4
30.7
37.1
28.7
33.2
39.3
39.4
55.7
43.3
39.3
47.5
49.1
52.7
54.8
56.3
58.4
57.7
57.9
62.2
72.1
74.1
87.9
74.5
60.7
58.8
80.9
78.9
100.8
82.3
78.5
78.4
73.6
67.2
72.6
69.9
75.6
77.2
69.2
68.8
70.9
75.6
78.1
86.9
85.8
80.5
82.7
88.5
86.2
94.85
99.175
103.5
94.1
91
93.3
93.6
103.2
95.5
105.1
91.4
85
85.4
77.5
79.4
77.3
77.5
78
79.3
80.6
84
80.1
87.8
75.3
83
86.9
82.3
95
85.1
80.6
83.8
82.4
82.6
74.6
78.8
82.4
82.7
82.9
74.6
79.4
76.8
74.7
70.9
68.7
74.8
78.6
76.2
86.9
78.4
88.2
119.2
94.1
85.1
83.7
91.7
87.4
99.6
105.2
85.7
89.5
84.1
80
72.4
82.4
86.6
76.3
86.8
88.9
82.1
90.7
87.1
86.7
87.2
66.4
51.8
49.8
41.5
43.6
35
41.2
24.5
18.2
16.1
14
18.3
14
11.8
16.1
20.2
18.2
18.2
16
18.2
22.4
24.2
32.9
48.75
56.675
64.6
54
60
70.3
68
59.7
65.7
62
59.6
45.7
41.3
51.9
43.5
41.5
35.2
45.7
43.5
41.2
49.6
53.6
57.6
49.4
49.4
62
62.1
66
62
63.6
49.5
60.1
55.3
57.6
51.5
49.5
47.4
51.4
47.2
45.3
49.7
55.8
47.3
47.4
49.5
43.1
45
42.9
43.1
48.8
34.6
40.9
42.6
49.1
41.1
37
47.2
45.1
28.3
41.2
41
36.7
34.7
45.4
43.2
56
54
51.9
53.8
45.2
39
38.9
24.2
24.2
32.5
30.6
28.6
47.5
32.8
35
22.3
32.9
26.5
24.5
26.6
24.2
20.3
20.3
16
20.3
20.3
20.3
24.5
22.4
22.5
28.9
28.85
28.825
28.8
33.1
33.1
35.3
41.6
45.9
45.9
43.7
39.5
41.6
45.9
48
52.3
58.3
58.4
54.3
58.4
62.5
64.6
64.6
66.8
68.6
72.8
70.8
73
75.2
70.9
66.8
80.9
78.9
79
78.9
82.9
85.2
79.2
73
73
59.8
45.4
51.7
57.5
48.7
47.1
55.6
53.6
64.1
57.5
59.9
58
61.8
59.8
76.4
66.2
63.9
65.8
63.8
64
67.8
61.7
63.5
63.4
59.5
63.2
57.2
53.1
54.9
48.8
49.1
53
53
57
55.1
59.5
61.5
59.4
55.2
55.2
53.1
48.9
49
49.1
53.1
53.2
57.4
61.5
61.5
63.6
61.2
61.5
66
58.3
72.7
70.4
60.4
65.35
67.825
70.3
74.6
80.4
73.9
72.7
78.8
74.4
76.4
72
78.2
80.9
74.5
82.3
78.4
74.4
78.6
76.5
78.2
74.1
72.4
71.9
76.4
72.3
78.4
80.7
74.6
78.5
74.4
72.3
80
82.2
82.6
82.2
78.4
76.5
76.6
83
74.5
72.6
75.9
64
51.7
47.4
53.6
55.6
59.8
55.6
51.4
43.1
38.9
40.8
30.3
36.7
49.2
32.4
40.6
36.7
42.9
51.1
36.6
44.8
49.3
55.5
43
55.7
61.8
53.4
55.7
55.6
34.8
34.9
34.7
26.4
28.5
20
22.2
24.3
24.3
24.3
18
22.3
24.3
22.2
24.4
24.4
24.4
22.2
24.4
22.3
24.4
22.2
26.4
28.6
28.6
39.25
44.575
49.9
49.8
54.1
60.1
57.9
58
57.8
58.1
58
60.2
64.3
66.3
68.1
65.7
71.6
65.6
61.4
72.1
67.9
63.8
72.6
69.3
67.6
65.4
71.7
82.4
69.6
69.2
79.9
77.6
77.2
76
61.6
61.9
61.9
57.9
57.8
65.8
57.7
57.7
57.6
43.2
40.5
46.8
46.8
51.1
57.4
34.7
39
28.4
30.4
32.5
44.7
40.8
42.8
45
52.9
50.4
50.7
50.2
50.2
54.2
55.9
57.9
53.6
56
54.3
50.2
47.9
48.7
46.7
48.6
46.8
48.4
52.2
36.8
43.1
38.8
37
34.9
34.8
28.4
28.5
30.7
30.6
34.9
28.5
26.4
26.4
30.5
28.5
28.5
28.5
32.7
33.7
34.2
34.7
34.9
37
46.2
41.9
37.8
50.2
44.2
48.2
48.3
48.3
47.9
46.2
47.6
47.8
52.3
58.4
56.5
70
54.2
52.1
62.2
68.5
54
62.2
64.5
56.3
62
68.8
64.6
64.4
56.5
54.4
62.3
56.2
52.2
52
56.2
49.8
49.9
60.1
54
50
56.2
62.1
68.4
58.3
64.2
59.4
64.3
57.8
55.9
59.8
59.6
61.9
51.3
47.8
47.5
59.5
51.5
57.6
65.8
51.3
57.1
71.3
72.3
70.3
90.2
72
61.7
51.5
62.1
64.1
59.7
43.7
45.7
41.9
37.9
37.9
40.2
33.9
29.9
29.9
29.7
27.7
23.6
29.4
29.8
23.6
29.8
29.6
31.8
34
34.1
40.3
43.4
46.5
42.1
40.3
52.5
42.2
40.2
38
40.2
46.4
44.2
46.4
50.7
50.8
67.1
69.3
60.9
60.7
64.6
82.8
72.2
76.9
68.5
72.7
78.5
72.5
75.1
77.8
72.1
76.2
79.8
70.2
85.1
79
75
67.1
73.5
68.8
84.3
71.1
75.5
78.6
62.5
68.6
56.5
46.4
44.2
60.3
58.3
66.3
60.4
66.3
64.1
64.1
70
50.3
60.4
66.2
59
54.9
50.7
52.8
52.9
50.9
58.7
59
60.8
56.4
58.6
58.1
56.8
58.5
55.8
54.1
44.4
50.4
47.7
48
44.2
46.2
48.4
45.9
40.3
40.2
42.1
46.3
44.5
44.6
42.5
38.2
30
25.8
21.5
32
38.2
35.1
33.55
32
36.1
38
66.5
52.2
48.3
52.9
48.6
44.4
52.7
40.1
46.3
62.6
52.6
58.7
58.8
54.6
58.9
61
48.3
54.6
62.7
75.2
64.6
62.7
75.6
78.7
71
67.2
71
72.6
75.3
68.9
80.5
93
70.9
76.6
78.4
72.5
78.3
62.6
74.6
82.6
77.9
81.7
62.2
62.2
64.4
70.6
66.6
70.5
77
66.3
55.8
55.8
64
74.1
70.6
64.2
71.4
70.5
72.9
74.2
74.4
83.3
91.5
74.7
70.1
71.7
56.1
56
59.2
59.5
58.1
54.1
47.4
53.8
42.1
44.5
42.5
36.3
34.3
30.1
30.2
28.1
25.9
25.8
32.3
32.3
25.9
30.1
32.1
34
30.2
36.55
39.725
42.9
38.6
38.4
34
40.4
36.1
52.7
46.7
46.7
38.3
38.1
40.3
40.4
30
38.3
38.3
36
38
34.1
52
55.5
60
57.6
54
58.6
65.3
58.6
71.2
75.2
75.4
63.3
69.7
67.1
66.8
57.2
64.9
67.5
62.9
65
58.8
54.8
54.7
42.5
44.4
44.2
46.3
40.3
38.5
40.5
36.4
34.4
44.2
44.6
33.8
36.1
38.1
13.2
41.9
48.8
78.9
68.3
58.7
44.6
44.9
42.4
34.5
64.1
54.4
52.3
27.9
27.7
38.2
38.2
47.4
25.8
34
38.2
34
29.9
27.8
21.7
21.7
25.8
27.8
31.7
27.7
33.5
37.8
27.8
29.9
32.1
33.8
35.9
43.4
45.4
46.4
47.4
43.9
55.2
50
49.9
55.9
52
49.7
54.1
57.9
59.7
62.7
61.8
55.6
54.1
62.3
56.2
60.1
65.8
64.3
72.7
64.8
66.7
66.9
75.1
68.5
72.8
83.1
69.3
71
73.7
65
62.8
56.7
48.5
65.1
62.6
73.1
72.2
75
79.5
63
58.1
60.8
62.4
69
65.2
68.8
83.1
72.3
74.1
72.6
70.5
72.7
84.5
70.2
68.1
82
63.7
70.1
63.9
63.6
79.7
69.6
63.6
61.5
63.8
58.3
58.6
56.6
56.6
57.2
62.8
50.6
56.8
49
51.1
51.1
49
49.1
47
46.9
49
48.9
55.2
55.2
53.3
59.5
59.5
61.5
61.4
63.5
63.5
65.5
67.25
68.125
69
66.9
66.8
68.7
70.6
68.2
80.2
82.6
80
82.5
80.4
78.7
76.8
88.2
110.2
86.1
86
92.1
84.4
84.5
84.7
90.5
86.6
90.9
88.8
92.6
90.5
92.8
98.8
87.6
93.7
91.8
87.3
83.9
71.3
69.3
75.4
62.8
77.1
73.1
68.4
80.9
68.5
80.7
66.9
71
66.7
63
67
73.1
72.6
76.8
74.5
76.7
80.5
72.5
72.6
78.7
78.2
82.4
96.4
98.3
94.3
94.6
90.7
89.3
79.9
76
78.8
76.2
70.6
70.6
66.9
72.2
64.5
63.5
63.3
57.3
49.2
48.9
49.2
45.1
45.1
47.3
47.2
49.4
49.4
51.4
57.5
59.5
61.5
61.3
63.4
65.4
68.35
69.825
71.3
69.1
75.5
73.4
73.2
79.2
76.8
77.5
77
83.1
83
80.9
93.1
90.1
96.5
96.4
87.9
104.1
99.8
106.4
123.9
85.3
90.3
81.9
73.9
75.7
71.8
83.6
83.8
71.7
69.5
69.1
56.8
48.4
56.7
54.6
56.6
52.3
70.4
46
46.1
46.1
54.7
59.9
56.2
50.5
52.3
50.4
62
43.7
37.9
44.1
48.4
48.2
66.6
58.5
60.8
62.5
66.7
71
62.4
68.9
82.4
68.7
74.9
66.8
59.2
55.1
44.8
42.6
40.5
40.7
34.2
32.3
30.1
28.3
19.9
15.7
19.8
15.7
17.8
17.8
15.6
15.7
13.5
17.7
21.9
30
36
43.9
44
46.1
46.6
49.2
44.85
42.675
40.5
42.2
44.5
42.4
43.9
47.7
43.8
46.2
47.7
55.1
53.9
52.8
54.6
59.4
72.8
72.9
78.9
75.3
85
71.5
73.7
83.7
89.4
81.8
81.7
77.8
83.7
81.2
60.7
61
79.3
63.3
63.6
52.5
48.7
52.3
36.4
32.1
35.8
32.1
36
50.4
43.8
48.5
40.3
27.4
31.6
30
23.6
19.6
29.6
25.5
27.5
21.5
29.9
27.5
27.3
25.5
26.8
37.3
37.6
39.3
59.2
50.2
56.8
55.5
65
71.5
52.1
31.7
34.7
30
24.8
27.2
25.6
31.7
41.3
29.8
33.1
34.8
27.4
21.5
23.5
29.2
34.9
29.3
25
26.9
34.7
36.2
32.4
29.7
27.5
31.7
36.55
38.975
41.4
35.7
41.8
51.4
48
42.4
42.1
39.7
53.4
57.7
46.4
42.7
46.9
50.9
50.2
56.6
60.6
55.1
53.2
51.1
53.1
52.9
51.1
47.1
44.9
42.7
44.6
42.4
48.6
48
39.8
41.3
42.5
38.8
39.2
40.2
33.5
37.4
34.9
36.8
37.6
31.3
41.1
37.2
40.9
33.3
35.7
35.3
31.5
33.3
31.8
33.6
33.5
39.1
37.1
38.5
46.2
57.5
60.7
44.7
47
45.2
44.7
53.2
51.2
55.1
73.4
66.6
69.1
55.2
52.6
49.3
53.2
57.9
46.4
36.5
40.6
36.6
30.3
24.1
30.4
26.2
24.2
17.9
24.2
24.2
28.4
24.3
22.2
20
22.1
24.3
24.3
26.3
29.45
31.025
32.6
43.1
34.7
30.5
32.6
32.6
32.5
34.7
34.7
40.9
47.2
51.3
49.1
51.4
57.2
59.5
59.5
67.5
65.8
73.6
69.8
63.7
67.7
68
69.8
73.7
73.6
67.4
69.7
61.5
63.6
71.3
71.2
65.1
74.9
74.9
73.3
71.2
84.8
78.6
65.2
63.2
63.2
69.3
59.1
66.5
59.2
61
59.1
51.1
61.5
55.2
55
48.7
58.8
57
54.8
56.8
65.6
61
61
59.3
69
72.9
67.1
65.2
73.4
75.4
60.7
61.6
59.5
57.6
49.2
51.2
53.2
40.9
36.7
34.7
40.9
32.6
26.4
40.9
30.5
30.7
28.5
22.2
24.3
22.3
28.6
24.3
30.6
39
41.1
49.3
44.1
41.5
38.9
45.1
40.9
44.8
40.9
43.1
45.1
47.3
49.2
40.7
40.8
40.9
43.1
43.1
45
43
41
40.9
47
45.1
43
45.1
56.8
57.2
57.1
59.2
51.3
53.4
53.2
55.4
53
53.1
47.1
48.7
45
40.8
38.6
40.4
40.4
36.1
46.9
40.3
46.4
38.2
34.1
30.1
21.9
30
44
27.9
36.1
30.1
23.7
27.9
33.8
32.1
31.9
38
28
25.7
31.3
21.7
25.9
24
23.9
19.9
19.8
22
24.1
15.7
17.9
22.1
24.2
22
17.9
18
13.8
13.8
13.7
15.9
11.7
11.7
9.7
17.9
13.8
13.8
18
17.9
22
22.1
22.1
24.2
26.3
32.5
39.45
42.925
46.4
46
42.1
47.8
46
43.3
47.9
47.6
51.2
50.6
50.2
46.4
50.3
53.7
61.7
53.1
58.9
51.5
48.2
46
43.6
47.4
51
52.2
53
55.1
54
51.7
59.6
61.7
76.3
68.3
68.4
67.2
69.5
59.6
67.7
59.7
28.6
22.2
33.9
22.2
15.9
20
21.9
40.7
50.8
40.6
42.3
56.5
56.9
58.2
56.3
54.2
57.5
60
59.4
60.4
63.7
63.9
66.4
58.1
57.7
57.5
82.9
54.9
47.3
54.6
63.4
53.7
54.6
45
51.6
54.4
52.4
54.7
54.9
51.2
51.1
45
37.4
39.6
37.5
43.8
36.1
32.3
37.9
42.1
34.5
28.6
26.7
30.5
34.7
47
50.35
52.025
53.7
58
58.1
52.7
56.3
56.9
56.8
61.2
60.7
62.4
71.1
69.7
69.5
71
71.9
84
80.1
76.7
72.5
70.7
69.4
69.4
62.6
66.1
62.2
60
68
70
70.3
68.3
57.6
57.9
49.6
41
47.3
36.8
30.3
30.3
24
23.4
18
24
23.6
15.8
24.1
27.8
19.9
18
28.1
32
27.8
23.5
25.7
23.8
22.2
18
24
20.1
24
28.2
24
36.4
38
40.1
40.2
30.4
40.7
44
39.7
36.3
42.7
46.6
24.3
18.1
14.1
26.2
23.9
16
22
14
13.8
5.7
11.8
9.6
9.7
7.6
11.8
11.9
9.8
9.9
16
14
9.8
16.1
19.05
20.525
22
11.9
9.9
9.9
11.9
16
38.4
34.5
38.8
52.9
24.4
30.7
32.7
37
28.6
36.9
48.8
44.8
43.2
34.8
37.1
30.8
30.3
24.3
42.6
30.1
24.2
18.1
42.6
47.5
53.3
45.4
30.8
30.4
30.2
26.4
24
16.1
18.1
26.3
26
26
30.3
29.4
23.9
30
29.2
33.6
19.7
23.9
17.9
17.3
19.8
21.7
22.1
17.8
24.2
21.7
13.7
27.8
31.7
28.3
20
30.1
32
39.7
42.4
40
50.2
49.3
46.5
38.5
24.5
20.3
24.3
22.3
18.2
14.1
12
11.9
9.9
7.7
5.7
5.6
5.8
5.7
5.7
7.9
5.7
7.8
7.9
7.9
7.8
10
8.95
8.425
7.9
7.8
9.9
14.1
16.2
16
20.2
20
20.3
24.2
28.4
28.3
22.3
30.6
20.2
16.2
22.1
28.5
30.1
42.4
40.4
36.4
38.1
30.1
34.5
34.5
38.5
44.8
38.5
36.7
40.6
42.7
42.8
34.6
38.6
51.2
71.3
57.2
53.1
46.9
40.6
42.9
40.9
47.1
54.9
48.7
52.4
48.9
59
54.9
46.9
46.9
38.4
40.7
30.1
44.6
42.6
36.6
28
36.4
40.5
38.7
46.6
54.5
59.1
65.3
60.8
58.8
62.9
67.2
65.1
65.2
64.8
57.1
58.8
56.8
55
45.1
45
38.8
42.8
53.2
53.4
45.5
30.8
20.6
28.8
48.4
52.3
54.6
60.1
54.2
56.7
58.8
52.65
49.575
46.5
49
53.5
51.4
53.2
52.5
54.5
53.8
52.2
53.5
60.7
65.9
77.9
71.2
65.2
65.7
65.4
64.7
67.1
68.6
65
64.1
64.3
65.8
66.4
67
70.6
74.1
69.6
68.3
66
60.2
73.3
61.2
47.4
50.9
38.9
26.6
30.3
28.4
38.3
50.3
34.6
44.4
50.4
40.4
40.2
26.2
33.8
28.6
57.1
28.4
44.5
52.6
64.3
59
74.4
74.7
75.2
85.9
78.2
68.7
72.5
86.5
111.9
97.8
101.9
96
81.2
84.9
86.7
82.9
74
63.1
57.6
53.6
52.4
46.9
43.4
45.6
49.7
47.6
41.5
33.1
26.9
26.9
22.7
18.5
24.8
20.7
22.7
27
29.1
33.3
38.5
41.1
43.7
35.5
31.2
33.4
37.4
45.9
49.9
55.9
54
56.1
54
47.8
51.9
53.9
53.9
53.9
51.9
59.7
65.8
58.1
68.2
57.8
58
66.1
54
53.5
58.9
57.8
68.2
51.6
67.8
53.9
53.7
51.4
43.1
35
41.1
47.2
28.5
22.5
32.7
32.6
44.7
44.7
40.6
44.7
36.3
46.7
32.4
18.1
28.4
42.9
25.9
34.4
38.2
30.2
36.2
38.5
28
22.2
20.3
18.4
28.2
28.3
30.1
26
22.3
22.4
20.4
30.7
24.5
32.9
34.7
20.4
22.4
14.1
14.2
10.1
5.9
3.8
3.8
3.8
1.7
5.9
1.7
1.7
-0.4
1.7
3.9
3.8
5.9
1.8
3.8
1.7
1.75
1.775
1.8
1.8
3.9
39.5
41.4
45.2
41.4
43.3
47.5
45.5
51.5
47.6
49.5
53.7
63.5
59.7
55.5
51.2
55.3
73.3
73.6
73.3
79.1
81.6
77.7
75.4
65.1
59.3
63.3
65.2
61
53.3
55.2
51.4
59.3
56.9
63.5
51.2
53.3
61.4
65.3
56.8
56.5
59.2
61.2
47.1
56.8
54.8
54.9
56.9
52.6
52.7
52.8
42.6
44.1
48.5
41.9
36.4
44.6
38.4
53.6
38.1
44.1
40.7
42.3
54
75.9
49.7
60.1
56.4
56.4
60.8
62.5
64.4
66.9
56.9
57
52.7
38.9
34.8
36.9
30.9
30.9
26.8
26.9
20.8
16.7
16.6
18.6
16.6
22.7
14.6
18.6
16.6
17.65
18.175
18.7
20.7
20.6
22.6
22.6
24.7
24.7
26.6
22.7
22.7
22.6
20.6
22.6
26.7
28.9
26.8
24.8
33
35.1
37.1
34.9
49.5
47.3
43.3
44.9
46.8
49.2
55.6
47.5
37.2
39.2
36.8
32.9
32.8
34.6
30.7
28.5
32.5
26.5
34.7
30.4
42.4
42.5
34.8
42.3
44.8
50.1
46.6
40.5
38.5
38.4
30.4
22.3
34.7
26.2
30.4
28.5
32.4
26.1
30.4
28.3
36.6
32.4
48.4
44.9
55.4
47
49.4
49.6
47.5
41.4
37.3
43.6
39.5
33.3
31.3
31.2
22.8
24.9
29.1
29
18.7
16.6
18.8
29.2
20.8
14.6
14.6
12.5
18.8
18.7
20.8
16.6
16.6
15.55
15.025
14.5
16.6
18.7
20.8
25
22.9
27
29.1
29.1
29.1
33.3
33.3
39.5
47.7
37.4
37.4
35.3
39.5
33.2
39.4
47.8
43.6
56
47.7
49.7
51.5
45.3
53.5
61.8
45.1
57.4
53.7
49.2
47.3
43.1
39
40.9
42.7
37
42.7
36.7
34.8
34.6
56.9
45.1
51
38.7
39
49.4
39.2
36.9
34.9
40.9
39.1
40.9
38.7
43
47.1
55.2
51.5
47.1
47.1
47.2
45.1
43.1
53.3
45.3
43.1
47.4
55.7
49.6
51.6
45.4
45.5
45.4
37.3
39.3
39.2
37.3
35.2
35.2
25
31.1
25
25
20.6
22.8
18.6
24.8
26.9
24.9
29
31
29
29.95
30.425
30.9
35.2
39.2
37.3
33.1
45.2
39.3
41.4
43.3
41.5
37.3
37.3
35.2
43.1
41.2
37.3
41.3
53.4
53.5
45.5
47.5
45.2
49.3
53.6
47.3
51.4
49.1
43.3
43.2
43.2
49
41
42.9
32.5
43
49.3
32.6
32.9
30.5
32.9
45.1
38.7
46.9
36.9
34.9
53.1
45.1
52.7
36.9
40.6
42.9
49.1
48.9
48.9
44.5
45
40.9
50.8
52.8
52.8
74.1
64.5
53.8
51.3
59.4
57.3
60.3
50.7
54.6
62
59.8
48.7
45.2
43.7
44.2
43
39.5
39.6
47
38.4
38.4
40.4
40.4
40.8
40.6
42.5
40.5
42.6
42.7
44.7
44.9
47.3
49.4
51.4
53.55
54.625
55.7
59.8
57.5
55.4
57.3
55
59.1
58.8
62.3
61.3
57
56.8
59
58.8
61
61
65.2
64.9
67.6
71.4
73.6
66.7
59.6
65.6
63.4
73.2
83
67.7
71.7
59.9
65.8
67.2
67.1
69.4
71
59.4
69.1
71.2
54.9
64.8
57
47
48.9
48.5
38.7
42.3
36.5
40.4
46.4
38.2
38.8
34.7
30.6
40.7
34.7
34.7
36.5
40.8
38.5
36.5
49
44.5
56.7
53
64.1
56.6
65.4
60.2
66
70
64.1
55.2
57.6
63
61.6
61.3
55.2
46.8
28.9
24.7
18.7
22.7
16.5
14.6
14.5
12.4
14.6
14.6
12.5
14.6
14.5
12.4
12.4
10.4
11.45
11.975
12.5
12.4
16.5
24.7
20.1
22.7
24.6
16.5
22.7
28.7
39.3
49.6
53.7
55.5
63.7
57.7
59.9
61.3
57.1
37.1
55.3
47.1
54.7
55.3
57.2
62.9
51.3
56.8
47.3
49.1
38.8
35
26.5
38.8
28.7
36.6
32.7
22.5
18.2
26.2
30.7
40.8
34.7
36.7
32.5
42.6
61.4
34.9
22.4
26.3
26.6
30.4
30.3
42.8
32.4
38.7
28.6
28.3
26.4
26.3
26.3
22.4
30.2
24.4
34.4
42.6
42.5
40.5
36.8
28.7
28.9
36.8
37.3
30.9
22.7
26.8
26.6
20.3
22.4
24.5
18.5
18.5
16.5
14.4
8.2
8.3
8.3
6.2
10.3
8.3
6.2
6.3
8.3
8.3
9.35
9.875
10.4
12.4
10.4
12.4
12.5
14.5
18.6
14.5
14.5
14.5
18.7
20.6
18.5
22.6
20.6
22.7
26.8
32.7
30.8
26.9
30.7
32.6
34.4
42.8
42.9
53
57.6
49.5
47.1
32.7
42.9
34.9
26.5
28.7
30.6
32.3
34.7
24.5
18
20.3
18.3
22.3
22.4
16.3
18.3
18.4
24.2
32.2
16.1
20.1
18.2
16.2
16.3
14.2
14.3
18
26.1
36.2
40.5
30.3
44.7
54.9
46.6
46.8
50.9
46.5
56.9
58.6
62.7
60.8
59.3
68.8
58.7
60.9
43.6
33.4
33
27
28.7
22.8
30.8
18.7
20.7
22.7
22.8
18.6
10.4
10.3
10.3
14.5
18.6
16.6
25
33.3
36.4
37.95
39.5
47.9
47.8
53.6
56
56.1
62.1
66.1
64.1
63.8
60
59.9
64.1
70.3
69.8
72.1
77.9
83.9
90.8
94.7
75.7
79.7
79.5
71.3
67.6
70.4
66.4
81.2
85.4
71.3
49.1
39.1
41.1
50.5
38.5
24.4
26.6
58.4
24.6
18.4
28.5
26.4
30.5
32.7
46.7
40.1
46.7
38.6
30.4
38.4
36.4
34.5
34.4
48.8
49.1
54.8
52.9
56.9
47
58.8
59.4
53.5
37
26.7
20.5
18.3
22.2
26.5
22.3
26.6
24.4
22.6
18.5
22.4
16.5
16.4
20.4
16.5
12.4
8.2
8.2
6.2
4
6.2
6.1
8.2
4
4.2
4.1
2.1
2.1
2.1
2
2
4.1
5.15
6.2
4.1
4.1
4.1
6.2
6.2
6.3
10.3
8.2
8.2
8.2
10.3
10.2
10.3
10.4
18.5
10.4
12.4
16.4
8.2
10.3
10.2
12.3
14.1
20.5
29.8
30.2
18.4
14.5
20.1
28.7
28.3
34.6
42.1
40
26.2
34.7
29.8
26.6
28.2
30.3
32.4
32.4
32.4
36.3
35.8
50.9
55.8
42.1
36.4
40.5
40.6
33.8
31.7
28
36
29.7
25.9
28
26.3
22.5
24.6
30.7
26.8
31
32.8
36.2
44.3
41.4
46.1
48.2
40.8
50
40.4
34.7
42.7
31.1
30.7
32.9
16.5
18.6
14.5
12.5
14.6
14.5
12.4
12.2
10.3
20.6
26.8
35
24.6
14.5
16.5
24.65
28.725
32.8
39.3
37.2
39.3
28.9
44.8
25
33.2
33
24.9
30.8
31.1
31.2
29.1
27
31.1
35
33
29
31
35.3
45
53.6
39.3
39.2
43.4
39.2
41
40.9
28.8
24.5
20.5
26.1
46.7
53.2
32.8
18.3
14.4
14.1
20.5
18.2
20.3
18.3
18.3
16.1
20.4
12.2
18.4
18.1
20.3
22.3
22.4
24.1
22.1
26.2
16.1
24.2
22.3
26.5
30.3
26.5
24.3
26.3
34.7
32.4
46.7
52.7
34.2
30.9
37
35.1
34.9
24.8
26.9
26.9
39.1
28.8
26.8
22.7
16.6
18.7
22.5
14.5
12.5
16.5
16.6
14.5
12.3
10.3
14.4
12.4
10.3
14.4
18.5
20.55
21.575
22.6
22.7
22.7
24.8
35
26.6
32.8
35.2
35.1
33.2
33
28.8
32.9
30.4
22.3
34.4
42.5
39.8
32.5
28.8
35
42.8
42.6
30.8
39.1
56.9
47
33.1
28.6
32.7
39
32.9
42.4
28.2
36.5
28.4
40.7
28.4
24.5
27.9
32.9
32.4
28.2
36.6
30
38.5
38.3
38.5
38.4
34.2
38
47.8
48.4
42.4
42.6
48.4
51.9
43.7
51.7
51.9
58.8
61.1
65.5
74.1
85.5
78
50.5
60.7
58.7
77.8
72.3
63.9
51.9
35.9
30.6
33
35.1
35.1
31.6
32.1
32.3
32.3
34.5
36.6
38.6
40.8
36.7
36.8
40.4
36.4
38.4
40.6
40.8
40.8
44.95
47.025
49.1
49
51
51
52.8
60.8
50.9
55
57
55.2
57.3
63.1
65.5
63.8
67.3
75.7
75.2
71.5
73.4
73.9
69.9
75.9
67.7
82
71.8
71.8
75.4
73.4
92.9
47.5
55.3
61.3
44.7
52.9
38.9
42.6
48.8
42.3
34.3
52.1
46.4
36.4
48.5
30.5
34.8
52.7
42.6
44.4
50.4
44.8
34.3
34.4
36.3
26.4
32.5
34.1
40.5
31.9
32.3
39.8
36.2
40.1
29.9
35.9
36.1
38.4
36.1
32.1
38.7
38
34.4
36.5
28.5
22.7
22.6
20.7
18.6
20.7
18.7
20.7
18.7
16.6
20.4
16.7
18.8
16.6
16.6
18.6
16.6
20.8
20.7
22.8
20.8
22.9
22.85
22.825
22.8
24.9
24.9
27
29.1
29
30.9
31.1
31.1
29.1
27
24.9
30.8
31
37.2
35.2
29
33.1
47.1
39.1
51.1
62.7
47.1
45.4
47.2
45.5
51.4
57.4
69
53.4
59.3
53
58.7
62.7
51.3
47.3
45.3
43.3
47.3
45.3
47.3
53.2
47.2
41.2
47.2
41.2
41.1
52.4
43
48.6
47
48.5
61.9
65.3
57.4
63.1
57.8
62.7
65.6
48.7
48.6
54
59.4
64.6
64.8
68.1
69.9
73.3
72.3
59
56.4
62.4
72.4
67.3
63
65.1
74
48.4
40.5
43
36.9
36.9
26.7
22.6
24.6
20.7
24.7
22.6
16.5
20.7
20.5
14.4
26.9
28.9
24.85
22.825
20.8
18.6
22.7
22.8
22.7
35.1
49.1
37
36.9
39.2
43.3
39.1
42.9
39.1
43.1
47.1
48.9
43.1
39
38.9
36.9
43.1
45.1
45.2
48.9
53.1
46.9
55
59.3
64.9
58.9
51
45
40.9
38.5
44.2
42.4
44.7
43.8
42.3
46.5
36.1
52.5
32
36.1
36.4
38.2
36.2
34.4
38.5
40.5
40.5
42.4
46.2
46.3
48.5
46.4
50
54.2
56.3
50.5
48.5
48.4
52
54
44.3
54.1
50
52.4
50.5
56.3
56.9
42.7
40.6
28.4
24.4
24.4
26.4
24.4
26.6
24.5
20.4
14.3
12.2
12.4
12
12.3
14.5
14.4
12.4
14.5
14.5
12.3
10.4
15.55
18.125
20.7
22.7
30.7
24.7
28.7
32.7
32.6
34.9
40.6
28.7
30.7
38.8
38.6
55.7
46.5
38.5
42.3
51.4
48
51.9
55.5
55.2
50
51.8
58
52.2
46.3
48.5
46.7
46.8
56.4
44.3
44.6
38.6
42.4
46.5
36.5
32.5
36.3
40.3
40.1
38.2
42
44
42.2
42.3
40.1
42.3
50
49.8
57.6
47.8
54.9
46
49.5
49.7
51.2
50.9
56.7
54.6
54.9
57.2
50.5
54.6
55.2
54.8
60.6
55.1
53.1
49.5
53.7
50
49.7
44.3
46.4
44.1
40.3
38.4
30.1
26.4
20.4
16.4
14.6
14.4
16.4
16.4
20.5
16.4
16.4
16.4
14.5
12.3
18.5
16.4
18.5
19.55
20.6
18.5
20.5
16.4
18.4
24.5
26.7
26.8
28.8
32.8
34.9
34.9
41
39
36.9
37.1
39
32.8
30.8
24.6
28.6
26.7
32.7
34.8
36.9
32.8
34.6
30.6
28.5
28.5
28.3
32.7
40.6
42.3
32.4
24.5
28.4
26.3
24.4
30.4
22.2
26.4
22.3
26.1
27.8
36.3
36.2
34.4
48.3
40.5
50.1
42.2
39.7
43.9
43.6
47.7
57.6
55.2
47.7
47.5
43.7
47.4
47.2
45.3
36.1
42.1
36.3
38.3
35.8
36.1
38
32.3
36.3
34.4
36.6
36.8
36.5
34.7
32.7
36.4
32.7
28.6
30.8
34.6
30.9
28.7
28.7
30.8
32.8
30.7
32.6
34.9
34.6
36.2
38
38.9
39.8
39.9
40
40
41.8
41.7
43.8
44
45.9
42.1
46
48.4
48.1
50.2
52
54.3
50
50
50.3
50.6
52.8
53.1
50.5
56.6
54.5
56.6
56.2
58.6
54.3
52.6
60.5
54.6
54.2
58.5
50.3
58.7
54.4
48.5
56.8
62.6
54.7
48.4
54.8
46.7
54.9
44.2
40.6
54.8
50.6
52.6
48.4
52.8
44.6
42.6
46.7
34.6
42.3
38.5
44.4
50.6
44.8
54.6
60
60.2
58.4
56.1
56.6
64.6
56.6
50.6
48.9
46.7
54.4
54.1
48.2
52.9
45.1
49.3
45.2
43.2
48.9
45.1
51.1
53
53.1
57.3
53.3
52.9
54.5
54.3
60.8
49.8
53.7
57.8
58.6
59
59.4
54.6
54.7
5.2
5.2
11.3
13.4
19.5
19.4
17.3
13.4
23.5
25.5
31.5
27.4
17.5
31.5
33.6
23.5
21.6
31.7
27.6
25.6
25.6
35.6
27.5
15.4
17.4
17.4
21.4
25.2
27.3
21.3
23.5
29.5
25.5
33.6
23.4
29.6
21.4
23.5
17.4
19.4
25.4
21.5
31.5
25.3
29.6
33.5
45.9
57.9
55.8
37.6
57.8
62.1
63.8
53.7
75.8
97.3
93.1
83.3
77
94.1
97.9
78.9
100.7
81.6
85.4
79.8
72.1
73.6
102.2
70.7
74.8
80.4
75
72.9
67.1
61.5
61.6
61.8
61.8
57.7
55.9
58
62
59.9
62
57.9
57.9
58
58.1
60.2
62.3
67.3
69.8
72.3
72.5
74.6
78.5
82.4
86.6
84.4
84.5
86.7
88.7
90.9
90.6
93
96.8
94.7
96.8
100.9
100.9
95
99
94.9
92.7
88.7
84.8
92.6
90.7
84.5
82.7
80.7
72.3
76.5
86.6
84.7
90.7
106.8
102.5
76.4
70.3
68.3
82.4
80.3
80.3
62.1
67.9
76.2
76.2
75.9
80.1
80.1
76.1
68
77.9
83.9
71.9
61.6
71.8
61.5
57.6
49.6
55.7
57.6
57.5
51.5
57.6
49.5
55.6
65.5
63.3
65.2
67.1
66.9
63.3
57.3
51.2
53.1
53.1
53.2
53.4
49.6
53.8
47.9
47.9
45.8
41.8
39.8
33.7
31.7
31.7
35.8
39.9
37.8
35.8
31.7
33.7
32.65
32.125
31.6
23.5
27.5
27.6
21.4
27.4
21.4
27.5
27.4
25.5
27.5
23.4
29.6
35.6
35.6
33.6
31.6
43.7
47.5
51.8
43.8
55.6
60.1
55.8
51.8
53.7
53.8
51.7
43.6
47.7
43.6
45.6
45.6
51.5
49.5
51.5
49.6
55.7
51.6
43.4
45.4
55.7
49.6
39.5
41.5
43.5
39.5
45.5
45.5
47.4
39.4
39.5
45.5
47.4
41.5
43.5
49.3
51.6
47.5
47.5
49.5
45.5
51.4
55.6
53.5
51.6
63.7
63.6
63.4
61.3
57.5
57.3
51.4
51.2
51.5
49.6
39.6
43.6
33.4
31.5
19.2
17.2
13.1
13.2
11.1
13.2
13.2
11.1
13.2
13.2
15.3
11.1
11.1
11.1
14.2
15.75
17.3
27.5
19.3
17.2
19.3
23.4
21.3
25.4
21.3
37.7
31.5
27.4
27.4
31.5
33.5
33.3
35.5
41.5
35.6
37.5
45.7
47.6
41.7
51.7
61.8
47.7
47.6
57.9
63.9
53.7
53.8
47.7
51.7
47.7
39.6
51.8
51.7
55.7
53.7
47.6
47.6
47.6
47.6
55.8
41.6
41.6
49.6
55.8
55.8
61.8
53.7
59.5
59.8
51.7
47.6
43.6
45.5
41.3
61.5
57.5
43.5
47.5
53.1
43.5
53.6
57.8
41.5
45.5
47.6
45.6
41.5
39.5
55.8
43.6
61.9
55.8
41.6
29.4
31.4
17.2
17.1
11
9
9
9
7
7
4.9
9
4.9
4.9
7
4.9
7
9
10
11
7
9
9
13.1
13.1
19.2
17.2
13.1
19.2
15.1
15.1
15.1
21.1
21.2
25.2
17.1
27.2
23.1
31.3
29.4
33.4
41.5
37.4
41.6
33.4
37.4
37.5
45.4
43.5
37.5
43.6
35.4
37.5
64
59.8
61.9
45.6
57.9
63.8
65.9
41.5
41.6
49.6
53.7
45.5
31.3
43.4
51.6
37.3
45.6
37.3
37.4
57.6
59.8
51.6
45.6
43.5
65.9
67.9
79.8
61.9
53.8
51.7
78.1
63.9
71.8
79.9
79.9
77.9
73.9
79.6
78
70
66
61.9
86.1
74
57.9
45.7
47.7
39.5
33.4
23.2
21.2
17.1
31.4
35.5
31.4
27.3
39.6
33.5
33.4
41.6
40.6
40.1
39.6
39.6
49.6
39.5
41.6
45.7
45.7
41.5
43.6
43.6
43.6
39.5
49.7
57.9
47.7
47.7
57.9
59.9
51.7
51.7
57.9
59.9
49.7
55.8
45.6
59.8
59.8
49.6
45.6
55.8
53.7
61.8
63.8
66
74.1
61.9
100.5
88.3
72.1
70
59.9
76
63.8
57.7
51.6
47.5
45.5
49.6
49.6
41.4
85.5
59.7
61.8
67.8
71.9
67.8
75.8
83.8
75.8
73.8
73.8
83.8
85.4
86
73.9
73.8
75.9
65.6
63.5
61.4
65.4
59.1
41.2
37.1
36.9
39.2
41.2
41.2
45.4
45.5
43.5
41.5
41.5
45.5
45.6
45.6
43.5
47.6
53.6
55.6
59.7
59.7
61.7
67.9
67.95
67.975
68
68
66
61.9
57.9
63.8
55.8
49.7
49.5
49.5
49.5
57.7
59.7
43.5
61.9
76.2
88.4
82.3
70.1
72.1
64
74.2
61.9
43.6
41.5
43.5
39.5
39.4
33.3
31.3
33.3
37.4
59.5
65.7
53.5
47.4
55.5
37.3
43.2
47.4
43.3
39.3
45.3
51.3
39.2
39.1
41.2
41.2
37.2
45.1
39.1
31
41.1
51.3
39.1
41.2
53.2
47.3
57.3
45.2
45
45.3
59.3
63.4
51.2
57.2
55.4
55.2
51.2
53.2
43.1
39
39
41.2
43.3
41.3
43.4
45.4
41.4
35.3
37.3
37.3
39.3
39.4
41.3
41.4
45.4
41.4
39.4
39.4
41.4
39.4
43.4
41.4
48.5
52.05
55.6
49.6
49.6
51.5
65.8
61.7
59.7
57.7
57.7
59.7
65.5
53.6
53.5
63.4
65.6
65.7
69.7
99.7
81.6
53.5
53.5
73.6
49.5
49.4
51.4
71.8
65.8
71.8
69.8
63.6
73.7
67.7
73.7
53.5
55.3
43.2
63.5
57.5
63.5
69.7
53.4
47.3
39.2
39.1
29.1
29
33.1
41.2
47.2
45.1
20.8
31
31
77.7
45.3
57.4
39.2
53.3
75.6
91.6
87.7
79.7
119.8
115.8
111.9
101.7
103.6
93.6
89.5
77.4
81.5
77.1
71
68.8
65.1
65.1
61.2
61.2
61.5
47.4
41.3
35.2
41.3
37.3
39.3
33.2
37.2
43.4
47.4
49.5
49.5
49.5
55.6
53.5
52.5
52
51.5
55.5
79.7
57.6
59.6
49.5
35.2
37.2
37.2
35.2
51.5
57.6
51.5
55.6
61.6
47.4
59.6
55.4
55.4
55.4
43.3
59.4
45.2
37.2
33.1
27
27
22.9
29
33.1
29
24.9
16.8
18.8
24.9
20.9
12.7
16.8
16.8
14.8
18.8
14.7
16.7
41
18.8
22.8
20.8
24.9
32.9
35
24.8
20.8
20.8
24.9
32.8
24.8
18.7
22.8
53.1
41
51
55.1
65.2
63.3
65.2
89
104.6
94.4
100.3
90.3
90.4
88.6
94.3
84.4
78.6
62.8
55
55
58.9
57.1
61.3
65.3
57.4
51.3
53.3
45.3
31
33.1
20.8
16.8
16.8
16.8
14.7
45.1
33.95
28.375
22.8
26.9
33
33.1
22.9
33
43.2
55.4
55.3
45.3
45.3
43.2
43.2
39.1
45.2
39.1
35
29
29
41.1
47.1
45.2
37
28.9
36.9
45.1
24.8
18.7
30.8
37
26.8
26.8
20.7
22.7
43
12.6
24.8
32.8
20.7
22.7
47
8.6
40.9
30.8
16.6
26.7
44.9
38.9
40.9
32.8
26.7
32.8
36.7
30.8
40.8
30.8
44.8
36.8
32.8
47
63.1
65.1
61.2
77.1
77.2
75.3
69.1
67.1
65
72.9
85.1
90.9
83
54.8
42.6
38.7
36.7
44.8
40.9
38.9
41
41
40.9
40.9
38.9
46.9
40.9
40.9
44.9
46.9
51
53
55
59.1
59.1
59.1
59.1
57
57
55
59
61
63
65.1
67.1
69.1
73.1
77.3
67.4
51.2
55.1
71.4
71.4
73.5
75.4
65.2
61.2
57.2
61.1
51
67.2
45
59.2
51
45
47
49
49
57.1
34.8
36.8
40.8
44.9
46.9
38.8
46.8
38.8
40.8
46.9
44.9
40.8
46.8
44.9
50.9
50.9
44.9
28.7
36.7
34.8
38.7
40.7
42.7
60.9
56.9
52.9
60.9
52.9
54.8
50.8
46.8
54.7
44.7
50.8
58.9
70.9
58.7
60.7
74.8
66.5
50.7
44.7
42.8
42.9
48.8
44.9
46.9
49
36.9
36.9
41
40.9
32.9
20.7
12.5
14.5
16.6
22.7
24.7
26.7
28.8
34.85
37.875
40.9
30.8
24.7
30.7
32.8
32.8
40.9
36.9
36.8
34.8
36.8
28.7
36.8
26.7
34.8
42.9
36.8
40.8
32.8
36.8
34.8
44.9
30.7
32.7
28.7
28.6
22.6
22.6
14.5
16.5
16.5
18.5
24.6
30.6
34.7
32.6
18.5
16.5
32.6
18.5
20.5
16.5
22.6
16.5
14.4
18.5
14.4
16.4
20.5
22.5
14.4
18.5
24.5
14.4
18.5
20.5
26.6
12.4
16.5
16.5
16.4
12.4
24.5
14.4
12.4
12.4
12.4
14.4
14.4
12.4
16.5
16.5
20.5
16.5
26.6
28.6
20.5
24.6
18.5
16.5
18.5
20.5
16.5
20.5
14.5
10.4
8.4
10.4
10.4
14.4
12.4
14.4
10.4
16.3
13.35
11.875
10.4
12.4
20.5
22.6
24.6
28.6
26.6
28.6
22.5
24.6
28.6
30.7
28.6
26.6
24.6
32.6
30.6
26.6
32.7
26.6
20.5
24.5
14.4
10.4
14.4
14.4
16.4
18.5
16.4
12.4
14.4
14.4
24.5
18.4
22.5
14.4
10.3
10.3
10.3
26.5
18.5
28.6
22.5
18.4
12.3
14.4
18.4
16.4
10.3
16.4
16.4
14.4
18.4
18.4
10.3
18.4
18.4
20.4
14.4
20.4
18.4
20.4
26.4
22.5
16.4
16.4
14.4
22.5
18.5
20.5
12.4
16.4
24.5
28.5
30.6
16.4
16.4
20.5
20.4
28.5
34.6
24.5
28.6
22.5
22.5
22.5
18.5
18.4
18.5
28.6
30.6
28.6
22.5
24.5
25.5
26
26.5
22.5
28.6
32.6
34.6
26.5
38.7
40.7
44.7
28.6
26.5
34.6
32.6
34.6
28.5
22.5
26.5
28.5
30.6
30.6
28.5
32.6
26.5
34.6
24.5
30.5
30.5
18.4
18.4
40.7
30.5
32.6
20.4
30.5
22.4
22.4
32.5
38.5
32.5
32.5
46.7
28.5
42.6
34.5
26.4
44.6
34.5
48.6
34.5
34.5
38.6
36.5
42.6
22.4
24.4
34.5
28.4
34.5
26.4
34.5
44.6
32.5
62.8
56.7
56.7
64.8
72.8
50.6
46.6
44.5
42.5
36.5
36.5
36.5
42.6
38.5
36.6
30.5
34.5
38.6
32.5
38.6
44.6
32.5
38.6
42.6
42.6
44.7
48.7
52.8
48.7
48.7
42.7
40.7
38.65
37.625
36.6
36.6
38.6
34.6
38.6
42.7
58.8
46.7
62.8
46.7
48.7
46.7
48.7
50.7
66.9
60.8
64.9
70.9
69
75
77
75
75
73
71
64.9
66.9
52.7
52.7
42.6
44.6
56.7
56.7
48.7
48.7
50.7
56.7
44.6
40.6
38.5
38.5
32.5
30.4
26.4
30.4
32.4
22.3
34.4
32.4
42.5
36.4
40.5
42.6
34.5
32.4
38.5
34.4
32.4
40.5
32.4
30.4
28.4
22.3
34.4
30.4
30.4
16.3
24.3
28.4
22.3
26.4
22.3
20.3
24.3
24.3
16.2
14.2
12.2
12.2
12.2
10.2
10.2
8.2
12.2
2.1
4.1
2.1
0
2.1
0
4.1
4.1
4.1
4.1
4.1
4.1
4.1
8.1
8.1
12.2
10.2
14.2
16.2
18.3
22.3
22.3
20.3
20.3
24.3
28.4
32.4
44.6
54.7
44.6
54.7
46.6
46.6
44.6
38.5
44.6
58.7
44.5
50.6
50.6
42.5
42.5
52.6
40.5
42.5
48.6
48.6
42.5
44.5
56.7
42.5
40.5
34.4
46.5
46.5
36.4
36.4
46.6
42.5
34.4
36.4
40.5
38.4
24.3
24.3
32.4
30.4
34.4
42.5
42.5
42.5
42.5
43.5
44
44.5
40.4
60.6
50.5
44.5
46.5
38.4
52.5
48.5
40.4
48.5
54.6
52.5
46.5
42.4
34.4
30.3
26.3
32.3
38.4
38.4
26.3
22.2
26.3
24.2
24.2
26.3
28.3
24.2
26.3
32.3
36.3
39.35
40.875
42.4
46.4
42.4
46.4
54.5
52.5
56.5
48.4
54.5
54.5
58.5
60.5
56.5
62.5
54.4
44.3
48.4
62.5
60.5
60.5
68.5
68.5
74.5
76.6
64.5
72.5
72.5
62.4
64.4
64.4
62.4
58.4
70.5
52.3
42.3
32.2
46.3
52.3
36.2
40.2
46.3
34.2
30.2
28.2
48.3
42.2
40.2
32.2
42.2
38.2
38.2
44.2
38.2
26.1
36.2
40.2
38.2
48.2
42.2
42.2
50.2
44.2
36.2
40.2
52.2
52.2
52.2
60.2
56.2
54.2
50.2
52.2
50.2
38.1
48.2
58.2
52.2
42.1
24.1
22.1
22.1
20.1
18.1
14
14
16
10
16
8
6
6
10
6
12
15
16.5
18
18
16
29
35.1
53.3
37.1
37.1
43
39
53
59.1
55
47.2
33.5
43.3
32.9
32.9
24.9
20.9
16.9
18.9
33.1
31.1
35.1
23.1
23
25
17.2
14.9
25.1
23.2
19.1
31.2
27.4
27.3
19.3
15.3
13
17.1
17.1
13
25.1
23.1
9.2
19.1
13.1
27.1
3.1
29.4
11
8.9
25.4
15.4
17.2
13.1
27.4
19.2
11
11
17.1
21.2
13.2
25.3
23.3
21.4
35.3
21.4
27.7
29.7
35.3
31.3
33.5
31.3
41.4
39.4
27.1
24.9
33.1
22.8
16.8
22.8
22.9
10.8
12.8
12.8
10.8
14.8
12.8
19.1
16.9
16.9
16.9
12.8
22.85
27.875
32.9
47.2
37
43.2
43.2
41.1
45.2
49.4
47.2
53.4
47.1
43
47.1
37
51.3
47.4
45.2
43.1
61.5
45.8
67.5
43.7
41.7
39.4
61.6
49.6
55.6
63.7
59.9
68.1
39.2
35.4
37.4
33.3
31.5
39.5
33.6
14.9
31.2
41.5
27.8
43.7
29.2
33.4
31.2
37.5
27
41.3
29.4
21.1
29.7
33.7
35.8
36.1
36
21.2
15
23
29.2
29.2
35.2
31.3
43.6
51.6
51.9
53.2
51.2
47.3
41.3
43.2
43.4
43.6
39.3
41.3
41.5
47.8
35.1
46.1
40.3
31
35.4
35.4
35.9
37.7
33.3
37.4
41.5
37.5
37.5
39.5
39.5
35.5
35.3
39.4
35.5
33.55
31.6
35.8
40.2
38
42.3
42.1
44.2
46.2
54.6
56.4
56.2
64.4
62.8
62.7
60.7
68.6
66.5
79.8
81.5
76.9
74.8
77.1
79
79.2
75
68.5
65
70.8
70.3
51.9
47.4
80.6
48.2
51.7
62.1
61.8
25.3
31.2
37.3
33.3
21.2
18.9
23.2
23.1
12.8
14.9
27.3
21.1
43.8
31.3
26.9
39.6
39.2
57.9
68
43.5
39
43.3
49.3
47.2
51.4
37.2
47.9
56.1
67.9
51.6
68.1
74.3
63.9
66.1
81.1
59.7
64.1
35.2
33
26.8
26.8
35.1
43.7
31
24.8
26.9
28.9
37.2
26.9
26.9
16.7
14.7
14.6
14.6
18.7
24.9
33
47.4
41.25
38.175
35.1
37.1
39.1
33
41.2
47.3
51.5
41.2
47.3
47.3
53.4
53.4
55.5
49.3
53.4
53.4
51.4
53.4
43.2
47.3
45.2
49.4
49.3
63.6
78
82
84.3
61.8
41.2
37.2
45.6
41.3
31
28.9
31.1
39.3
31.1
24.9
29
24.9
24.9
22.9
18.8
20.9
25
23
14.9
18.8
29.2
17
23.1
25.1
25.1
17
23.2
13.2
19.4
31.2
25.2
41.5
27.2
47.8
53.9
45.8
39.4
37.4
47.7
31.2
31.3
27.1
41.4
50
49.7
60
58
51.8
43.4
45.5
39.3
33.1
33.1
39.2
33.1
31.1
33.1
35.1
27
29
28.9
33.1
26.9
31
33
39.1
48.35
52.975
57.6
55.5
53.5
59.7
41.3
39.3
33
31
43.2
57.5
86.2
94.6
96.7
51.6
28.9
35.1
28.9
16.6
14.5
20.7
22.7
24.8
24.8
20.7
27
28.9
47.6
28.4
63.9
59.7
47.4
43.3
37.3
21
12.7
20.8
37.4
25.4
31.3
12.6
8.4
18.8
27.4
31.7
50.1
50.2
47.7
37.8
43.9
58.4
35.5
43.9
29.6
42
35.7
40.1
27.8
42.4
58.8
50.6
40.4
48.6
46.5
38.2
67
57.1
50.4
48.5
44.4
42.5
33.9
29.3
30
33.9
25.3
23.3
20.9
20.8
22.9
22.8
20.7
22.7
24.9
20.6
26.9
22.7
22.8
27.1
31.1
29
31.2
37.4
33.3
31.1
32.1
32.6
33.1
33.1
39.5
49.8
47.5
45.5
45.8
56.2
52.4
43.6
54
52.1
41.5
43.5
43.5
45.7
47.9
31
35.1
37.2
33.4
26.8
31.1
31.3
31
31
45.5
54
50
60.3
73
45.8
35.8
41.4
62.8
60.3
52.8
37.3
71
56.3
52.5
60.6
75.1
66.9
54.5
58.5
66.9
50.3
63.1
56.8
48.5
47.5
47
46.75
46.5
36.1
44.3
42.5
40
50.7
59.3
57
61.3
57.2
55.4
66.3
57.7
30.1
47
59.3
40.6
38.8
33.6
33.5
35.6
39.8
40.3
42.1
33.7
20.8
22.9
27
22.8
18.8
20.7
27.1
26.9
26.9
31
33.1
41.5
39.2
39.2
45.6
46.55
47.025
47.5
49.6
49.6
53.7
53.7
53.8
54
51.7
49.6
41.4
39.3
41.4
64.6
52
53.9
66.4
70.4
74.7
79.1
91.4
86
64.2
78.7
89.3
72.6
66.5
72.8
74.8
74.8
68.8
72.8
81.1
89.6
79.2
97.5
85.3
112.9
117.1
123.6
131.60001
119.1
89.5
91.3
70.9
54.2
79.1
68.8
72.9
73.2
79.1
64.7
64.8
64.9
58.5
67.1
52.3
58.7
65.4
54.6
57.2
59.2
52.8
63.6
59.4
48.3
57.4
53.2
52.8
51
53
63.5
61.4
70
61.4
57.4
59.3
54.9
52.5
48.2
41.9
39.7
39.8
27.3
27.3
27.3
33.5
39.5
54
41.6
39.5
45.8
49.8
47.9
47.7
52.85
55.425
58
62.3
62.4
64.3
66.4
58.1
47.9
56.2
56.1
66.4
58.1
72.7
60.3
58.2
92
70.8
75
81.1
87.3
95.9
78.8
101.9
93.2
91.2
93.6
135.3
116.5
77.1
85.3
66.5
97.9
83.4
92.1
81.4
90
97
79.5
79.6
69
71.2
62.9
69
69
73.4
73.4
77.5
50.7
58.9
65.5
79.6
61.1
65
46.4
54.8
56.9
44.4
46.3
61.5
46.5
48.9
61.6
46.8
61.7
80.1
74.5
66.2
63.9
84.9
85.8
87.8
74.9
83.4
70.5
77.2
75.3
60.3
60.5
53.7
53.5
53.4
57.2
56.8
52.5
54.5
58.4
60.3
58.2
60.3
62.3
62.4
66.4
66.4
68.4
68.4
66.35
65.325
64.3
64.3
64.3
66.3
64.3
58.1
45.8
47.8
50
60.3
62.4
47.9
56.1
72.6
74.8
74.7
95.4
81.6
66.7
81.3
98
108.3
102.1
128.89999
141.2
110.3
110.1
131.2
136.10001
96.5
87.7
112.2
89.8
75.2
79.5
64.9
71.1
64.7
56.5
50.2
52.3
76.9
79.1
89.4
64.8
83.4
81.3
96
77.2
85.6
62.9
64.8
69.1
83.8
82
82
99
82.1
88.7
76.3
74.5
72.8
84.9
89.5
96.5
107.7
89.4
95.8
85.7
100.1
85.1
80.8
74.3
74.4
56.8
72
78.4
65.3
63
50.6
46.3
38.1
35.9
35.9
29.6
39.9
42
31.7
27.6
35.8
33.7
31.7
37.8
42
49.2
52.8
56.4
66.8
54.3
56.3
58.5
58.4
46.1
46.2
46.1
52.3
52.3
60.5
66.9
72.9
73.4
46.2
46.3
67.1
67
65.1
54.6
58.8
65.1
69
122.7
118.5
89.6
87.5
93.8
85.5
71
91.9
77.2
91.9
64.9
69
67
71.3
67
79.6
79.6
73.3
71.3
69.1
69.2
65.4
61.2
73.7
71.6
63.3
63.4
65.2
69.3
81.8
81.9
86.7
75.5
73.5
65.2
67.3
59.2
61.2
63
59.1
63
63.3
67.3
59
71.4
57.1
82.1
77.6
77.8
52.6
52.6
83.8
65.2
57
54.7
54.7
44.4
40.3
34
31.9
25.8
23.8
19.6
19.6
19.6
15.5
15.5
7.3
5.3
9.4
44.2
61.6
79
29.8
13.6
19.7
25.8
17.6
19.7
25.8
13.5
24
36.5
28.1
30
58.8
58.9
60.7
79.2
99.8
110.3
127.4
119.1
114.6
102.2
46.5
42.7
55
55
58.9
46.8
46.6
59.3
65.2
65.3
73.3
69.3
71.2
50.7
52.9
52.8
48.7
50.9
48.9
48.9
36.5
44.7
38.5
50.8
44.7
34.5
34.3
48.9
46.9
53
42.9
53.2
55.3
51.3
59.1
65.6
46.8
34.5
44.8
44.9
40.7
40.7
40.7
42.5
46.6
55.2
46.6
42.4
54.7
36.2
42.5
36.3
34.2
34.2
34.3
34.2
44.6
38.4
32.2
38.4
34.2
32.1
28
17.8
19.8
21.9
34.4
26
28
32.2
28.1
31.2
32.75
34.3
34.3
32.2
36.3
36.5
40.6
48.7
44.6
50.8
52.8
44.4
46.5
42.5
50.6
50.6
46.5
50.6
52.7
40.5
58.9
65
75.4
56.8
56.9
65
63.1
75.5
76.2
102.9
110.9
96.2
79.5
69.4
90.6
67.7
69.7
63.7
52.9
53.1
57.1
61.4
65.4
42.7
57.4
53
46.9
38.6
40.7
61.4
57.2
76
71.7
63.4
55
97
72.2
57.3
64.2
59.6
63.7
49.7
59.6
64.2
66.5
57.7
87.6
59.9
60.1
64
62.4
70.6
72.9
70.9
57.9
47.3
47
49
45
43.2
43.2
43.2
45.2
45.3
49.4
51.6
49.3
51.2
51.2
53.3
55.3
59
54.7
50.7
52.7
58.95
62.075
65.2
69.4
61
65.1
67.6
54.8
48.6
42.5
46.6
48.7
50.9
40.9
37
44.7
43.2
46.7
42.5
46.7
55
48.9
26.2
34.5
55.1
57.4
48.9
55.5
53.5
51.3
57.5
38.9
47.2
41
38.9
41.2
53.4
53.4
34.9
34.8
43.2
37.1
61.9
41.5
47.4
49.6
49.7
41.3
28.8
37.3
39.3
43.8
39.7
39.5
41.1
33.2
25.1
27.3
47.9
58.6
53.8
45.5
33.3
52.1
39.4
33.4
41.9
47.9
39.6
37.6
44.1
43.5
51.8
26.9
37.4
28.6
24.7
14.2
18.4
20.5
20.5
28.6
33.3
26.8
20.4
24.6
22.4
22.5
24.4
16.2
18.2
18.2
20.2
22.3
28.4
28.4
30.5
31.55
32.6
28.4
32.5
44.9
34.7
30.5
34.6
36.7
49.3
32.6
36.7
32.5
32.5
51
40.9
43
42.9
57.3
47.1
36.8
41.3
45.8
41.1
35.1
28.7
45.4
45.4
29.6
26.6
34.9
43.2
39.2
38.8
38.9
35
41.2
24.7
28.7
29
37
24.6
30.7
72
35
49.1
14.2
26.7
14.2
35
51.3
45.2
28.8
32.9
35.1
32.9
27.2
56.1
33.1
35.1
63.9
39.3
49.5
41
72
80.7
87.4
76.5
70.1
70.1
89.4
94.5
88.8
87.7
79.1
83.1
79.2
77.3
70.9
77.3
74.6
70.1
76.6
59.3
61.5
59.2
59.2
61.4
59.3
55.2
49
55.2
53.1
57.2
55.1
59.2
61.25
63.3
67.5
63.3
61.5
51.2
61.4
61.4
69.8
61.3
59.4
59.4
67.7
63.5
67.6
65.5
70
63.4
75.8
63.4
61.7
71.8
76
82.3
86.3
84.3
76
84.4
82.3
78.2
82.4
86.4
88.6
71.9
86.6
59.7
33.1
16.5
20.9
20.8
31.3
25
31
18.7
14.7
22.9
24.9
22.9
31.2
31.3
27
12.6
14.7
20.8
45.8
13.2
37.4
13.4
39.7
48.2
95.6
76.9
60.6
64.6
64.5
71.1
64.6
71.2
52
81.9
84.5
102.2
60.5
45.6
62.5
60.4
64.8
47.5
39.1
34.9
35
34.9
37
34.9
32.9
30.8
30.8
24.7
16.6
18.6
26.7
32.8
37
39.1
30.9
30.9
30.9
30.9
36.9
65.5
57.3
30.9
30.9
37
45.5
64.1
55.9
37.1
35
49.4
43.3
41.3
33.3
50
41.3
47.9
60.3
48.1
60.4
48
48.7
35.7
41.2
35.4
55.9
66.1
66.4
68.3
76.5
53.9
60.2
55.9
45.8
52.2
50.2
35.7
43.8
39.7
37.5
39.6
50
37.7
39.6
48.2
56.5
60.8
73.8
55.1
60.5
57.1
70.7
50.1
61.1
65.4
60.8
52.8
69
73.9
50.3
59.1
50.6
56.7
67.7
61
65.4
59.6
65.5
69.9
74.3
61.8
67.4
73
59.6
61
57.3
61.5
49.2
44.1
48.1
48.1
35.4
54.4
33.6
39.7
35.3
35.5
37.5
35.4
31.1
33.1
35.2
40.55
43.225
45.9
53.7
51.6
51.6
53.6
51.6
59.8
57.7
51.5
51.6
53.8
57.9
57.9
49.7
52.3
53.9
43.7
72.4
62.3
70.7
64.5
55.9
45.7
39.5
45.6
43.8
37.3
39.5
43.7
46.7
50.4
54.2
63.6
50.4
57
53
53.4
63.6
57.3
65.9
56.9
43.8
42.1
38
59.1
35.9
53.2
48.5
34.5
45.65
51.225
54.0125
55.40625
56.103125
56.4515625
56.62578125
56.712890625
56.8
46.6
42.5
44.5
46.8
40.8
44.5
48.8
52.8
57.2
51.2
59.2
46.4
48.6
48.8
48.6
44.7
38.4
25.5
31.7
36
35.8
31.8
23.4
23.4
19.2
10.8
10.9
6.7
10.9
8.7
6.8
10.9
8.7
12.9
13.1
23.1
16.95
13.875
10.8
12.8
11
38.1
38
34
38.1
33.9
31.8
33.9
33.8
31.9
38.1
38.1
27.7
44.2
40.1
36
44.4
40.2
40.2
40.2
52.9
48.5
40.2
59.1
48.6
42.3
29.9
38.2
59
48.6
36.1
48.5
44.3
42.3
38.1
31.9
31.9
31.9
23.6
30
31.9
38.2
38.3
44.6
44.5
38.3
32.1
34.2
34.1
32
34
27.8
52.9
42.3
50.5
34.2
32.2
48.7
32.1
34.3
19.5
38.4
38.2
36.2
32.1
29.9
34.2
38.5
27.8
21.7
29.8
27.8
34.1
28
27.8
25.6
25.6
29.7
25.6
23.5
23.5
29.7
25.5
25.6
25.5
25.6
27.7
29.7
31.7
46.4
55.1
57.1
42.35
34.975
27.6
29.7
42.3
38
48.4
63.2
61.3
60.9
63.1
42.3
33.9
31.9
27.8
40.1
33.8
35.8
31.7
31.7
37.9
31.8
27.6
23.5
44.4
46.4
40.3
19.4
13.3
23.7
38.1
25.7
23.7
29.8
19.6
32.2
42.3
21.6
27.8
38.2
55
46.6
32.1
25.8
28
21.6
17.6
27.8
40.3
23.8
15.6
40.3
34.2
44.4
38.2
32
30.1
25.9
32
25.9
29.9
25.9
46.7
23.8
34.1
17.7
22
48.7
51
34.1
36.3
42.6
29.9
34.1
32
42.6
34.2
34.2
36.1
42.6
38.3
38.1
44.4
48.4
42.2
35.9
27.6
21.5
19.4
25.6
21.5
23.5
27.6
35.9
27.7
31.8
39.15
42.825
46.5
46.4
40.1
48.5
42.3
48.6
56.9
42.3
54.7
73.8
56.5
60.7
60.8
58.9
61
44.1
40
52.7
58.9
58.9
67.3
75.3
48.4
75.7
54.7
69.3
63.1
52.7
44.6
42.5
57.1
57
59.2
63.2
50.8
56.9
55.2
48.8
32.1
32.2
50.7
46.5
46.6
48.9
46.9
44.7
50.8
52.8
61.2
55
59.1
44.5
46.8
34.2
38.3
32.3
38.5
40.5
46.7
36.3
36.2
46.8
44.5
40.6
44.6
42.7
52.9
40.6
53.1
51
40.8
53
46.7
42.6
40.5
51
44.8
36.5
38.5
44.6
30.1
19.7
25.8
11.3
9.1
7.1
13.3
7.1
5
9.2
13.3
7.1
7.1
7
13.25
16.375
19.5
25.7
19.5
27.8
27.8
25.7
29.9
36.1
19.5
25.7
25.7
25.8
17.4
34
31.9
46.5
50.8
56.9
67.4
69.3
53.1
67.2
60.9
67.2
67.2
63
58.8
58.8
69.3
69.4
73.5
67.3
61
60.9
65.3
82
61.1
57
75.7
48.8
40.5
13.3
15.5
23.8
42.7
32.2
11.3
19.6
34.3
13.7
15.5
15.5
13.3
19.6
15.6
27.9
21.8
36.5
32.1
40.5
25.8
42.4
32.2
32.2
38.4
40.4
44.7
34.3
34.2
48.9
30
48.6
61.2
67.5
89
82.2
57
65.6
44.4
31.9
25.6
19.4
21.5
17.4
17.4
13.2
17.4
17.4
13.3
13.3
13.3
9.2
15.4
23.6
17.4
14.3
11.2
17.4
17.4
19.4
29.7
34
29.8
34
44.3
56.8
58.8
42.2
36
36
34
31.9
36.1
38.2
38.3
34.2
32.1
36.2
44.5
36.3
38.2
54.8
48.8
46.5
42.3
40.3
40.2
54.7
55
44.6
40.4
34.3
48.6
52.7
61
61
61.2
54.9
54.9
56.9
61.1
48.6
59.1
69.3
46.5
57
40.5
61.1
40.4
46.7
32
34.2
38.3
42.5
46.5
46.7
44.6
56.9
50.8
54.9
59.2
52.8
63.3
61.1
69.6
80.1
67.5
63.2
67.5
67.4
48.7
52.8
46.5
56.9
40.3
46.7
42.4
38.1
34
29.8
23.6
36
36
33.9
31.9
17.5
15.4
21.6
25.7
33.9
43.2
47.85
52.5
56.7
52.5
69.3
58.7
50.4
54.6
62.9
56.6
63
60.8
44.3
63.1
56.9
44.5
50.9
61.2
67.5
65.4
73.6
75.7
86
61.1
96.3
83.9
57.1
59
58.9
75.5
79.8
81.9
73.6
71.4
77.7
63
69.4
59
59
69.4
77.8
69.5
59.1
69.5
59
44.4
65.2
63.1
65.2
65.4
63.2
73.7
73.8
61.2
65.2
59.1
61.2
57.1
55
50.8
71.5
48.7
44.7
69.7
59.1
67.5
71.8
80.1
63.3
65.5
88.9
91
78.5
76.4
95.5
82.9
84.8
89.8
81.1
51.4
44.8
44.7
46.7
44.6
46.7
46.7
50.8
48.6
50.7
48.6
50.7
52.8
52.8
54.8
56.8
60.85
62.875
64.9
62.9
62.8
67
71.3
75.7
67
58.8
63
67.1
81.7
79.8
80.1
84
90.1
81.7
92.3
83.8
75.6
75.7
69.5
65.3
79.8
75.8
42.5
61.2
46.6
55.1
57
69.5
50.8
48.8
61.3
63.3
48.7
44.6
63.1
42.5
28
40.4
32.2
44.7
28.2
44.7
30.3
42.5
38.4
46.7
38.5
44.6
42.6
44.6
26
42.7
42.6
36.4
26.1
38.6
34.4
36.4
48.7
40.5
32.2
42.6
42.7
40.6
34.4
40.7
44.8
44.7
67.4
59.5
44.6
55.1
42.6
57.3
38.4
44.7
48.9
36.3
38.2
34.1
23.8
21.7
23.8
19.6
21.7
23.7
27.9
29.9
38.2
42.3
44.3
46.4
46.4
46.4
46.4
42.2
42.2
44.3
48.4
44.3
42.3
60.9
65
56.8
56.9
46.5
38.2
42.3
46.7
32
30
29.9
30
34.2
25.9
19.6
23.9
28.1
23.9
23.9
19.7
28
19.7
11.5
17.6
17.7
13.6
21.9
24
15.7
15.6
13.7
17.8
22.2
21.9
19.8
13.6
13.6
21.9
19.7
15.7
21.9
18
32.3
13.6
11.5
11.6
32.3
22
17.8
21.9
26.1
26.1
19.8
11.6
32.3
17.8
24
17.8
17.8
11.6
11.5
7.4
19.7
13.6
13.5
15.6
11.5
7.3
11.5
11.6
9.4
11.5
9.4
11.4
9.4
7.3
11.4
13.6
9.4
9.4
9.4
9.5
7.4
7.3
11.4
7.4
19.7
23.85
25.925
28
25.9
19.7
32.1
15.5
19.7
23.8
19.7
15.6
19.8
21.8
23.8
19.7
25.9
19.7
19.7
17.7
13.5
15.6
21.9
24
25.9
15.6
28.1
19.8
19.8
17.7
15.7
19.8
19.8
19.8
23.9
19.8
22
22.1
13.7
13.6
13.6
21.9
11.6
15.8
15.7
11.6
19.8
11.6
19.8
15.7
17.8
21.9
21.9
24
13.8
15.7
19.9
26.1
17.9
11.6
24
17.8
24
19.9
22.1
24
21.9
24
19.9
15.7
19.9
19.9
19.9
21.9
22
17.8
17.8
19.9
15.7
24
13.6
9.4
9.5
7.4
13.6
17.8
7.4
5.3
5.3
7.4
5.3
7.4
5.3
5.3
9.4
11.5
7.4
4.35
2.825
1.3
17.7
9.5
13.7
15.6
13.6
17.7
15.6
21.9
15.7
13.6
15.7
19.8
19.7
15.7
17.8
15.7
22
17.8
26
9.6
21.9
23.9
15.7
15.7
15.8
17.8
21.9
26
21.9
21.9
17.8
17.8
26
15.7
17.9
24
28
24
9.5
19.9
19.9
19.8
21.8
15.7
40.5
17.8
26.1
22
15.8
24
32.4
32.4
24.1
24.1
38.6
34.2
32.4
34.4
36.6
28.2
34.3
42.9
46.9
38.6
48.8
46.7
53.1
44.8
51
46.9
48.9
57.1
55.3
50.9
38.6
44.7
30.2
19.8
17.7
30.3
38.6
11.6
7.4
3.4
5.3
3.3
7.4
7.4
9.5
5.4
7.4
7.4
7.4
8.45
8.975
9.5
11.6
11.5
15.7
15.7
15.7
15.7
15.7
24
19.8
19.8
17.7
19.8
15.7
19.8
24
32.2
36.4
19.9
22
28.2
30.1
26
28.4
26.2
30.2
28.2
13.7
22
34.5
28.2
24.1
19.9
17.9
13.7
20
22.1
24.2
24
22
19.9
19.9
17.9
15.7
15.8
32.4
30.4
42.7
32.3
34.4
40.6
32.3
42.8
38.6
36.4
18
32.4
28.2
34.4
26.3
34.5
28.2
34.4
38.6
40.6
59.3
38.6
53.1
44.9
53.1
50.9
46.9
38.7
38.6
32.3
30.3
40.7
42.7
36.4
30.2
28.1
22
17.9
17.8
13.7
13.6
9.5
9.5
5.4
11.6
13.6
15.7
11.6
13.7
14.7
15.2
15.7
19.8
24
30.1
30.1
34.2
42.5
38.4
34.2
28.1
32.2
28.1
36.3
28.1
32.2
24
24
26
24
30.2
44.7
42.7
38.5
30.2
32.4
26.1
26.1
44.7
26.1
30.2
30.2
28.2
32.3
24.2
38.5
30.2
36.3
34.3
32.3
19.9
32.3
24.1
20
26.2
24.2
28.2
22.1
22
26.2
28.4
20.1
15.8
15.8
13.7
9.6
24.1
22
34.5
18
22.1
36.5
24.1
26.3
42.8
30.5
42.7
34.7
38.6
38.6
44.7
40.7
36.4
32.3
30.3
30.3
32.2
28.1
30.2
28.1
36.5
22
15.7
15.7
13.7
13.7
11.6
9.5
9.6
7.5
11.6
15.8
13.7
19.9
13.7
12.65
12.125
11.6
15.7
17.9
26.1
26.1
21.9
17.8
28.1
26
24
21.9
30.2
28.1
17.8
17.8
11.6
19.9
18
36.4
20.1
26.2
24.2
38.6
46.7
24.1
34.4
26.4
30.2
28.3
44.7
38.5
36.5
46.9
30.4
34.5
26.2
38.5
40.7
40.7
42.6
28.1
38.5
40.7
24.2
42.7
18
38.7
47.2
34.9
36.8
51.3
36.6
36.5
42.8
51
30.5
51.1
44.9
42.8
38.7
43
36.7
47.1
53.1
43.1
57.9
55.7
32.6
40.8
38.8
44.9
67.7
49
38.7
36.6
32.5
40.8
32.5
24.1
36.5
34.5
32.4
32.3
15.9
19.9
24
22
19.9
24
24
24
30.2
26.1
30.2
28.1
27.05
26
32.2
34.3
38.4
48.7
50.8
42.5
50.7
44.5
63.3
56.9
50.8
36.5
42.9
44.8
32.4
38.5
46.7
40.6
38.5
46.8
32.4
30.3
42.8
30.4
24.2
48.8
36.5
38.6
38.6
34.6
30.4
32.3
22
36.5
36.5
36.6
38.6
36.5
42.6
48.9
34.5
32.5
50.9
40.6
42.7
44.8
34.6
32.4
22.1
40.7
24.2
28.3
24.2
28.3
40.7
26.4
42.9
49
30.4
44.9
51.1
36.8
55.2
65.6
61.4
51
49
59.5
61.5
61.7
53.4
55.3
47.1
47.2
57.4
45.1
36.5
40.9
38.7
34.5
32.4
22.1
20
22
17.9
15.8
15.9
15.8
15.8
13.8
11.7
15.8
20
21
21.5
22
20
26.1
26.1
32.3
36.4
38.5
40.5
40.5
42.6
40.6
42.7
34.3
38.5
46.7
44.7
42.6
48.8
46.8
46.7
46.7
50.9
36.5
42.6
32.3
28.3
32.4
32.4
17.9
30.3
38.5
24.1
52.9
55
24.2
18
15.9
5.7
13.9
16
5.8
9.8
13.9
18
7.8
20
16
20.1
24.2
20.1
24.4
16
24.2
24.2
20.1
22.1
24.3
38.6
28.4
22.1
22.2
24.2
22.2
22.2
24.3
32.5
16
20
11.8
13.9
11.8
13.9
15.9
20.1
18
20.1
26.2
24.2
18
18
18
18
20
15.9
22.1
20
13.8
15.9
17.9
17.9
15.9
13.8
15.9
20
18.95
18.425
17.9
15.9
15.9
26.1
30.3
20
24.1
26.2
28.2
13.8
13.8
11.8
13.9
17.9
13.8
22.1
22
13.8
11.8
11.8
22.1
20
17.9
28.2
24.1
18
18
20
30.4
18
36.5
20.1
26.2
22.3
24.2
32.5
20.3
30.3
28.3
22.2
34.5
28.4
15.9
22.1
16
13.9
18
20.2
30.3
28.3
28.4
18
20.1
20
20.2
34.5
34.5
32.4
34.4
32.4
34.5
32.4
20.2
26.3
24.2
22.1
13.9
22.1
24.1
26.2
26.2
22.1
18
15.9
13.9
18
20
24.1
30.3
22.1
34.5
18
15.9
22.1
30.3
48.7
52.8
53
44.7
46.7
42.6
51.1
42.6
44.6
45.65
46.175
46.7
52.9
50.8
54.9
54.9
46.8
40.5
42.6
40.5
40.6
40.6
44.7
40.6
34.6
36.6
30.3
32.5
40.7
28.3
32.4
28.4
40.7
32.5
38.6
36.7
34.8
30.4
22.1
51
46.9
46.9
49
51.1
53.1
59.2
47
44.8
44.9
36.6
44.9
47
38.7
40.8
51.1
42.8
46.9
57.2
53.1
36.7
55.2
42.8
42.8
34.6
42.8
34.6
49
42.8
36.7
36.7
32.6
44.8
38.8
44.9
40.7
40.8
36.6
38.7
49.3
40.8
53.3
38.9
38.7
42.9
38.8
44.9
57.3
47
49.1
46.9
44.8
55.2
45
42.7
32.4
34.4
28.3
30.3
24.2
24.2
24.2
24.2
22.1
26.2
24.2
30.35
33.425
36.5
34.4
36.5
65.6
77.8
67.6
61.5
69.7
75.8
79.9
65.6
86.2
78
78
65.6
53.4
49.3
69.8
49.3
53.4
55.5
41.1
51.3
55.4
55.5
53.4
43.3
45.2
47.3
35
43.2
41.1
59.6
39.2
51.4
26.9
47.4
41.2
29
33
43.3
31
26.9
28.9
28.9
43.2
28.9
39.2
31
39.1
45.3
31
39.2
39.2
35.1
43.2
43.3
24.9
33.1
27
37.1
35.1
37.1
45.3
37.2
41.2
39.2
39.2
33
31
31
35.1
26.9
35.1
35.1
45.4
63.7
45.3
45.3
33
47.3
37.1
39.2
39.1
31
26.9
35.1
45.3
39.2
28.9
22.8
35
39.1
39.1
35
32.95
30.9
18.7
14.7
22.8
20.8
24.8
33
28.9
33
35
33
37.1
55.4
51.4
53.4
69.9
63.7
43.2
61.6
65.7
57.5
47.3
37.1
37.1
37.1
43.3
49.4
41.2
43.3
45.3
41.2
55.5
65.8
45.3
55.6
51.5
29
31.1
31.1
35.2
45.3
43.3
35.2
37.3
43.3
39.3
39.2
39.2
29
31.1
29
35.2
22.9
31.1
29.1
33.1
35.2
27.1
22.9
31.1
35.2
27
29
29.1
37.2
29
33.1
27
22.9
27
24.9
29
29
31.1
29
24.9
22.9
24.9
22.9
24.9
22.9
22.9
29
31
26.9
33.1
20.8
24.9
24.9
29
27
26.9
31
14.7
20.85
23.925
27
33.1
29
41.2
37.2
45.3
43.3
43.3
47.3
53.5
55.5
53.5
45.3
43.3
47.4
43.3
35.1
33.1
29
33.1
41.3
37.2
33.1
43.3
45.4
43.3
41.3
31.1
39.3
43.3
43.3
37.2
47.4
37.2
43.3
35.2
37.2
33.1
31.1
45.4
41.3
39.3
37.2
43.4
45.4
41.3
43.4
37.2
29.1
37.3
39.3
31.1
39.3
29.1
29.1
39.3
35.2
35.2
37.3
41.3
33.2
29.1
39.3
39.3
33.2
41.4
33.2
43.4
31.2
27.1
41.4
51.6
35.2
33.2
31.2
29.1
31.2
37.3
39.3
31.1
35.2
25
31.1
25
18.9
22.9
16.8
18.9
12.8
16.8
12.8
10.7
16.8
14.8
20.9
23.95
27
29.1
29.1
31.1
37.2
31.1
41.3
35.2
35.2
27
27
33.1
29.1
31.1
37.2
37.2
33.2
37.2
33.2
37.3
49.5
25
39.3
35.2
21
23
29.1
35.2
25.1
23
31.2
21
21
25.1
21
21
16.9
16.9
23
31.2
25.1
33.2
31.2
27.1
29.2
31.2
29.2
31.2
35.3
43.5
29.2
25.1
25.1
29.2
37.3
35.3
29.1
25.1
29.2
31.2
33.2
33.2
33.2
45.5
43.5
43.4
53.6
63.9
59.7
59.7
65.8
35.3
33.2
41.4
33.2
37.3
37.3
41.4
18.9
31.2
25
41.4
29.1
25
23
16.9
23
16.9
14.9
21
12.8
16.9
18.9
14.9
20
22.55
25.1
21
23
29.2
27.1
29.1
29.1
33.2
39.3
33.2
41.4
41.4
33.2
33.3
33.2
29.1
39.3
33.3
39.4
55.7
31.3
45.5
41.4
37.4
41.4
45.5
33.3
55.7
41.4
55.7
47.5
37.4
59.8
41.4
43.5
53.6
49.6
49.6
39.4
37.4
49.6
43.5
39.4
37.4
41.5
45.5
39.4
41.5
37.4
39.4
37.4
49.6
39.4
39.4
41.4
29.2
29.2
29.2
39.4
47.6
35.4
45.5
35.4
45.5
53.7
31.3
39.5
57.8
65.9
51.7
55.8
51.7
51.6
43.5
49.6
43.5
33.3
27.2
25.1
19
31.2
15
14.9
10.9
15
10.9
14.9
8.9
12.9
10.9
10.9
15
14.9
14.9
13.9
13.4
12.9
17
25.1
29.2
27.2
33.3
39.4
27.2
31.3
33.3
31.2
35.3
23.1
35.3
37.4
35.3
27.2
35.4
45.5
47.6
45.6
41.5
27.2
41.5
29.2
45.5
43.5
45.5
45.6
43.5
31.3
35.3
37.4
33.3
41.5
49.6
37.4
37.4
37.4
35.4
35.3
33.3
39.4
35.3
39.4
39.4
31.3
41.5
25.2
35.4
35.4
31.3
33.3
35.4
27.2
29.3
37.4
59.8
37.5
45.6
51.7
61.8
35.4
49.6
65.9
59.8
92.6
135.5
127.5
121.4
113.2
117.2
111
104.9
100.8
98.7
94.6
84.3
82.3
72
72
63.9
63.8
53.6
47.5
45.5
53.6
53.6
35.3
41.4
53.6
61.8
57.7
53.6
52.6
52.1
51.6
59.7
45.5
43.5
51.6
55.7
59.7
65.8
67.9
67.9
76
55.7
51.6
55.7
59.8
59.8
53.7
49.7
63.9
59.8
53.7
53.8
41.5
51.7
37.5
33.4
45.6
55.8
45.6
43.6
35.4
27.3
33.4
35.4
43.6
25.3
31.3
25.3
29.3
23.2
23.2
19.2
41.5
33.4
35.5
33.4
35.4
27.3
25.3
37.5
47.7
35.4
31.4
41.5
25.3
21.2
43.6
37.5
43.6
37.6
63.9
41.6
49.7
55.8
53.8
55.9
55.8
51.8
51.8
49.8
41.6
37.5
39.5
49.7
49.7
43.6
43.6
39.5
33.4
35.4
33.4
39.5
31.4
31.3
27.3
33.4
39.5
39.5
39.5
39.5
35.4
37.4
41.5
43.5
42.5
42
41.5
39.5
39.5
41.5
41.5
43.5
43.6
39.5
37.5
37.5
31.4
31.4
29.3
23.3
29.3
31.4
25.3
27.3
33.4
27.3
21.2
21.2
21.2
25.3
25.3
35.5
27.4
19.2
33.5
27.4
31.4
31.5
55.9
33.5
29.4
29.4
23.3
41.6
29.4
19.2
25.3
19.2
25.4
25.4
39.6
29.4
37.5
37.6
41.6
35.6
27.4
35.5
35.5
39.6
29.4
25.4
39.6
31.5
23.3
21.3
19.3
33.5
27.4
21.3
31.5
31.5
15.2
23.3
19.2
29.4
25.4
21.3
23.3
29.4
25.4
29.4
27.4
31.4
37.6
35.6
35.5
33.5
37.6
35.6
35.6
33.5
31.5
35.6
35.6
37.7
39.7
37.7
35.6
37.7
35.65
34.625
33.6
37.6
35.6
43.8
37.6
37.6
35.6
37.6
39.6
41.7
41.7
37.6
37.6
35.5
35.5
43.7
39.6
49.8
47.8
37.7
45.8
37.6
37.7
49.8
41.7
47.9
41.7
39.7
45.8
41.7
49.9
47.9
41.7
33.6
47.9
49.8
53.9
41.8
35.6
45.8
53.9
43.8
37.6
33.6
35.6
31.5
39.7
35.6
35.6
41.7
41.7
49.8
43.8
43.8
51.9
49.9
49.9
39.7
47.9
49.9
49.9
56
51.9
45.8
49.9
43.8
41.8
56
39.7
39.7
43.8
41.7
37.7
43.8
43.8
37.6
29.5
37.6
33.6
41.7
39.7
25.4
27.5
23.4
27.5
25.4
27.5
27.5
25.4
25.4
31.5
35.6
33.6
35.6
33.55
32.525
31.5
35.6
39.7
41.7
51.9
47.8
51.9
51.9
35.6
45.8
47.8
43.7
35.6
35.6
43.7
35.6
37.6
56
47.8
47.8
41.7
33.6
29.5
39.7
27.5
29.5
37.7
31.6
39.7
31.6
29.5
31.6
29.5
33.6
45.8
37.7
41.7
43.8
43.8
47.8
41.7
45.8
51.9
47.8
41.7
49.9
49.9
53.9
41.7
51.9
70.2
45.8
37.7
47.9
41.8
41.8
41.8
43.8
41.8
43.8
37.7
41.8
51.9
37.7
43.8
39.7
39.8
58
56
60.1
39.8
39.8
39.8
45.9
41.8
49.9
35.7
33.6
41.8
37.7
33.6
31.6
29.5
23.4
23.4
29.5
33.6
31.6
27.5
29.5
27.5
27.5
27.5
29.5
31.55
32.575
33.6
37.7
35.6
39.7
43.8
35.6
45.8
49.8
45.8
51.9
41.7
43.8
39.7
41.7
45.8
49.9
60
49.9
62.1
72.2
74.2
60
64.1
49.9
70.2
45.8
45.8
45.8
51.9
49.9
37.7
47.9
43.8
54
49.9
43.8
68.1
39.8
66.1
68.2
70.2
51.9
62.1
60.1
74.3
64.1
66.2
86.5
66.2
47.9
62.1
60.1
60.1
45.8
56
80.4
68.2
86.5
84.5
74.3
62.1
70.3
88.6
88.5
88.6
86.5
98.7
88.6
66.1
80.4
68.2
96.7
92.6
74.3
56
70.2
56
68.2
41.8
62.1
58.1
43.8
39.8
49.9
39.7
29.6
19.5
25.5
23.5
27.6
21.5
19.5
23.5
27.6
25.55
24.525
23.5
21.5
31.6
33.7
35.7
39.8
68.2
62.1
47.9
37.7
62.1
56
72.2
58
54
37.7
41.8
54
54
45.9
47.9
45.9
72.2
64.2
58.1
64.2
62.2
66.2
60.1
68.2
54
62.1
54
72.3
54
64.2
56.1
74.4
62.1
58.1
45.9
39.8
50
41.8
58.1
56.1
50
50
58.1
50
58.1
52
52
62.2
50
62.2
45.9
50
50
58.1
68.3
52
62.2
70.3
82.5
54.1
60.2
62.2
50
62.2
43.9
60.2
58.1
56.1
48
54.1
52
48
41.9
33.8
33.8
29.7
31.7
29.7
25.6
29.7
33.7
33.7
29.7
23.6
25.6
23.6
25.6
27.7
28.7
29.2
29.7
29.7
33.8
25.6
35.8
50
39.9
25.7
31.7
41.9
37.8
37.8
35.8
41.9
45.9
33.8
45.9
50
48
50
41.9
48
68.3
70.3
76.4
72.3
64.2
58.1
56.1
74.4
60.2
64.3
66.3
66.3
72.4
72.4
68.4
74.4
62.2
66.3
70.4
66.3
66.3
62.2
72.4
68.3
46
29.7
29.7
23.7
33.8
31.8
25.7
41.9
29.7
27.7
27.7
33.8
33.8
44
39.9
33.8
37.9
31.8
46
46
41.9
48
56.1
52.1
64.2
62.2
72.4
88.6
72.4
84.6
70.4
62.2
50
50
41.9
29.8
31.8
27.7
21.6
23.7
29.8
17.6
21.6
29.8
25.7
9.5
11.5
9.5
10.5
11
11.5
9.5
11.5
9.5
15.6
19.6
27.7
13.5
11.5
5.4
11.5
7.5
9.5
9.5
9.5
9.5
13.6
11.5
17.6
15.6
9.5
11.5
21.7
25.7
15.6
13.6
15.6
15.6
15.6
15.6
13.6
13.6
23.7
17.6
31.8
21.7
21.7
21.7
29.8
31.8
15.6
23.7
27.8
17.6
21.7
17.6
23.7
27.8
27.8
17.7
23.7
37.9
29.8
40
15.6
21.7
44
27.8
44
39.9
33.9
31.8
23.8
39.9
27.8
19.7
46.1
27.8
33.9
35.9
37.9
37.9
33.9
31.8
42
37.9
42
33.9
31.8
27.8
31.8
29.8
27.8
25.8
21.7
27.8
23.7
39.9
33.9
35.9
35.9
37.9
37.9
39.9
42.95
44.475
46
46
58.2
56.2
60.2
66.3
66.3
62.2
58.2
60.2
70.3
64.3
50.1
46
48.1
48.1
42
33.9
27.8
27.8
35.9
15.7
21.7
35.9
35.9
42
35.9
31.9
46.1
35.9
54.2
38
48.1
38
31.9
25.8
33.9
40
60.2
54.2
38
40
54.2
42
48.1
38
60.3
52.2
48.1
31.9
34
31.9
46.1
36
36
42
38
40
31.9
33.9
48.1
31.9
31.9
38
31.9
29.9
38
27.9
33.9
42
31.9
25.8
29.9
25.8
21.8
17.7
23.8
17.7
19.8
15.7
15.7
23.8
15.7
17.7
21.8
27.9
21.8
17.7
25.8
23.8
23.8
25.8
25.8
27.9
33.95
36.975
40
33.9
36
52.2
38
25.8
23.8
23.8
23.8
21.8
25.9
19.8
23.8
25.9
23.8
27.9
25.9
21.8
21.8
19.8
15.7
17.8
23.8
17.8
23.8
15.7
25.9
19.8
31.9
27.9
23.9
29.9
44.1
38
29.9
27.9
40.1
36
23.9
38
29.9
21.8
34
27.9
36
40.1
46.1
15.8
36
29.9
36
40.1
29.9
25.9
32
38
40.1
32
32
42.1
38
42.1
40.1
40.1
44.1
46.2
52.2
32
25.9
21.8
23.9
25.9
32
38
32
27.9
32
32
40.1
36
27.9
29.9
30
30
32
36
34
36
38
40.1
40.1
46.1
46.1
48.2
48.2
48.2
48.2
48.2
56.3
48.2
44.1
48.2
54.3
74.5
54.2
52.2
44.1
48.2
48.2
60.3
44.1
44.1
48.2
54.3
44.1
46.2
52.2
48.2
44.1
34
38.1
40.1
38.1
30
44.2
44.2
40.1
44.2
25.9
30
38.1
36.1
28
21.9
13.8
17.9
23.9
21.9
19.9
13.8
26
28
30
32
26
23.9
15.8
28
23.9
23.9
42.2
23.9
28
23.9
32
28
38.1
32
17.9
36.1
28
32
34.1
46.2
44.2
60.4
58.3
66.4
76.5
56.3
68.5
66.4
58.3
74.5
70.5
66.4
62.4
48.2
52.3
28
21.9
15.9
11.8
9.8
11.8
11.8
17.9
19.9
17.9
19.9
23.95
25.975
28
36.1
28
71.8
71.7
65.7
71.8
75.8
75.7
75.8
73.8
81.8
77.8
75.8
75.7
63.6
63.7
97.6
91.6
93.6
97.6
99.6
105.6
81.6
95.5
69.1
73.5
83.5
99.5
69.4
71.4
69.4
75.3
73.4
51.3
69.4
81.2
77.3
59.4
65.2
61.3
59.3
53
69.1
69.2
53.2
51.3
67.3
53.1
75.4
61.3
79.3
53.3
67.1
55.1
63.3
71.2
55.3
67.2
65.2
79.1
115.3
95.2
72.9
79.3
93.1
77.1
101
93.3
95
109.1
89.1
89.4
107
83.1
95.3
79.4
65.5
73.4
57.5
57.5
55.5
47.4
47.5
47.4
39.4
39.4
45.5
39.4
33.3
43.4
33.3
33.3
45.4
50.4
52.9
55.4
51.5
71.6
79.4
81.6
81.4
73.4
77.3
81.2
79.4
65.5
79.4
81.4
59.5
53.4
47.4
59.4
61.5
57.4
65.4
49.3
71.4
61.3
79.3
69.3
69.4
67.3
59.2
71.4
87.4
71.3
67.3
63.4
77.3
71.1
85.3
75.4
59.3
55.3
61.1
59.1
65.3
71.3
65.1
65.3
73.3
71.3
55.2
73.1
73.1
67.1
82.7
69.2
77.2
87.2
63.3
61.1
53.3
67.3
71.2
63.1
73.3
69.2
90.9
85.1
73.2
77.4
75
73.3
83.2
77.1
77.2
65.3
59.2
73.3
51.3
55.3
55.3
47.2
33.2
25.2
33.2
29.2
29.1
15.1
19.1
21.1
27.1
25.2
19.1
25.2
19.1
15.1
25.2
27.2
28.2
29.2
27.2
35.2
41.3
39.3
47.3
61.4
63.5
53.4
47.3
43.3
45.3
59.3
57.3
49.3
53.2
51.2
59.2
47
59.1
73.3
63
83.1
69
73
61.1
65.2
67.1
69.1
81.2
76.9
71.1
82.8
70.8
67
77
67
95.1
65.1
61.2
65
61
91.1
69.1
95
73.2
81
75
63.1
67
64.9
62.9
73.2
77
82.9
82.9
80.9
78.7
78.9
82.9
68.9
74.7
78.7
76.9
70.9
78.9
80.4
94.4
76.8
76.9
88.9
76.9
63.1
57
71.1
78.8
65
61
51.2
55.1
57.1
61.1
71.1
73
69.3
71.3
65.2
57.4
59.4
57.2
49.3
49.3
53.3
53.3
60.3
63.8
67.3
61.4
71.3
63.4
75.4
89.1
79.3
81.3
91.2
92.8
96.7
97.1
95.3
99.2
108.9
79.3
79.3
87.4
101.3
87.2
79.2
99.1
89
75.3
81.2
87.2
83.1
69.2
75.1
72.9
77.1
69.1
59.2
55.1
71.1
57
61
79
67
63
71
71
55
64.9
52.9
61
69
66.8
76.8
64.7
55
56.7
72.9
52.9
84.7
70.9
74.9
54.9
78.8
76.8
80.9
83
94.8
76.8
74.9
70.8
86.4
64.7
74.6
76.9
90.5
96.6
93.1
71.1
69.2
79.2
61.2
61.2
49.2
57.1
55.1
55.1
45.1
41.1
27
29
23
30.9
33
37
33
25
33
33.1
39.05
42.025
45
45
61.1
55
55
49
45
63
67
63.1
45.1
47.1
57
56.9
49.1
51.1
53.1
47.1
64.8
58.9
68.8
68.8
60.7
58.8
52.9
48.9
56.8
72.9
62.7
64.9
74.6
82.4
78.9
74.7
78.7
47
64.9
63
58.8
51
42.9
62.7
62.7
56.8
54.7
62.7
68.8
70.7
58.4
50.4
58.6
60.6
62.8
54.7
54.7
56.8
48.9
56.7
52.8
54.6
58.8
58.7
54.8
48.5
44.8
42.9
52.8
40.9
44.9
50.9
50.7
48.9
46.9
54.7
55
56.9
56.9
42.9
54.9
55
40.9
40.9
44.9
38.8
28.9
32.9
30.9
26.8
30.9
34.9
36.9
36.9
34.8
38.9
41.9
43.4
44.9
43
52.9
43
45
50.9
54.8
42.8
46.9
46.9
52.8
52.9
48.9
54.9
52.9
58.8
56.9
54.8
58.9
55
58.8
57
59
60.8
59
60.8
62.9
60.9
78.8
76.8
70.8
86.6
66.7
60.7
60.7
56.7
60.5
66.6
62.6
82.7
58.6
60.5
64.3
54.7
66.4
76.6
52.5
50.8
62.7
54.3
56.5
50.7
54.6
70.5
52.6
58.7
62.4
48.6
44.4
50.5
50.6
46.5
56.2
48.8
40.5
42.6
52.5
40.8
40.7
44.7
42.7
38.7
38.7
46.6
42.7
38.7
40.8
36.8
34.8
32.8
34.8
34.8
30.8
26.8
18.8
18.8
20.8
24.8
24.8
24.8
28.9
26.8
22.8
24.8
29.8
32.3
34.8
32.8
32.9
32.8
40.9
46.9
40.8
40.9
38.8
42.8
60.8
61
72.7
72.8
48.6
60.7
50.4
52.8
64.6
66.6
76.5
74.5
62.8
78.5
66.8
64.8
70.8
62.8
68.5
60.6
54.5
56.5
60.7
60.6
46.7
50.5
50.5
62.2
48.5
42.5
44.6
46.6
38.5
36.7
60.5
44.6
66.6
62.6
60.6
50.6
50.3
64.5
46.4
56.1
60.5
52.1
52.4
50.4
62.3
54.2
56.3
64.3
64.2
60.1
68.1
58.3
64
62.3
66.1
61.9
62.2
56.1
75.6
69.4
63.6
70
60.1
56.2
62.3
62.1
58.5
56.7
58.8
58.7
62.5
64.7
62.7
66.7
66.6
68.6
72.8
72.9
77
74.9
74
73.55
73.1
63.1
61
47
78.7
72.8
68.9
64.8
66.7
58.6
72.6
78.6
64.8
76.8
74.7
84.5
81.9
74.5
78.3
90
94.5
96.6
80.6
90.5
92.4
68.4
54.1
62.4
70.3
64.4
58.6
66.6
58.4
68.5
68.7
62.5
68
62.4
62.5
72.4
70.3
68.4
60.3
42.4
52.3
44.3
32.2
50.4
46.4
46.4
48.1
36.4
40.5
48.5
44.4
42.5
68.3
42.1
48
58.3
55.9
54.1
34.1
50.1
46.1
50
50.3
42.2
42.5
62.3
50.2
50.6
58.3
44.6
44.6
69.8
54.4
46.5
46.6
38.7
34.7
28.7
20.6
14.6
14.6
14.6
14.6
14.6
12.6
12.6
16.5
16.6
14.6
14.6
16.6
17.6
18.6
20.7
16.6
14.6
20.4
22.5
32.8
30.8
32.7
30.6
36.7
38.8
44.8
56.3
64
36.6
46.5
66.3
45.9
48.2
52.2
70.2
56.2
46
58.2
54
34
48.5
60.3
58.2
52.6
38.4
42.4
48.3
46.3
36.2
46.4
28.3
24.4
24.4
36.5
38.3
42.3
42.3
30.4
30.3
22.2
28.3
44.3
34.1
34.1
54.2
48.2
36.2
38.3
39.9
44.3
50.4
18.3
34.3
34.4
34.3
32.3
36.1
42.3
44.2
38.1
44
54
86.1
44
52.2
49.9
54.2
50.2
50.5
56.4
50.5
40.6
30.5
30.6
22.5
14.5
10.5
8.5
6.5
6.4
4.4
6.5
6.4
10.4
6.5
6.5
6.5
10.5
12.5
14.5
8.4
10.5
12.5
16.5
12.5
18.5
16.5
12.5
22.4
26.6
22.5
28.4
30.4
40.5
44.2
60.3
54
53.8
44.1
34.3
34
36.3
44.3
38.3
48.1
50.1
36.1
38.4
32.1
30.1
34.2
34
32.3
48.1
44.3
34.3
38.2
34.2
42.1
66.4
72.1
48.2
44.3
52.1
50.5
22.2
28.3
36.4
38.5
38.3
34.4
36.4
38.4
40.4
38.4
36.3
38.4
44.4
30.4
28
40.3
36.2
48
48.1
38.4
26.2
48.2
42.2
52.1
42.2
40.3
40.3
40.5
32.4
26.4
32.4
22.4
24.4
28.4
26.3
16.4
10.4
14.4
10.4
12.4
16.4
12.4
8.4
10.4
12.4
12.4
16.5
16.5
17.5
18
18.5
26.5
26.5
36.7
42.7
42.7
34.6
38.6
56.7
62.8
72.7
76.6
76.5
78.6
78.8
74.6
80.7
78.8
74.8
68.8
54.8
48.7
48.7
48.6
48.6
48.5
50.4
50.4
50.3
54.2
50.3
32.2
44.3
36.2
40.2
42
43.9
44.1
48.2
46.2
50.2
68
66.2
77.8
59.9
42.2
42.1
34.3
66
58
50.2
50
61.9
41.8
62
58.2
62.2
56.3
52.1
52.3
67.9
54.2
55.9
50.3
36.2
46.2
36.5
44.3
32.4
36.3
44.4
38.2
30.4
30.4
30.4
44.3
32.4
30.5
42.4
32.5
30.2
40.5
40.5
38.5
40.5
36.6
30.4
22.4
26.5
26.5
30.4
30.5
34.5
36.5
40.55
42.575
44.6
44.7
48.6
44.5
48.7
48.5
44.6
46.6
50.7
54.7
58.7
62.8
58.7
56.6
64.7
86.7
84.4
80.7
68.4
66.3
70.4
66.5
46.4
60.3
78.1
66.3
58.4
62.5
42.3
56.4
52.2
42.3
46.2
40.2
56.2
44.2
46.2
58.1
62.2
54.3
46.2
44
56.1
42.2
46.1
50
38.2
48.1
42.2
57.9
42.1
61.7
61.6
48.1
44.2
66
44.2
52
50.1
63.7
46
64.2
46.1
41.4
53.9
55.9
55.5
57.7
65.1
53.5
46
42
50
50
56
50.3
54.3
56.2
56.3
54.4
52.4
50.3
52.4
60.5
62.5
66.6
64.3
56.1
60.1
64.1
66.2
72.6
74.6
72.7
72.7
72.7
72.7
74.6
76.5
78.6
82.5
82.3
82.4
78
82.1
82.2
82.3
90.5
94.8
94.8
90.9
92.9
72.8
58.6
56.6
60.6
50.5
72.6
78.6
84.3
85.9
72.3
80.2
58.3
72.3
70.4
79.7
73.7
72.1
67.9
79.3
69.2
67.6
54
82.2
78
74.2
68
78
83.9
75.8
90.1
89.9
83.8
66.3
64.3
91.8
83.7
66
77.9
60.4
66.2
71.8
83.5
85.7
71.9
74
89.7
83.8
87.9
83.5
91.5
87.8
70.3
81.9
66.4
87.5
85.6
74
97.4
73.7
62.2
67.8
66.1
77.9
57.9
54.1
66.2
68
42.1
46.2
30.2
46.1
38.2
50.2
52.2
54.1
48.2
52
60.1
59.05
58.525
58
79.8
62.4
54.3
56.2
48.3
52.4
44.4
40.3
48.3
52.3
60.4
52.3
74.2
85.8
64.1
66.1
88.3
60.4
54.3
62.4
68.3
76.3
58.3
68.1
62.3
64.4
62.2
68.1
68.1
59.9
66.2
54.2
60.2
66.2
70
62.1
58.2
81.8
71.9
84.1
91.6
79.9
95.9
96.1
96.1
81.8
75.5
74.1
69.8
77.6
89
85.8
77.6
83.4
89.4
93.5
93.4
79.7
75.5
97.7
108.8
119.9
91.4
91.4
95.4
109.7
85.7
83.7
85.9
77.9
77.9
84
68.1
66.3
70.4
72.2
64.4
60.3
68.3
54.3
36.2
42.3
26.1
28.3
24.2
26.2
20.2
22.2
18.2
18.2
22.2
28.2
26.3
27.3
27.8
28.3
36.3
28.3
32.3
36.3
38.3
48.3
40.3
42.4
44.3
46.4
48.4
58.4
64.4
72.1
72.4
70.3
78
80.2
86.2
90.2
93.8
92.1
100.2
79.4
84.2
86
94
102.1
87.8
95.7
81.8
83.5
79.8
80
81.8
93.9
77.7
77.5
91.5
77.9
89.5
95.2
97.5
75.7
91.4
81.8
99.3
91.9
85.4
87.5
91.5
87.7
70
89.9
75.9
87.5
73.8
75.9
91.7
85.8
85.9
80.2
81.9
86
84
83.9
104
79.8
71.8
81.9
80.1
66.3
60.2
72.1
66.1
71.9
62.1
40.1
54.2
54.4
50.2
36.4
34.5
32.4
36.5
34.3
34.4
34.4
30.4
28.4
24.4
34.4
30.4
27.4
25.9
24.4
30.4
28.4
24.4
34.5
38.4
46.5
30.4
46.5
38.5
40.3
42
46.3
42.3
46.4
52.4
48.3
60.2
63.8
70.2
82.1
63.4
77.8
79.4
89.2
84.1
77.7
71.7
73.9
75.8
98.2
77.8
66
81.9
77.5
81.6
69.9
73.9
63.5
67.7
58.1
59.9
71.7
81.6
58
58
60
79.1
75.9
77.8
87.6
77.9
62.1
73.6
54.2
52.2
46.2
48
62
61.9
66
54.9
69.8
75.6
62.2
63.9
85.5
81.6
85.6
79.9
90.1
67.8
68.3
70.2
70.3
68.2
62.4
50.4
38.5
42.6
36.5
34.5
34.6
34.6
40.7
38.7
36.6
34.7
34.6
40.6
38.6
46.6
34.6
30.6
32.55
33.525
34.5
34.6
34.6
36.6
42.5
40.6
48.6
42.6
36.5
46.6
48.4
50.5
50.5
64.3
60.3
66.4
76.2
86.3
91.9
92
105.5
84
86.2
92.2
86.2
82.3
86.2
90.7
108.5
99.9
81.9
98.4
76.1
86.1
80.4
96.3
92.2
97.6
78.1
86
72.6
91.7
102
85.7
82
72.4
92
81.8
81.7
66.1
85.7
89.7
87.6
70.3
81.5
73.9
79.9
87.4
77.3
79.6
89.1
96.8
91.2
94.8
98.7
83.2
78.9
94.4
92.8
90.6
96.6
90.1
88.4
86.8
86.5
88.2
75.7
83.2
85.4
83.6
89
85.6
84.2
84.2
84.4
86.2
84.1
84.1
85.9
91.7
89.7
89.9
97.8
98.1
97.25
96.825
96.4
94.6
94.6
