"x"
71.475
65.9625
55.7
45.425
45.1875
34.675
29.175
25.825
42.0875
41.8375
41.95625
35.196875
42.3
38.25
38
29.8875
33.2125
28.45
26.3
26.3
43.525
49.975
44.4625
51.85
56.65
54.975
39.95
42.325
39.45
32.2875
27.025
28.225
75.55
58.1
47.44375
42.596875
52.1
50.2
48.525
42.0875
38.0125
30.1375
29.8875
32.775
34.6875
32.0375
23.34375
33.521875
43.9875
34.6625
25.125
19.85
28.225
26.3125
27.975
36.825
41.125
55.225
70.28125
64.665625
65.5
64.7875
49.4875
31.8125
28.9375
29.65
32.05
32.75
27.7375
17.4625
22.10625
25.671875
42.325
49.9625
94.9000025
83.4375
72.2
64.5375
68.35
71
63.5875
45.65
26.78125
32.296875
41.8375
72.2
62.875
60.25
51.6125
48.3
76.975
82.725
90.375
82.4875
105.79375
97.359375
75.5375
73.15
64.3
49.25
40.8625
52.8375
53.075
89.8875
76.2375
54.5
68.11875
66.215625
76.5125
87.5
57.6125
34.2
41.6
42.7875
41.375
48.75
77.2125
48.3
50.19375
60.953125
64.05
62.1375
33.475
28.45
34.675
40.1875
36.575
27.025
34.2
31.3125
28.33125
32.678125
37.5375
50.8875
45.6625
48.9875
64.7625
77.6875
125.275
119.5375
107.1125
81.9875
52.56875
47.215625
56.175
62.8625
57.85
46.8625
45.65
50.1875
56.4
66.4375
54.025
56.425
37.18125
30.884375
43.275
54.025
57.3625
65.975
55.7
54.975
51.4
60.2375
60.4875
56.8875
50.5375
67.70625
76.5
73.4
56.1875
56.9
51.3875
41.1125
42.325
47.0875
46.8625
46.625
47.8375
52.48125
64.3
57.5875
25.1125
34.1875
30.8375
27.275
32.2875
26.0875
23.1875
28.4625
28.10625
36.290625
38.7375
43.025
47.575
43.0375
43.75
50.4375
52.6
53.2875
62.8875
40.6375
16.61875
16.440625
45.6625
59.525
59.0625
52.575
43.525
37.775
33.225
37.3125
34.425
25.6
23.08125
25.196875
29.8875
37.5625
39.7125
44.475
51.8875
55.7
59.0625
68.6
50.2
32.05
26.44375
26.978125
29.65
39.475
42.1
42.8125
48.275
77.2125
68.125
56.425
56.675
58.0875
50.06875
50.946875
56.9
51.3625
51.6125
49.7
37.2875
28.4625
34.4125
38.75
43.525
42.575
45.06875
53.715625
58.35
67.875
71.7375
62.8625
60.9625
59.05
59.05
62.375
45.1875
32.975
33.11875
48.334375
57.8375
57.125
50.9125
46.6125
47.0875
44.95
44.95
39.6875
33.7
25.375
29.29375
32.096875
43.275
53.525
63.3375
62.15
63.8125
52.1
48.5125
52.0875
50.9
44
45.30625
46.196875
67.4125
73.8875
71.0125
66.2125
64.05
54.2625
56.1875
59.9875
59.525
40.6625
41.2625
41.425
47.1
59.025
56.1625
50.8875
55
61.58515625
69.45673828125
77.4625
68.3625
42.0875
38.24375
50.796875
71.2375
70.275
64.5625
48.5125
29.8875
20.0875
47.825
31.075
25.35
30.3625
33.825
36.625
55.4625
52.325
52.8
49.725
54.2625
54.7375
46.85
54.4875
49.9625
47.8
49.725
54.25
55.6875
60.725
68.6
81.2625
101.6
87.025
83.1875
77.9375
58.5625
50.1875
54.84375
64.609375
74.5875
77.925
73.4125
70.275
66.925
60.0125
62.625
70.0375
72.425
52.325
56.30625
65.678125
67.8625
73.4
72.675
75.3
59.275
45.6625
50.45
64.7625
55.7125
43.025
39.09375
52.184375
65.9625
61.4375
67.15
65.7375
56.65
51.375
54
59.0625
45.65
30.375
27.025
30.01875
44.9375
36.5625
42.0875
43.2875
34.1625
29.175
29.65
35.8375
34.4125
27.9875
28.9375
29.76875
34.1875
37.525
41.8625
43.525
47.8
55.2375
48.3
43.0375
49.9375
48.9875
53.6375
52.01875
57.1625
58.35
55.7
54.025
50.9
51.3625
52.0875
54.7375
51.375
48.5125
50.7875
51.925
54.75
51.6
51.1375
50.175
49.4625
51.1375
51.8625
52.3375
55.6875
50.425
50.7875
46.31875
56.425
59.775
56.1875
58.575
57.875
55.475
68.5546875
68.8375
61.2
57.6375
58.94375
59.478125
61.675
61.2
60.725
58.35
52.8125
45.9
40.1875
45.1875
46.375
44.95
47.0875
52.0875
52.325
51.6125
51.125
48.275
48.0375
40.65
32.025
34.6625
33.9375
24.3875
21.29375
21.884375
33.7
38.75
48.5125
50.1875
46.375
31.5625
31.7875
38.75
34.1875
18.6375
19.7125
28.1625
37.075
32.975
31.3125
25.85
28.9375
33.475
28.225
34.2
22.2375
19.35
20.675
25.4125
36.3375
27.4875
35.6125
31.7875
32.025
41.35
44.95
41.625
34.675
17.7125
17.10625
26.384375
34.6625
40.425
41.85
44.2375
46.1375
49.475
48.0375
48.525
42.3125
27.5125
31.43125
38.809375
45.1875
55.7
57.3875
60
52.1125
51.3875
49.95
50.675
46.15
25.5875
24.78125
31.490625
41.15
51.15
60.725
54.2625
47.8125
58.5625
80.8
84.875
77.95
52.6
60.11875
74.765625
86.775
80.775
99.2125
98.7375
74.85
58.7875
70.525
75.0625
70.2875
40.6375
35.7375
47.26875
56.1875
61.4375
70.0375
70.775
43.975
24.625
34.675
52.6
42.075
20.0875
12.45
15.66875
29.4125
38.4875
46.375
45.9
36.35
35.875
49.475
41.6
39.7125
36.3375
43.39375
53.596875
70.7625
74.8375
75.7875
68.5875
64.2875
61.675
65.725
56.4125
43.9875
37.775
54.5
53.65625
53.3125
54.5125
50.65
57.35
56.4125
40.1625
51.3875
75.05
94.9
70.5125
70.38125
80.146875
89.8875
106.12500125
97.3
80.8125
65.9
66.49375
62.3875
82.4875
78.9125
49.4875
41.71875
48.703125
65.25
58.1
55.45
61.9125
56.6375
52.8125
60.475
65.4875
50.675
25.325
23.31875
36.159375
58.3375
71.0125
85.35
93.7
70.9875
61.9125
95.6375
78.4
70.75
66.9
70.04375
60.965625
56.6625
60.7125
58.3125
52.825
50.4375
50.675
47.8
51.6125
48.275
48.5125
51.50625
57.696875
72.2
78.6375
86.8125
85.8125
82.2625
65.75
56.9
73.3875
70.775
57.8625
62.26875
63.871875
67.15
68.8375
78.875
82.725
74.3375
73.15
61.4375
67.4125
66.4625
58.075
67.04375
64.503125
79.125
87.975
88.95
99.2125
92.75
99.63984375
93.7599212646484
93.70023406744
93.7000009143259
93.7000000035716
93.700000000014
93.7000000000001
93.7
93.7
93.7
93.7
93.7
93.7
93.7
93.7
93.7
93.7
93.7
93.7
93.7
93.7
93.7
93.7
93.7
93.7
93.7
93.7
93.7
93.7
93.7
93.7
93.7
93.7
93.7
93.7
93.7
93.7
93.7
84.6375
65.2625
52.8125
46.6125
45.9
49.5
61.4375
68.6
86.55
80.3125
116.43750125
113.075
88.7
75.55
47.8
43.525
44.35625
49.5
47.8
44.95
40.2
32.2625
36.35
39.2375
42.1
36.0875
36.325
40.8875
41.98125
43.2875
41.625
38.5125
46.1375
50.675
55.2375
59.2875
49.9625
45.425
43.05
41.625
52.35
60.4875
72.925
75.3125
82.2375
72.45
61.675
74.5875
83.9125
65.975
47.325
45.8875
63.93125
74.825
71.7
83.9125
74.8125
67.65
52.69375
57.434375
48.7625
29.65
22.5
28.925
32.85625
42.0875
53.7625
76.975
87.5125
64.075
40.1625
52.3625
76.7375
73.4
42.0875
40.2875
61.3875
78.6625
74.825
75.7875
76.9625
51.875
52.3625
49.9625
71.975
73.1375
30.6125
28.79375
34.378125
44.225
57.6125
64.775
59.05
42.5375
35.6
33.9375
58.3375
51.1625
27.5125
36.69375
54.309375
60.2375
36.1125
43.025
51.625
40.6625
44.475
55.6875
36.5625
31.7875
41.375
42.8
44.225
65.9625
78.1625
76.75
57.6
37.7875
28.4625
31.5625
39.95
39.45
18.6375
20.43125
29.721875
31.1
43.7625
43.525
42.8
44.95
61.2
60.25
65.025
54.7375
39.2125
43.0375
53.3125
55.4625
58.325
67.1625
52.125
24.15
17.9125
16.0125
45.9125
50.675
30.1375
18.50625
18.090625
22.0125
42.075
60.4875
65
43.525
54.975
54.5
56.65
44.6875
21.05
19.85
30.8625
43.275
54.975
62.625
75.55
62.875
70.2875
73.8625
99.9125
78.1625
66.225
87.51875
116.340625
126.95
133.65000125
113.5625
79.6125
36.5875
23.4375
23.6625
52.3625
51.4125
30.3625
34.89375
49.615625
64.525
72.9
76.7375
65.25
37.775
30.1375
36.8125
31.3125
30.6
21.75
18.15
17.58125
32.7625
48.2875
55.925
61.6625
61.2
71.9625
65.5125
58.5625
50.9125
43.975
30.85625
33.359375
40.425
43.525
53.575
61.45
68.35
59.0375
65.025
69.55
70.9875
45.425
57.1125
61.08125
70.525
75.5625
79.125
83.79375
78.4125
76.25
71
70.75
65.25
45.1875
45.06875
47.265625
55.45
60.9625
64.525
65.2625
59.5125
51.8625
47.5625
48.525
49.7125
29.9
26.54375
42.096875
50.2
58.5625
62.625
64.525
53.8
63.1125
60.95
64.5375
86.3125
70.0375
71.83125
84.565625
94.1875
94.175
93.4625
76.975
45.6625
39.225
41.1
61.425
61.6625
28.9375
24.4125
27.75
38.2625
42.1
25.1125
14.35
9.35
10.0625
8.1625
7.9
6.2
6.4375
7.76875
22.771875
37.775
65.275
71.9625
59.275
33.0125
19.125
17.2
20.325
23.45
14.5875
9.71875
11.321875
14.5875
22.9375
46.6125
50.4375
38.725
39.475
31.55
43.4875
60
34.2
37.05
46.03125
53.05
61.9
64.05
69.55
76.0125
75.3
90.375
156.33749625
101.85
66.225
38.4
33.39375
43.7625
52.1
69.575
68.125
36.8125
22.95
24.4125
38.2375
60.7125
29.8875
11.2625
9.8125
18.9125
42.5625
70.75
77.2125
68.1125
65.0125
71.95
80.55
77.9375
58.8125
30.96875
35.221875
72.1875
94.4375
104.2375
86.0625
56.8875
52.825
100.17500125
120.24999875
95.6375
65.25
52.34375
44.478125
46.6125
48.275
43.275
59.3
55.7
63.5875
77.925
78.6375
79.1375
79.6125
88.575
85.4
92.0375
113.575
101.8375
79.625
45.6625
35.15
51.875
63.1
66.45
52.0875
54.0125
60.0125
67.15
71.975
76.025
56.675
41.575
40.4125
54.7375
61.925
65.025
49
49.10625
55.628125
65.475
67.6375
75.325
56.9
29.9
31.075
37.521875
49.4625
49.9375
42.1
35.86875
29.890625
34.65
35.6125
44.2375
41.85
38.25
40.8875
41.125
33.95
38.7625
25.3375
18.03125
12.259375
21.975
32.9875
47.3375
63.825
65.0125
57.8625
54.4875
63.3375
64.05
43.0375
39.33125
45.484375
51.1625
56.175
51.375
49.475
46.1375
32.275
31.075
35.6125
41.125
22.2375
24.375
29.53125
27.275
38.0375
36.35
39.2
58.575
65.4875
72.2
68.3625
52.0875
47.5625
52.81875
54.359375
58.825
66.9125
69.7875
40.4
25.375
30.375
44
53.3
54.5125
55.2125
55.80625
60.665625
65
76.7375
75.55
64.0625
59.75
46.6125
42.0875
40.8875
52.0875
50.1875
46.6125
48.75
53.5375
50.675
48.275
46.15
42.5625
39.2375
35.375
38.7125
42.3375
36.6
36.45
43.0875
59.7625
54.7375
61.4375
51.8625
38.25
33.225
36.35
50.4375
67.6375
54.0125
52.56875
51.971875
57.15
53.5375
58.575
59.275
48.5125
47.5625
42.325
76.4875
73.4125
65.025
62.5125
65.79375
69.0875
90.3625
97.275
86.5375
81.5375
77.7
84.6375
87.25
76.9875
59.05
48.63125
53.015625
61.675
68.1125
60.9625
47.1
35.1375
35.6125
33.7125
29.4125
23.45
16.0125
16.4875
16.84375
16.725
17.925
33.475
40.65
28.2
20.3375
37.05
49.2375
47.325
48.75
51.625
57.50625
62.3875
71.725
73.6375
41.825
24.9
23.2
42.924609375
59.914404296875
66.2
41.3875
44.59375
46.909375
56.4125
66.425
70.7625
43.0375
22.7125
19.3625
25.3625
44.725
44
32.0375
26.91875
31.278125
52.8375
73.6125
79.6125
69.8
55.95
67.4125
89.1875
92.0375
92.75
79.125
81.63125
83.759375
92.9875
102.325
112.1125
113.55
96.5875
98.0125
107.825
96.825
74.35
55.4375
62.525
71.05
83.6875
92.2875
100.4
98.0125
74.1125
61.4375
66.675
92.7375
70.9875
46.3875
48.275
57.6125
74.1
89.175
88.9375
63.3625
44.95
42.7875
49.0125
54.975
39.6875
33.2125
42.20625
54.440625
60.4875
70.2875
77.925
77.45
67.9
61.9125
63.5875
80.575
53.3125
38.7375
46.75625
63.765625
72.4625
71.95
58.35
43.75
27.75
29.8875
38.7375
55.7
53.075
44.7125
49.58125
55.271875
63.3375
70.525
64.525
41.6
35.625
31.8
32.75
27.5125
43.2875
35.1625
22.475
26.0875
33.9625
54.0125
62.6125
44
30.375
22.25
40.4125
51.3625
53.5375
43.525
35.8875
39.33125
50.9125
63.825
74.1125
62.875
49.7125
35.85
33.7125
45.925
63.825
50.2
27.5125
28.81875
43.5125
54.2625
54.9625
46.125
49
40.6375
37.3125
40.6375
50.2
34.1875
16.4875
16.25
25.3375
31.1
40.425
32.275
24.1375
34.425
28.45
23.4375
17.9125
21.9875
20.55
37.41875
70.75
81.275
78.6375
61.1875
45.175
37.05
41.3625
59.5125
52.125
47.575
45.55625
61.378125
72.9125
78.6375
75.3
55.7
50.2
47.24296875
39.925
58.0875
73.6125
46.375
35.0125
39.16875
43.0375
66.925
76.2625
62.8625
56.4
47.1125
37.775
51.4125
74.1
49
30.8375
33.95
51.875
56.4
60.2375
48.3
43.9875
42.575
32.7375
62.15
65.5
45.6625
37.275
39.675
56.65
51.8625
54.7375
70.7625
68.6
53.3125
55.925
61.9
71
51.6
41.49375
48.003125
55.225
55.95
61.1875
54.7375
53.5625
53.0625
48.7625
55.9625
71.9375
54.0125
40.525
39.5
55.45
64.55
51.375
50.2
36.1
36.325
36.1
37.55
23.425
23.6625
31.2
26.70625
32.5
44.225
48.525
53.075
49.475
43.05
48.05
51.3875
50.45
38.25
29.75
42.38125
49.4875
55.225
54.5
45.9125
42.0875
35.3875
35.35
50.2125
62.6375
55.6875
39.8125
43.20625
58.35
68.125
50.675
36.3625
28.4625
34.4375
35.6125
39.9375
62.1375
55.6875
35.85
29.8875
32.275
48.525
53.3
56.65
50.9125
52.825
48.0375
71
58.8
33.2125
43.14375
58.490625
65.4875
76.025
79.125
47.0875
39.925
37.0625
38.975
60.7125
62.15
50.65
44.34375
49.059375
51.8625
37.3
44.6875
68.6125
75.7875
44.4625
56.1875
65.025
66.675
50.6875
44.95
55.56875
63.575
75.775
67.6375
49.9625
46.1375
40.8875
44.475
52.5875
50.425
45.1875
55.33125
57.565625
52.3375
55.9125
47.8125
34.6625
31.7875
32.05
38.025
45.9125
26.5375
19.6
24.49375
27.690625
32.2625
35.85
37.3
33.475
25.8375
28.7
35.375
42.0625
50.425
24.8875
22
22.725
37.5375
49.7125
53.8
45.1875
45.1875
46.6125
58.575
69.8
67.625
64.8
68.6125
82.60625
95.875
95.625
80.325
58.325
51.65
40.875
59.75
84.596875
63.5875
45.175
40.9
48.41875
74.8125
85.3625
71.725
55.9375
45.2
37.7875
36.0875
44.725
54.25
51.65
37.66875
23.615625
38.2375
50.9125
45.175
30.8375
28.4625
31.325
37.05
59.525
61.2
46.1375
45.1875
59.0375
74.825
84.6375
71.7
46.6125
28.2125
25.8375
27.0375
33.7
27.275
25.8375
27.025
28.58125
31.0875
37.05
36.575
23.425
23.9
16.25
15.775
15.0625
17.2125
22.9625
18.1875
20.21875
20.575
29.8875
34.65
30.6
30.85
30.125
29.65
41.6
42.575
28.6875
23.9125
36.5875
45.9
50.425
41.85
39.2375
35.6375
42.1
38.975
42.575
41.8375
52.0875
69.6875
70.69375
87.0375
84.65
65.2625
32.0625
29.65
38.4625
40.1625
45.675
57.825
39.2125
22.46875
21.515625
52.1125
48.9875
54.975
34.9125
44.7125
56.6625
50.6875
41.1125
43.025
23.925
15.775
18.51875
22.225
35.8625
35.15
32.0375
36.825
28.45
25.125
22.7125
22.225
18.6375
20.31875
21.753125
37.5375
40.3875
32.05
30.8375
33.7
31.7875
31.7875
31.7875
26.2875
21.5
28.10625
30.421875
39.925
47.0875
56.875
41.5875
17.95
19.6125
16.7375
22.9625
32.7375
39.95
48.39375
52.528125
58.3375
59.75
52.8125
29.3875
20.0875
25.5875
33.2375
45.6625
56.4125
47.575
50.8
57.9
73.3875
64.05
50.9125
35.15
35.8625
50.2125
69.3375
54.7375
48.0375
46.6125
44.11875
42.753125
45.6625
49.95
54.25
43.2625
26.0625
19.125
20.325
25.35
34.175
25.6
23.8
18.34375
35.1375
44
50.4375
46.85
56.9
48.3
26.5625
32.0375
38.7375
31.55
27.28125
39.209375
38.0125
45.1875
39.2125
36.35
35.9703125
46.6125
57.125
43.0375
42.8125
29.4125
32.025
38.14375
57.875
56.65
60.0125
50.675
42.3
32.525
40.875
33.7125
22.475
44.9375
63.21875
60.071875
54.5125
59.05
89.6375
58.325
49.975
42.7875
49
71.95
61.6875
60.0125
77.81875
103.346875
36.35
41.6125
47.8
90.11250125
66.2125
54.7375
54.975
70.5125
85.5875
42.55
16.60625
18.803125
37.0625
38.0125
38.025
51.3875
52.1375
62.8625
75.3125
78.1625
64.3125
73.3875
38.86875
56.115625
81.9875
89.425
80.55
68.3625
64.5125
56.4
58.3375
66.45
66.6875
41.125
34.775
39.78125
46.6
39.7
24.6375
23.675
33.4875
45.65
39.6875
35.15
29.9
50.6625
54.74375
61.565625
75.7875
69.8125
50.925
35.15
29.65
28.45
30.6125
28.4625
31.3125
28.7
32.875
38.19375
43.2875
54.725
41.3625
36.35
40.175
33.7125
37.0625
36.35
33.95
25.1
19.95
25.98125
40.175
38.275
27.975
24.1625
24.875
24.4125
28.225
31.8125
33
26.0625
18.16875
20.184375
35.15
24.875
21.2875
17.2125
16.8859375
11.975
14.35
18.4125
20.075
16.0375
9.94375
8.946875
27.0125
32.2625
27.9875
30.8375
24.8625
23.4375
21.5125
23.4375
34.2
26.05
20.0875
28.4625
32.025
41.35
34.6875
22.4625
20.8
21.5125
32.975
31.075
40.425
43.2875
41.98125
45.365625
50.9
45.175
33.475
24.15
15.3
11.975
11.975
8.125
8.4
13.1625
17.2
22.225
25.85
23.4375
23.9
14.6
10.075
13.875
28.4375
48.75
53.3125
56.1875
41.8625
46.85
57.6125
56.4125
54.5125
43.0375
51.8625
48.5125
45.9
52.325
48.2875
43.7375
32.975
34.79375
49.225
41.8375
40.175
42.1
36.1125
34.425
32.75
25.6
36.5875
37.3
29.65
26.44375
28.7
37.3125
27.4875
23.6625
18.6375
21.5
21.0625
16.725
22.9625
29.175
20.9125
20.71875
41.6125
84.1375
38.725
28.2125
25.825
16.275
29.15
55.925
69.075
63.5875
60.84375
70.334375
76.975
74.8375
73.4
53.55
37.5375
34.1875
32.5
53.0625
64.7875
47.8
57.71875
67.471875
84.3875
81.5375
54.5125
29.6625
25.6
18.6375
20.3375
29.6375
32.75
32.2625
39.9375
51.98125
70.2625
81.2875
56.4125
29.175
18.9
16.275
19.125
29.65
26.8
31.7875
35.975
39.5125
52.1
58.8125
49.0125
51.4
49.225
48.525
50.675
61.2
56.425
44
40.16875
35.984375
40.425
57.85
43.975
27.9625
23.425
25.09375
21.525
29.9
36.825
28.4625
24.78125
25.553125
35.625
40.65
33.9625
32.75
39.675
44
41.8625
30.6125
37.0625
28.6875
20.8125
20.93125
38.975
35.85
33.4625
28.2375
28.9375
37.5625
41.85
43.7625
42.1
33.475
28.45625
24.628125
37.0625
40.1625
36.35
36.8125
28.45
24.8875
28.225
34.1875
34.675
20.075
11.61875
14.409375
26.5375
30.8375
25.6
20.0625
29.6375
27.75
27.7375
21.05
19.5875
23.4375
20.79375
29.284375
46.8625
42.325
43.9875
26.0625
16.725
16.7375
16.975
21.9875
25.575
19.35
11.70625
8.959375
24.6125
62.8625
65.0125
54.9875
51.625
53.55
51.3625
55.2
63.3375
38.725
20.43125
19.159375
23.4375
30.3625
32.9875
34.175
28.4625
23.2125
16.0375
15.0625
16.975
19.8375
12.2125
19.85
36.5875
55.2375
53.075
25.8125
30.8375
16.9625
17.925
21.5
38.7375
21.5125
18.65625
21.171875
41.8375
40.4125
31.55
29.175
24.6375
20.55
17.2
21.75
28.7
18.8875
9.825
10.43125
23.9125
27.2625
27.275
26.5625
26.5625
22.0125
24.4
44.9375
37.55
19.85
11.7375
11.61875
19.3625
23.675
28.6875
19.825
18.1625
17.45
19.35
15.0625
12.2125
20.3125
27.0375
38.9625
40.175
42.8125
27.975
21.0375
17.925
17.4375
16.25
13.15
15.5375
21.75
25.01875
36.303125
51.625
38.5
19.8375
19.825
17.2
20.075
17.925
23.6625
26.075
20.1
14.825
12.56875
21.9875
28.9375
17.2125
14.1125
13.875
13.4
12.6875
15.5375
15.478125
14.825
12.2125
7.76875
18.65
36.8125
30.3625
22.95
21.0375
25.3375
28.9375
42.3125
51.85
42.325
44.475
45.1875
71.0125
49.95
28.9375
26.525
19.575
17.4375
21.7375
38.25
34.4375
38.0125
35.975
33.0375
30.3625
46.3625
20.55
19.825
22.725
20.5875
21.2875
30.8375
32.5375
27.25
18.50625
18.921875
34.2
34.2
18.875
16.0125
14.1125
17.9375
17.4625
14.825
12.6875
19.3625
24.75625
24.696875
36.1125
39.25
34.4125
37.2875
23.2
21.75
21.05
16.7375
16.9625
21.775
19.8375
45.29375
57.375
51.4125
37.8
44.9625
36.8375
34.6625
34.1875
54.75
51.1375
36.575
41.1125
52.8125
46.8625
46.15
54.25
64.0625
60.4875
62.875
69.1322265625
81.97763671875
74.1
49.9625
44.825
60.6625
70.0375
79.6125
42.5625
23.1875
35.1625
30.85
28.7
36.125
45.675
32.9875
24.75625
29.959375
30.6
22.95
20.775
26.55
23.2125
24.4125
64.55
62.6375
33.725
21.2875
26.3125
44.475
39.9375
39.7
26.5625
28.45
33
35.1375
41.5875
43.9875
51.625
54.7375
41.11875
40.284375
51.1625
59.2875
48.05
28.2125
28.45
23.925
22.025
21.05
17.6875
16.4875
21.16875
43.678125
49.725
37.3125
34.6625
26.325
23.925
19.1125
23.6875
19.85
21.7375
15.7875
17.81875
13.353125
22.9625
29.8875
53.775
60.7125
64.3
48.2875
33.95
35.875
32.7625
20.8125
12.6875
16.0125
23.675
34.9
42.8
32.0375
25.6125
22.9875
21.5
32.75
59.0375
51.3875
21.65
19.05625
35.375
35.1375
34.425
35.6125
30.8375
23.4375
24.625
25.1
28.225
37.2875
41.8625
40.4375
51.65
53.3
32.5125
37.5375
32.9875
28.9375
22.7125
28.4625
34.1875
34.1875
26.68125
28.7890625
50.7
44.925
39.2
42.5625
37.5125
35.1375
26.325
27.9875
30.125
21.0375
19.60625
22.621875
30.1375
59.7625
56.65
46.375
43.5125
38.9875
27.5125
18.4125
22.975
31.575
31.55625
50.790625
55.225
58.575
62.875
37.3
34.675
42.325
45.175
51.85
46.375
55.4625
54.4875
62.51875
75.05
75.7625
58.8
47.325
45.425
51.1375
62.1625
50.2
49.2375
41.1375
25.8375
37.41875
53.5375
55.7
46.625
38.975
34.65
35.4
34.4125
33.2125
33.7125
41.125
29.53125
21.215625
25.35
34.175
35.125
39.925
45.6625
32.2625
36.1125
47.8
44.4625
33.25
28.3375
39.98125
58.0875
66.9
63.5875
56.9
49.725
29.9
24.1375
30.375
48.7625
24.1625
20.8125
27.275
28.225
28.6875
33.4625
30.125
21.7375
22.7
32.5125
32.9875
19.8375
13.1625
23.5625
54.58125
102.5625
82
61.1875
41.3625
35.1375
37.5375
49.4625
50.6625
45.425
44.475
45.18125
60.709375
64.525
61.925
51.4
40.9
33.7125
35.8625
37.0625
41.3625
56.8875
54.7375
53.075
62.28125
85.35
92.025
37.05
28.4625
25.3625
24.625
28.284375
22.725
34.675
33.95
24.15
32.65625
61.6625
59.525
59.9875
41.1125
34.9125
35.1375
32.025
37.775
38.9875
32.2875
18.98125
23.484375
49.7375
39.225
22.475
25.6125
22
22.7125
18.6375
20.5625
31.55
17.7
12.09375
20.371875
31.075
37.7875
36.5625
36.825
55.2125
44.475
46.8625
43.5125
47.325
51.15
40.875
55.58125
59.5125
57.8375
49.5
41.35
58.3375
47.3375
66.4375
73.4
80.5625
66.4625
54.95625
55.221875
67.4125
64.0625
60.725
52.6125
41.85
28.2125
24.375
26.7875
32.5125
41.6
14.1125
24.375
50.2125
48.7625
36.1125
24.6125
17.4375
18.8875
18.65
15.0625
15.0625
15.5375
13.1625
14.35
22.7125
26.5625
28.9375
23.45
27.7375
20.075
19.5875
36.1125
55.45
33
22.725
23.2125
38.9625
34.675
30.6
25.125
27.9875
27.7375
31.5625
31.075
33.225
23.4375
11.2625
16.63125
43.025
52.35
38.5
37.3125
43.75
31.8
40.425
43.275
58.0875
37.55
17.6875
18.9
43.75
58.0875
62.875
66.225
52.575
49.225
52.1
63.1
48.2875
41.1375
29.06875
20.609375
36.1
62.3875
40.4125
46.875
49.2375
49.025
44.2375
59.05
65.25
50.4375
33.4625
32.525
42.1
44.225
34.2
25.8125
22.475
24.15
32.525
25.3625
19.6
17.45
18.40625
24.853125
36.3375
38.0125
33.475
29.6625
19.125
26.0875
30.6125
40.6375
50.2125
37.3
41.71875
41.921875
43.2875
52.35
37.3
35.8625
32.7625
35.375
41.85
61.4375
74.35
64.0625
41.34375
52.096875
65.5
74.1
81.75
80.8
66.2
56.98984375
60.0125
66.225
70.05
60.9625
57.38125
47.934375
67.4125
60.9625
42.325
41.6
39.2
33.475
29.4125
33.7125
44.45
43.025
21.75
28.9375
32.75
43.5125
41.5875
32.275
30.125
27.025
27.5
27.0375
35.1375
25.8125
17.34375
24.565625
51.6375
63.35
61.8875
57.15
59.075
58.5625
62.15
62.6125
70.2875
54.05
40.175
50.54375
55.7
84.6125
68.3625
54.25
42.5625
42.8
54.25
52.35
39.7125
36.8125
28.10625
34.615625
53.7875
58.0875
61.675
43.525
39.45
36.575
23.675
26.7875
29.8875
30.6
28.7
34.80625
63.3375
56.8875
46.15
40.175
40.425
44.95
47.575
41.8625
41.625
31.075
18.26875
20.503125
24.8875
33.6875
39.7
52.8375
46.375
39.925
42.325
63.575
64.3
42.5625
26.325
25.24375
38.975
54.7375
54.975
55.2375
52.825
48.5125
56.65
59.0625
60.7375
51.875
50.31875
51.340625
61.675
77.45
59.275
63.575
51.8875
56.1875
45.9
53.075
62.8625
44.9375
28.10625
34.259375
41.6125
54.5
38.475
25.3625
25.3625
25.6
23.225
20.55
30.3625
26.075
14.35
8.03125
19.5875
21.525
34.4375
38.4875
34.6625
27.5125
25.825
22
19.1125
22.475
21.875
30.29375
44.7125
60.95
45.925
38.5
35.6375
30.8375
36.0875
39.925
50.925
35.3875
24.99375
36.528125
56.9
49.7375
49
42.5625
36.825
39.2125
33.95
41.6
46.85
40.15
40.4
51.65
82
63.3375
49
33.725
27.9625
32.275
22.975
32.0375
54.5125
56.45
55.2125
59.65625
73.625
76.2625
61.9125
32.5125
33.475
25.23125
23.544140625
26.075
32.9875
28.7125
21.90625
22.559375
33.9375
38.025
55.675
87.525
53.5625
46.375
39.2
43.7625
48.525
46.1375
26.425
13.9375
26.075
31.325
24.1625
23.65
15.775
14.5875
18.8625
24.6375
33.475
12.425
6.2125
7.9125
15.775
28.7
28.7
21.5
16.0125
15.775
12.925
14.5875
19.3375
18.875
19
19.76875
34.4375
52.575
43.4875
22.4625
17.925
20.325
18.65
20.3
21.9875
31.3125
22.4625
20.8
24.3625
25.1
16.725
16.975
19.6
34.9125
64.7875
65.2375
57.375
26.7875
28.56875
36.753125
86.3
87.7625
47.3375
24.15
25.825
25.3375
22.9375
23.925
36.1
27.7375
31.8125
46.85
60.25
72.9125
69.0875
50.6875
53.0625
71.4875
62.86875
50.4159423828125
40.175
41.625
45.44375
48.515625
53.3
73.625
51.65
38.9625
46.125
47.5625
50.6875
51.8625
53.775
45.6625
22.225
25.8375
34.4125
35.8625
38.975
30.6
27.75
32.7375
42.075
71.2375
97.775
99.925
55.925
58.325
94.45
92.2875
53.55
42.8
37.05
41.1125
50.675
68.125
59.05
51.4
56.06875
82.415625
102.0875
88.2125
72.9125
59.3
65.25
52.6
59.5125
88
76.9875
49
55.34375
68.184375
92.75
101.825
75.55
42.0875
40.65
19.125
27.4875
52.3375
67.8875
54.7375
47.3375
46.50625
82.725
124.8
106.3875
65.75
40.1625
39.2125
39.628125
51.8625
66.6875
50.425
26.08125
21.053125
58.8125
68.85
75.2875
72.6625
74.125
59.05
73.1375
82.2375
94.45
83.9125
70.15625
77.034375
95.1375
80.8
69.1
59.0375
55.4625
53.3
54.7375
102.8
113.0875
94.6875
79.46875
88.403125
127.675
109.7125
93.7125
80.1125
63.125
38.0125
31.325
44.2375
54.5
45.6625
43.16875
55.865625
91.8
80.5625
47.3375
26.325
25.6125
25.8375
27
31.7875
53.05
60.7125
56.76875
71.190625
51.8625
49.025
56.175
47.8125
32.0375
34.2
39.2125
46.375
40.65
24.875
20.93125
29.234375
43.2875
61.675
64.7875
57.85
53.775
54.5
46.3875
61.425
70.0375
44.7
29.65
50.55625
86.55
102.8125
78.6625
55.925
46.8625
33.225
32.5375
37.05
87.2375
67.425
37.43125
38.428125
42.075
55.95
60.975
38.75
27.0375
33.25
28.7
32.2875
54.5125
46.3875
22.35625
21.596875
36.3625
46.15
54.025
52.1125
48.5375
54.4875
48.775
55.925
76.7375
58.0875
46.73125
44.178125
58.0875
77.925
66.225
39.4625
25.3625
31.075
33.7125
40.425
63.5875
47.825
24.3875
34.4125
20.5625
24.15
26.325
14.6
10.5375
8.6125
13.6375
8.8625
19.1375
30.85
27.03125
34.803125
37.075
18.65
19.125
12.6875
5.725
9.5625
13.6375
12.45
21.5375
17.9375
11.2625
18.06875
34.9125
49.5
54.975
45.9125
41.35
36.325
34.9
44.25
64.775
56.15
43.64375
53.240625
72.6625
105.20000125
113.55000125
71.7125
47.8
54.63125
53.596875
54.2625
64.3
59.3
62.3875
78.54375
108.30000125
118.6
109.7375
99.225
77.4625
63.8125
76.2375
85.1125
103.75
85.325
51.3875
66.2125
98.5
95.375
95.6125
90.375
75.7875
66.6875
76.7375
90.3625
93.4625
77.6875
71.21875
74.221875
87.9875
74.825
56.175
47.55
38.2375
34.2
46.3875
45.2
55.2125
32.75
20.79375
24.509375
36.5875
45.175
44.7125
37.775
31.8
31.3125
21.775
27.75
43.2625
49.9625
93.83125
76.578125
83.925
93.4625
76.275
45.65
30.375
38.975
84.375
104.475
80.075
80.0875
97.8875
108.11875
100.875
102.3125
94.925
82.2375
63.5625
54.5
60.975
70.05
59.7625
47.1
53.2875
66.4625
76.5
90.3625
74.1125
48.2875
40.9
36.5875
41.375
62.4
47.575
39.475
37.4
42.01875
60.725
70.75
87.725
57.3875
40.8875
41.6125
35.875
58.0875
69.5625
50.9
57.24375
64.346875
62.1375
71.95
63.1125
43.7625
38.725
39.2
32.7375
35.6375
39.675
21.05
21.63125
39.034375
72.9
101.375
102.575
54.2625
57.125
64.075
77.7
92.2875
76.2625
62.6375
68.3625
76.5125
86.3125
89.1875
77.4625
61.9125
48.75
40.175
38.4875
40.175
67.8875
71.25
75.91875
86.265625
91.325
81.5125
70.9875
53.7875
41.625
39.6875
43.7625
41.85
32.2875
21.0375
21.0375
26.7875
58.0875
75.7625
73.6375
36.35
23.425
20.3
24.6796875
54.975
60.6875
37.7625
22.7
35.6375
53.0625
65.25
69.8125
32.275
21.275
27
35.8625
47.8125
54.0375
19.125
19.4625
21.4625
24.875
38.0125
59.775
91.325
61.6625
47.5625
43.7625
60.225
55.9375
26.05
19.21875
19.078125
40.4
71.475
76.2625
70.275
47.6
37.55
38.0125
51.8875
59.525
28.4375
20.0875
27.5125
30.125
31.075
29.4125
34.4375
39.475
51.15
65.475
64.3
67.9
54.0375
31.90625
44.628125
55.9625
60
56.65
45.1875
27.975
32.2875
38
52.325
56.1875
57.6375
62.98125
72.246875
78.8875
86.075
91.0875
74.35
52.825
36.3375
40.8875
58.575
61.675
57.3625
64.5125
69.075
76.975
88.2125
75.0625
58.575
54.2625
44.475
38.9875
37.5375
36.1
23.4375
23.4375
29.8875
35.3625
33.7
28.4625
31.55
27.0375
18.15
14.825
14.5875
19.125
3.825
3.5875
5.7625
17.475
26.0875
29.9
31.325
27.5
24.15
30.125
33.7125
40.4
14.6125
15.9
25.2875
23.6875
40.9
54.2875
62.8625
59.5
53.5375
53.3
78.4
68.3625
51.15
56.99375
69.265625
76.2625
81.975
74.1125
70.7625
55.4625
41.6
48.5375
88.6875
65.725
23.1875
13.175
12.09375
22.95
28.2375
34.925
23.4375
15.7875
23.45
21.75
26.55
37.0625
54.0125
44.725
38.6125
42.575
48.0375
35.375
11.025
8.65
10.5375
20.0625
50.45
63.8125
26.0625
6.5625
13.8125
24.8875
39.6875
48.2625
42.325
32.05
28.4625
47.575
66.4625
73.8625
74.8375
82.725
74.95625
78.875
84.8875
68.8625
24.15
8.625
5.9875
7.675
18.9
47.0875
14.125
7.4125
10.18125
19.6
27.275
33.4875
38.75
36.0421875
39.725
31.3125
40.1875
31.825
9.5625
8.3625
24.03125
61.4375
69.0875
65.9875
45.9
16.25
16.025
35.8625
62.625
54.7375
47.3375
58.925
53.95625
54.2625
43.2875
47.5625
39.4625
41.15
46.375
37.55
43.525
46.15
25.575
39.43125
68.728125
78.875
76.025
69.575
33
26.7875
21.9875
20.0875
25.8375
39.95
45.65
44.575
59.83125
68.375
57.6
56.4125
38.4875
27.975
21.5375
29.9
49.2375
44.95
36.8125
39.425
59.63125
71.475
78.875
62.1375
40.175
32.2625
40.8875
53.775
73.65
60.0125
55.45
59.0625
67.4
77.925
85.85
84.175
62.4
40.875
28.9375
35.625
53.075
50.2125
18.875
14.70625
18.090625
31.3375
43.05
62.875
54.2875
26.3
28.6875
24.6375
38.2375
42.3
16.0125
11.84375
15.478125
26.8
32.025
52.5625
50.4375
35.15
22.475
21.9875
24.625
22.4875
7.65
8.99375
20.978125
34.6625
38.75
44.9375
42.575
38.025
38.725
45.65
59.7625
58.8125
19.8375
15.3
20.5625
30.3625
43.525
58.8
87.025
65.0125
42.0625
36.8
41.15
42.575
30.8375
15.0875
12.09375
13.4
27.95
37.075
24.1625
13.1625
12.925
15.3
20.325
23.4375
14.35
16.9625
17.79375
31.7875
32.2875
46.15
24.125
15.775
17.95
29.175
40.2
30.3625
13.4
11.4875
19.6125
33.6875
43.75
57.6
59.9875
50.425
62.625
69.0625
63.1
65
33.4875
14.1125
11.975
20.075
31.1
25.125
20.8
20.325
15.0625
19.125
27.025
23.675
13.8875
11.2625
12.56875
20.075
31.325
55.2125
48.0375
44.7125
33.2328125
23.45
35.15
42.075
17.925
12.56875
17.878125
38.2625
58.3375
70.975
46.875
21.2625
24.4
23.9375
42.325
54.9875
27.5125
41.49375
46.553125
56.175
62.15
71.2375
68.8625
50.2125
48.025
50.4125
47.0875
44.475
44.7125
46.25625
49.878125
54.9875
59.5375
62.15
57.85
44.475
39.925
44.95
57.875
52.1
51.3625
50.31875
57.328125
49.95
54.025
65.0375
60.0125
45.6625
43.7625
55.9375
63.575
60.9625
52.125
46.24375
51.078125
52.8125
56.1875
47.325
43.2625
24.375
22.975
24.175
33
39.7
20.8
10.19375
11.653125
21.75
30.125
38.0125
49.025
44.2375
37.7875
33.7125
45.6625
48.5125
35.3875
25.9625
23.61875
49.9625
54.0125
58.0875
47.3375
31.0875
31.55
25.125
44.475
35.6375
7.8875
2.6125
6.31875
22.475
25.35
28.9375
34.9
30.6
31.7875
35.625
34.61015625
22.282421875
5.4875
3.44375
6.984375
20.325
29.8875
36.8125
41.8625
35.1375
29.6625
26.5625
26.3125
18.6625
9.8375
10.55
17.7125
22.4875
30.8375
42.05
37.775
22.475
21.2875
25.125
32.025
18.4125
7.9125
13.40625
81.3374267578125
86.0813961982727
86.0999273288995
86.0999997161285
86.0999999988911
86.0999999999957
86.1
86.8125
81.525
58.0875
27.7625
20.66875
25.159375
31.3125
43.0375
59.775
54.25
47.325
64.55
77.6875
99.6875
80.5875
50.4625
36.23125
47.621875
56.8625
41.6
41.3875
28.4625
19.825
15.3
13.6375
48.0375
60.4875
25.825
17.9125
26.41875
44
47.8
60.725
61.9
39.925
31.0875
34.9
61.675
43.275
19.35
16.0125
16.725
22.225
32.5
43.7625
44.475
47.8125
47.575
69.3375
95.6125
101.8375
49.475
29.55
21.69375
43.0375
27.25
78.8875
80.35
56.175
51.625
40.6375
36.5875
29.4125
30.6125
37.5125
53.2875
55.95
46.8375
43.5125
54.75
35.8625
31.55
35.625
33.475
14.8375
11.9625
8.8625
11.025
14.5875
19.35
25.8375
27.0375
29.4
27.5125
34.675
49.2375
58.0875
36.0875
39.825
32.575
61.425
50.4375
40.6375
51.15
44.2375
50.6875
62.3875
80.325
67.4125
22.225
11.3625
17.9875
41.1125
55.4625
50.2
57.625
44
37.55
42.325
61.2
55.4625
33.2375
34.30625
44.628125
51.6375
53.775
47.0875
52.0875
46.85
52.35
70.0375
81.2875
57.6
22.95
12.925
15.5375
30.1375
46.1375
46.6125
46.85
27.975
24.8875
26.5625
36.1
32.3
12.6875
8.8875
12.80625
25.3375
33.2125
35.6
35.6125
42.3
88.45
77.7
65.25
51.1625
32.5125
27.63125
27.690625
40.65
39.925
42.8125
48.05
31.075
27.5
37.7875
30.1375
19.8375
13.6375
12.33125
12.153125
20.325
35.15
45.425
63.35
69.5625
73.1625
78.65
111.9
111.16250125
69.55
57.875
67.04375
63.3625
31.8125
39.95
47.3375
31.1
16.4875
25.8375
52.1
34.675
11.7375
8.74375
23.984375
51.625
49
57.85
60.2375
57.6125
54.25
62.6125
69.5625
48.525
21.05
16.6125
29.35
48.3
52.5625
59.2875
59.525
36.1125
26.3
36.5875
52.1125
37.0625
17.9375
18.875
29.4125
45.1875
54.0125
56.4
56.9
43.275
35.6125
32.45546875
41.3625
27.975
7.8875
8.01875
18.590625
32.9875
42.55
32.975
25.85
23.925
19.5875
16.25
14.5875
13.1625
21.2875
19.3625
33.4875
44.25
58.3375
61.9125
45.9125
22.7375
19.575
23.175
34.675
32.7375
16.4875
15.3125
27.5125
42.0875
48.05
63.1
66.4625
63.825
74.5875
93.475
128.6125025
85.125
52.3375
53.30625
56.546875
59.9875
62.15
71.25
68.3625
62.375
54.9875
54.25
65.75
54.275
29.425
28.81875
28.8182861328125
28.7004620552063
28.7000018049031
28.7000000070504
28.7000000000275
28.7000000000001
28.7
28.7
28.7
28.7
28.7
28.7
28.7
28.7
28.7
28.7
28.7
37.5375
55.4375
54.975
56.9125
57.625
41.825
40.40625
45.665625
53.5375
52.35
60
59.3
66.9125
64.525
58.55
60.9625
67.425
42.0625
53.19375
51.459375
63.3625
73.625
76.9875
71.475
61.9125
70.5125
61.9125
50.675
41.825
35.85
37.05
41.5875
48.775
46.375
54.4875
59.775
54.75
58.0875
62.625
95.375
67.4
31.0875
36.21875
49.771875
62.15
70.2875
85.1
88.9375
72.1875
60.9625
58.1125
53.55
44.7125
43.525
36.69375
46.328125
62.6125
69.5625
70.525
77.45
74.35
65.5
67.175
87.75
80.0875
60.7125
53.66875
62.565625
70.275
82.95
83.175
94.1875
78.9
66.9375
61.4375
82.475
81.9875
50.6625
48.39375
63.990625
65.725
68.35
67.875
66.2125
59.525
53.18125
54.18828125
56.4125
50.6625
48.275
51.74375
58.740625
72.9125
67.65
63.3375
65.975
75.55
58.7875
71.2375
65.275
55.925
39.45
32.525
44.475
48.7625
50.425
57.375
65.7125
68.3625
56.4125
53.2875
45.425
44.475
42.575
45.425
49
53.7875
62.625
68.125
78.1875
67.9
60.7
70.0375
85.5875
63.6
56.1875
57.98125
62.921875
65.7125
74.3375
73.8875
65.4875
62.6375
71.475
82.9625
92.0375
81.2875
65.95
66.68125
68.696875
78.4125
75.55
73.1625
73.875
60.725
61.675
63.1
67.8875
65.7125
56.425
61.675
63.69375
75.55
78.875
87.525
81.05
81.775
69.3125
80.0875
88.225
71.2375
62.4
60.725
80.90625
124.08750125
142.96249875
136.025
119.78750125
104.225
113.325
143.6874975
123.82500125
105.6625
98.9625
98.73125
102.315625
