"x"
60.3625
34.5875
25.175
15.7875
13.4125
10.4875
10.5
12.5375
18.4
21.725
24
29.253125
28.2
20.2
11.0875
10.7125
8.725
11.0875
7.4375
13.7375
27.1625
31.6625
38.975
48.64375
45.525
17.775
15.725
12.7125
9.65
8.3
8.35
16.25
45.8125
34.3125
40
43.50625
30.425
22.15
23.3625
17.25
9.0125
8.3875
9.8875
11.625
23.9625
26
20.5375
25.175
19.8125
18.725
26.825
20.2875
15.2125
14.325
19.05
29.3
36.0625
44.65
51.325
40.66875
43.1
29.4
23.5125
20.1375
16.4375
12.0625
16.675
22.8875
24.4
11.1
10.6625
11.375
23.025
25.825
56.7875
25.575
16.9
17.05
36.2375
48.7125
38.6
21.9875
11.3875
12.334375
24.1875
39.825
28.775
33.6375
34.375
22.6875
38.95
67.4625
81.275
92.225
75.3625
80.6
53.3
58.2375
60.4875
40.7625
24.9
16.4
31.925
52.825
69.6375
49.3125
55.3875
68.053125
75.675
75.3
42.5625
23.4375
18.0125
21.525
23.3
25.1875
50.775
33.7
26.15
23.121875
35.125
48.8
40.925
23.4125
21.3625
17.15
20.9375
22.725
31.65
29.525
18.375
24.36875
39.3875
47.0125
43.7125
34.2375
30.05
31.475
79.1375
109.1875
80.55
58.0625
42.275
32.36875
30.9375
32.8
42.0875
32.1875
19.55
18.075
30
49.825
45.175
38.3875
19.7875
13.2875
23.3375
34.1875
32.9125
28.8125
22.3375
20.0875
26.3125
46.1125
50.6625
46.325
51.3125
54.1875
48.275
33.7875
24.9625
27.575
28.3125
21.9625
22.65
41.675
27.3125
37.2625
42.65
58.60625
58.825
53.6
41.5375
12.225
11.25
15.7625
14.725
14.5375
20.8875
27.3375
24.3375
31.296875
24.7625
28.075
28.7875
22.175
18.4
17.9
24.8375
30.125
29.2375
14.8125
9.65
11.153125
36.7375
53.0875
51.75
47.8875
35.4625
24.9
26.45
27.0375
22.3125
11.625
10.4125
13.696875
19.45
28.4125
35.1625
42.5625
44.9125
44.9
41.6875
44.375
26.5
9.875
6.775
7.765625
6.7875
14.1625
17.625
16.8375
20.8625
45.0875
56
46.425
52.4875
31.0375
24.8375
33.546875
38.75
36.325
41.0125
34.55
22.9625
16.825
22.875
31.35
36.6875
31.0625
33.4
43.821875
47.075
52.2375
44.7375
33.4625
27.5375
23.55
21.9625
26.875
14.85
8.1375
7.4375
17.659375
27.1125
23.2125
18.95
17.075
13.175
14.6375
13.0375
11.3875
13.325
6.7125
9.375
12.809375
23.6375
31.775
33.475
24.5125
22.1375
19.2125
19.3125
23.125
24.025
15.4875
17.125
19.76875
35.1125
44.6875
40.3125
35.3375
25.85
17.2375
21.2875
27.825
29.175
14.3625
15.8
19.890625
29.1375
43.55
47.3875
44.2
46.08125
44.815625
58.3375
64.075
53.6875
27.5125
20.55
35.53125
60.975
65.625
55.8875
42.0375
27.5625
24.925
33.2375
21.0375
18.9625
17.3625
22.0625
29.321875
46.975
43
42.4
40.6875
43.925
43.6375
42.8625
45.2625
41.325
42.975
44.5
48.34375
47.3625
49.675
58.9375
81.9125
63.4
81.5
69.8125
60.2125
50.1125
48.5125
55.35
60.14375
65.8875
65.8
64.5
69.1125
58.7625
50.6375
50.8375
62.9
72.3875
54.0375
58.05
62.175
62.675
70.65
72.3
68.0375
52.3125
44.65
49.725
67.1375
57.8
36.25
30.5875
44.940625
55.375
52.825
58.95
58.325
43.0125
39.7375
41.125
40.9125
36.05
15.7125
17.375
19.7375
31.0625
32.5125
35.7625
34.9875
35.325
29.1375
33.0125
35.875
36.1
27.1375
26.875
27.990625
33.0875
38.4875
42.0375
38.375
39.425
42.6625
42.8625
42.4625
46.6
48.3625
50.475
50.95625
53.1125
54.675
54.1125
53.225
45.1875
44.275
45.875
48.85
46.0875
45.0125
48.225
47.540625
47.7125
46.9
45.6
44.65
44.95
46.2875
46.1
48.6
47.2875
44.1
44.9625
41.503125
50.75
52.3875
50.225
48.9625
50.2125
49.71875
50.075
51.6625
55.2875
55.775
58.475
60.29375
59.9
61.35
59.575
57.3
50.475
43.275
42.675
46.9875
47.5375
46.35
48.3
52.84375
51.825
50.2
49.6125
49.8
45.4875
39.4375
33.05
35.775
34.7625
28.025
24.075
28.6875
38.675
43.725
50.2
56.6125
44.1625
34.55
31.3625
43.3
34.075
19.8
23.575
32.890625
36.475
31.275
28.65
26.825
29.175
33.5375
29.2
29.4
23.2
14
13.6375
21.06875
25.3625
23.875
31.4875
31.125
30.9
31.8375
36.5625
37.8375
31.625
11.725
12.775
19.35625
25.7875
32.1625
32.75
35.5875
37.475
36.5625
34.125
37.3875
31.2125
21.775
26.7
31.628125
41.65
48.35
55.125
56.8
33.5875
28.5125
34.025
50.0625
50.6125
27.325
20.4625
29.471875
35.9375
47.6
59.5875
59.825
50.1875
51.5
59.55
56.225
57.8875
48.3375
50.675
55.284375
58.5375
67.2375
74.8375
63.2375
54.45
47.35
56.3875
59.7
52.1125
27.725
19.375
28.259375
40.4875
47.1625
52.65
48.1625
23.45
17.0125
20.825
32.15
25.175
10.225
6.875
8.028125
12.5125
20.4375
28.6
28.8
18.1125
20.35
30.4125
27.7125
22.8375
14.875
23.975
38.209375
49.35
60.975
66.175
58.0375
51.425
48.05
51.4375
45.5625
37.725
33.775
50.15
54.85
49.975
55.025
52.9375
54.025
53.2
39.9125
45.95
59.8375
64.0625
44.775
52.1
69.425
70.6
75.8125
73.35
61.675
33.85
27.0875
31.66875
59.7375
53.7125
28.8375
25.2375
35.490625
47.4625
51.3875
52.625
53.05
41.675
36.5375
39.8375
43.25
31.825
18.925
17.125
33.5125
52.05
61.425
70.8875
75.275
38.5625
32.9
80.8
70.2125
63.3875
63.325
61.825
57.140625
47.9125
53.3375
57.2625
53
50.975
41.8375
41.5625
47.3125
45.2625
42.9625
45.7625
58.475
64.7125
75.1625
84.6875
70.775
58.375
36.5125
30.7375
57.6875
56.2125
43.4375
44.15
54.21875
59.175
64.325
71.3
71.7125
42.575
51.225
45.2
49.7875
53.7875
45.5625
43.65
31.728125
49.1625
65.05
67.525
76.1875
58.4
45.4125
38.2
62.7875
55.175
25.0875
25.25
32.5125
60.6125
81.2
77.4875
49.9625
58.7875
45.3
50.8625
49.225
47.6
35.525
37.2375
49.9
42.8125
42.825
45.65
45.95
42.275
38.29375
38.6572021484375
38.8990515708923
38.8999962951988
38.8999999855281
38.8999999999435
38.8999999999998
38.9
38.9
38.9
38.9
38.9
38.9
38.9
38.9
37.5875
28.75
27.7
33.821875
40.9625
53.6375
62.3625
70.0375
78.475
139.112495
140.24999875
98.3
64.5375
45.65
39.425
39.859375
46.775
49.5
44.425
41.0125
33.1375
28.875
32.5875
35.2875
35.75
35.2375
38.9375
42.6875
41.3875
40.725
41.45
46.475
54.4375
55.975
48.3
44.2625
41.55
42.65
37.0375
40.978125
49.5
67.4125
74.725
69.9
49.9125
32.7375
49.1625
65.825
57.2375
38.55
42.1125
57.58125
50.975
53.075
69.8375
59.85
41.40625
24.65
30.9875
26.8
16.1875
15.7375
34.2875
42.165625
32.0125
47.85
69.2875
70.175
41.8125
26.525
40.9
68.625
55.3875
38.3625
38.425
54.359375
67.3125
57.85
62.7625
64.325
33.3625
35.1625
30.5
51.3625
48.3125
16.7125
14.9875
20.6
29.925
45.15
53.525
46.725
26.775
24.325
23.825
52.6
44.125
19.7875
26.6375
47.825
52.95
43.4375
42.425
43.075
26.775
33.6875
47.8
31.4125
32.9625
34.375
40.2625
44.265625
64.825
73.95
71.425
63.675
40.875
35.425
35.875
42.7875
44.925
20.6875
16.75
19.921875
22.225
32.075
31.45
30.65
30.5625
36.5375
38.5375
49.9625
48.7
32.325
37.4375
46.15625
52.4375
60.825
64.0125
54.2375
34.1625
25.4
21.3
41.8375
53.125
23.8125
13.425
15.4625
22.675
40.925
60.925
67.6375
51.05
46.55
43.3625
37.0125
22.0375
9.0375
10.3125
18.084375
26.4625
38.125
43.8625
54.6375
43.0625
41.1375
51.025
64.9625
82.9
66.0125
46.5
60.184375
63.8125
78.875
83.65
71.975
46.45
21.875
24.8125
50.85
44.95
17.8625
19.3125
43.25
54.6875
61.55
62.325
45.1625
17.075
13.525
16.85
15.275
16.15
6.4625
5.525
7.634375
15.1
34.9
50.3125
50.3125
49.7125
52.2375
47.9625
38.075
37.725
23.3875
15.725
22.8375
24.8875
25.725
40.9625
40.0625
46.7125
32.6625
35.775
47.775
44.8125
33.7
50.125
59.071875
67.625
69.9625
71.8125
73.3375
69.034375
63.3625
60.575
63.6
52.95
36.975
38.0625
41.70625
47.425
55.2125
59.325
56.15
49.9875
46.7625
39.7875
41.7625
39.0125
19.1125
18.875
33.271875
43.1
48.3125
50.0375
53.25
30.2625
32.325
34.2375
44
65.7375
59.9125
63.4375
66.06875
78.3
85.25
92.425
64.2375
17.6875
17.5
25.9125
49.6
49.0875
17.9875
14.8375
15.35625
23.325
23.85
17.05
8.875
4.175
2.2625
0.2875
-0.35
0.25
-0.2625
1.65
10.284375
22.3375
65.75
64.1625
42.5
16.1125
8.2875
9.5625
9.925
14.15
7.6875
2.825
2.99375
4.6
12.1125
29.3625
30.3875
23.325
23.5625
17.175
28.3
35.5875
15.8625
15.75
24.928125
44.5375
53.25
60.8125
46.8625
29.25
31.95
57.5
86.775
63.7
40.425
24.75
23.946875
26.975
31.9875
46.225
34.7625
19.4
11.1875
11.1
20.4375
35.6125
15.8875
6.6625
8.159375
11.0375
27.2875
43.125
42.0625
31.6125
28.2625
37.9
46.85
46.2875
27.425
15.5
20.89375
39.425
63.675
70.05
53.4625
27.3875
25.475
51.7875
72.35
60.6
47.5125
47.15
44.2875
52.2625
50.35
27.2875
53.0625
52.675
59.3625
62.15
65.0375
61.7375
57.2375
43.4375
52.028125
65.9625
77.1875
77.6875
65.65
26.8125
21.925
36
47.9375
46.0625
47.5125
46.725
51.471875
59.45
67.95
75.1875
63.8875
36.075
36.1625
51
55.1875
50.8125
39.225
39.125
47.10625
54.375
59.6625
63.9625
62.95
33.45
31.15
31.9625
41.4375
48.2625
42.6
35.6125
26.971875
29.8
36.8
41.1
37.8
26.3125
22.3125
23.125
30.1125
39.9125
21.9875
12.225
11.440625
16.3875
23.525
26.9875
33.5375
48.6375
50.6875
50.15
55.7625
52.6375
35.825
35.6375
36.85
41.6125
39.3875
49.225
52.8875
47.675
37.9875
32.625
39.6125
40.3
23.875
17.9
21.3
20.725
31.175
32.0125
36.2
44.7875
53.5875
59.425
56.825
41.6625
33.275
39.5625
47.196875
54.675
64.3625
68.5125
52.7
31.675
33.0875
41.7875
47.9
50.0375
50.1625
51.75
55.5
61.5625
66.4625
65.6375
55.95
42.8
33.4625
28.9875
34.95
45.075
39.9125
37.2125
41.153125
44.35
44.575
46.5
44.3625
39.4375
32.1125
31.4875
35.0375
39.075
36.3625
30.55
39.246875
49.4125
51.4
56.425
49.15
35.1375
30.3625
30.6875
44.25
53.2625
49.1
48.9125
51.325
52.6125
51.575
49.95
45.6625
23.4375
18.8875
20.25
58.8375
57.7125
41.575
41.5
49.146875
54.325
65.4125
73.0375
70.925
65.8625
71.475
79.7875
69.8375
56.175
42.2125
41.0625
46.1625
47.85
44.7125
36.1875
30.8
15.0875
12.3375
10.875
9.425
8.425
5.7625
6.95
12.8875
17.2
21.65
39.55
35.475
21.6125
20.7875
29.3375
37.4375
37.15
36.825
41.7125
48.5125
53.625
58.9
61.3
48.4
23.9875
19.728125
34.9125
58.8125
50.9375
40.65
40.9375
47.46875
53.8125
63.525
65
56.6875
25.95
18.5875
20.775
41.4625
49.725
24.825
19.0375
22.31875
43
63.1125
65.8625
44.675
35.25
40.25
55.95
79.7125
65.025
55.7
57.85
73.090625
80.1
82.775
95.525
93.5375
67.35
78.0375
104.9
100.4375
64.175
46.1875
48.7125
56.91875
62.5625
73.575
84.5
64.1875
35.425
33.45
54.2
83.3375
58.025
38.3375
41
51.825
57.8375
68.85
65.7375
28.725
15.525
14.025
27.4
49.6375
35.9375
30.0625
31
40.68125
45.75
58.0375
68.2625
45.7625
33.1125
49.425
60.4125
67.325
45.2375
37.4
46.5375
52.478125
60.8875
60.1375
58.2625
53.025
38.6375
33.8625
38.7375
39.7875
42.025
40.3
50.5125
50.44375
53.275
56.075
62.6875
38.225
18.3125
13.7125
12.725
20.7
44.1125
22.6125
15.85
25.078125
39.3875
59.0375
69.275
48.9875
32.1625
22.2125
33.1875
45.5125
56.025
38.0875
24.6375
27.865625
40.2
50.9625
55.6625
39.5875
25.475
19.9
16.6125
29.1375
44.775
25.3875
12.1625
15.546875
26.1375
35.425
32.975
22.9
18
15.1875
15.15
18.2375
23.3375
11.9125
6.5875
7.2875
11.7125
13.8875
20.375
13.4
10.4875
11.9375
13.4375
12.8125
20.075
13.15
12.425
28.89375
67.9125
71.4625
71.9875
34.45
14.55
15.7125
19.075
31.85
40.9125
37.125
38.3625
59.415625
59.0125
65.675
63.375
37.475
26.9125
19.9625
20.65
48.4375
50.5625
29.7375
18.325
24.88125
34.2125
52.1625
65.225
42.2
23.1
16.05
20.5
31.6875
50.2875
27.5
18.2625
18.11875
28.2375
41.3875
43.125
41.3375
26.4375
19.7375
25.925
40.7
50.125
29.5625
20.6375
27.971875
36.7125
38.4375
43.325
58.8875
45.5375
30.65
26.2
32.825
42.7
26.8375
22.8375
28.55625
29.4125
34.9375
38.2375
28.3375
24.55
20.0625
21.4375
33.425
47.1875
28.5375
19.025
21.396875
23.1
25.325
21.525
16.8
11.7125
10.375
11.65
10.775
9.2375
9.4125
9.6625
12.846875
13.25
12.55
17.7375
19.9625
16.65
15.0375
19.7375
27.2375
23.775
13.4875
11.8125
18.43125
27.1375
34.7125
41.9875
32.3
23.5125
21.55
24.725
33.1125
41.15
33.925
26.65
30.759375
34.0625
42.3625
43.8875
28.45
23.6125
24.7375
27.8625
34.1
49.7125
39.225
28.0375
26.66875
28.0875
25.775
34.65
26.0875
25.725
23.75
23.975
52.7125
46.6375
31.2875
36.875
46.8
57.7125
64.2125
68
35.65
17.7
18.9875
18.7125
44.65
37.375
30.7375
23.4625
34.175
22.8375
24.1125
39.2875
51.8
56.325
31.5
37.4125
46.3375
44.7875
36.925
31.925
38.953125
44.3875
52.5
30.575
20.05
15.4625
17.275
24.9
45.75
34.5
29.025
37.4125
40.384375
30.575
38.15
31.5375
14.4625
9.925
9.0125
19.4375
24.05
21.725
12.2125
10.7875
16.975
20.05
16.7375
19.85
16.2875
10.5
13.6625
16.775
25.15
30.25
13.125
12.025
15.46875
26.7125
32.375
33.0125
22.55
22.6125
25.35
39.0125
53.825
47.1
44.6375
56.9625
76.384375
83.9375
70.8375
53.85
60.0375
35.8
22.875
32.9625
50.9
50.45
32.8375
28.175
41.915625
61.2625
81.55
63.675
39.95
25.95
21.65
29.75
40.5375
46.975
36.2875
21.85
26.875
36.8
41.95
36.7625
22.2875
17.475
15.0375
20.6
44.425
48.1375
34.65
38.7
57.490625
62.025
59.675
32.775
14.275
9.825
9.525
14.825
18.65
20.2125
22.2125
22.5625
28.071875
26.5625
34.2
32.7875
21.5125
15.125
14.4875
15.4375
13.975
17.475
19.6875
14.7625
12.60625
15.8625
21.125
25.075
19.8875
18.0875
17.4125
17.6375
22.6
30.55
20.7125
17.4625
31.0875
40.75
43.3875
36.975
28.8125
22.35
27.4875
27.2375
33.8625
33.1125
45.95
56.9125
63.996875
75.175
83.025
74.975
40.2875
17.4125
14.95
17.325
20.8375
42.45
25.6375
13.95
16.390625
32.625
31.3
25.1125
18.4125
18.5875
19.075
21
26.7
28.1375
14.7875
9.0125
7.84375
9.1
11.3875
15.45
15.2125
13.4875
13.1375
12.475
11.2875
11.4875
10.5125
12.7125
13.025
14.7875
16.5875
17.0625
13.75
13.225
11.35
14.25
16.325
16.7375
20.6125
26.5
35.084375
41.1625
38.975
49.9
23.55
17.025
12.975
14.8875
26.9625
32.9
38.3625
44.5625
49.690625
47.75
49.375
42.4625
29.325
17.525
21.9875
33.8125
44.225
43.5875
37.725
36.6375
42.5875
59.7
50.4125
35.275
33.0375
22.8125
35.3875
54.7
48.0625
48.025
42.7625
36.8625
45.04375
44.05
52.3
58.6
25.2125
18.175
17.475
17.8125
23.25
33.925
28.625
23.6625
21.021875
29.4125
37.75
38.0125
28.6125
34.5375
31.1
26.725
30.9125
35.4875
23.35
18.7125
26.846875
35.2625
31.2875
28.0625
14.125
13.1125
21.534375
45.2
39.8375
43.425
35.3875
30.2125
37.375
50.1125
44.1875
44.3625
26.7
24.1
21.5375
32.35
26.7875
16.3625
39.3125
53.3625
52.36875
37.6875
37.05
41.125
18.225
14.7625
12.375
18.2
57.7125
58.0875
48.7625
58.05
60.246875
25.9875
29.025
34.7875
54.375
59.3
39.925
37.7875
53.2125
52.5125
22.8875
12.975
16.2875
28.075
31.45
39.2875
36.6
36.2625
42.5625
54.4125
67.9
52.675
42.625
34.9625
56.953125
66.3375
77.3875
39.55
32.7625
28.4
25.3625
30.2125
35.7125
46.3875
29.5625
26.1625
33.103125
41.0125
40.175
24.3875
21.95
21.8875
18.4625
20.875
17.7875
22.425
41.8875
45.6875
49.19375
59.9625
60.8125
27.55
15.2
10.35
10.175
11.7875
15.275
21.0625
20.425
27.25
33.11875
35.725
35.625
21.2625
19.6
22.2625
20.1125
26.225
25.625
25.2
19.0375
16.725
22.225
35.425
29.5875
21.125
13.75
13.8
14.85
18.9125
21.2625
25.55
28.3
22.4625
24.31875
30.5625
30.8
21.3625
16.0125
17.41875
14.725
16.425
18.95
19.475
16.4625
13.225
14.14375
26.225
20.425
18.875
24.175
18.025
18.0625
16.3875
17.7
26.775
21.6125
21.475
30.99375
26.9375
26.5
23.8625
16.0125
12.6375
12.3625
21.55
26.7375
46.1125
41.025
44.6
49.1375
43.9125
45.85
22.85
18.3375
18.1875
15.65
15.325
12.375
12.6875
17.8625
23.375
31.040625
33.7875
24.2375
20.8
21.25
15.0625
13.0125
25.3375
42.975
50.05
43.2375
43.725
52.390625
55.125
26.55
23.35
25.6
29.9375
35.3875
40.85
51.5125
38.05
36.15
29.975
40.05
28.2875
26.8375
22.2875
23.2625
26.65
18.0375
18.5375
17.55
36.0875
32.8375
30.1875
39.553125
37
36.3125
36.6875
29.325
26.2
21.175
19.225
20.65
26.3875
29.3125
29.1625
24.3875
24.775
72.95
27.1375
25.225
17.8625
17.8875
24.2
38.1
56.125
62.45
65.75
71.903125
77.1625
87.1375
58.825
21.2625
15.3125
12.8375
16.25
32.575
60.3125
47.8375
54.7375
68.4875
74.9875
63.7625
29.2875
17.5125
10.0375
10.1625
9.4375
13.0375
22.3375
23.95
37.15
56.09375
67.4375
62.45
26.75
14.675
13.125
10.975
15
24.6125
26.9625
37.025
44.6125
45.28125
52.175
58.9125
51.675
48.35
36.2375
29.5
37.4625
45.3
34.025
27.3
30.2
30.90625
33.2125
40.875
36.6125
36.7625
16.23125
12.3375
12.2375
17.9375
26.475
23.7875
22.95
27.775
28
24.575
20.125
12.9125
12.8875
15.875
17.1875
15.65
20.5375
20.525
18.1875
22.771875
31.4125
26.975
24.6875
18.125
12.5125
19.8375
25.8375
34.375
34.375
24.75
22.1125
25.228125
35.2
33.575
26.3125
23.4125
18.825
15.3625
17.8375
20.2
20.4875
11.8375
10.075
12.06875
14.3625
17.3875
15.575
10.725
13.175
17.2125
17.55
11.975
13.5875
16.95
16.05
27.353125
29.725
26.1875
32
15.9
16.2625
17.8125
17.1125
18.65
16.775
10.6875
10.4375
13.075
29.9875
48.95
48.3
33.7875
19.3
28.9625
27.075
34.9125
39.5625
19.8125
14.0875
18.734375
16.3125
19.75
20.9875
19.325
16.325
14.975
12.1125
16.45
24.3
24.7625
17.9
27.128125
38.5625
53.675
50.6
32.1375
31.85
23.475
18.575
24.6125
25.175
12.85
14.7375
28.9
30.95
24.0625
20.875
16.65
13.95
13.815625
10.4125
16.25
24.5875
16.75
11.525
10.9609375
20.1875
21.0375
20.1375
19.2375
12.9125
12.1875
13.975
25.525
24.0875
9.375
7.025
5.17578125
10.5125
19.0375
14.5125
10.275
7.3625
5.9375
12.675
8.975
9.525
17.3375
27.9
36.434375
34.05
29.25
16.05
11.3125
7.8625
6.9
10.35
12.375
18.3625
25.1125
34.8375
54.05234375
63.625
50.1
34.4125
29.9875
23.325
20.3625
20.45
21.1375
33.7
23.8
17.75
19.16875
29.45
34.1125
21.6
26.1625
17.0875
18.65
13.7875
12.7625
14.525
12.4125
9.55
8.025
15.2625
25.8875
19.4375
12.1
10.9375
11.34375
16.1375
27.125
37.85
38.85
49.1
44.6234375
60.375
39.375
34.0375
23.9125
21.7125
11.175
10.45
18.275
28.8875
32.1
31.05
25.2390625
25.7625
26.225
12.2875
8.3625
8.15
11.6
8.85
16.15
24.9
23.0125
12.525
11.36953125
32.475
36.1875
19.5625
8.9375
4.4
5.125
5.2
3.1375
4.75
10.3
14.5
12.4859375
19.825
18.3375
15.6125
14.65
7.2625
5.825
7.4625
7.3875
6.9875
8.7125
12.075
20.86640625
31.575
31.8625
17.2875
11.625
6.45
5.3
12.125
26.5
38.4375
27.1625
32.65
45.91796875
27.525
25.9375
22.8
14.8875
24.475
26.525
44.675
56.625
48.3625
30.175
35.7375
53.15546875
64.85
53.925
25.7375
14.75
10.3125
11.775
15.625
18.525
26.2
19.9
18.05
22.4359375
24.475
28.6
19.0625
12.9125
9.7625
10.9
19.290673828125
20.0968385696411
20.0999876506627
20.0999999517604
20.0999999998116
20.0999999999993
20.1
20.1
20.1
20.1
20.1
20.1
20.1
22.8125
28.25
36.6
38.375
30.64921875
41.375
45.65
28.075
15.2875
14.475
12.075
12.275
11.425
11.6875
10.525
14.3
24.89921875
22.875
19.1125
16.825
15.9
10.6
8.2875
10.8
11.875
12.325
11.825
14.4375
11.8203125
16.675
23.0625
33.325
39.3
36.45
27.95
21.1
21.25
23.125
15.075
14.5
15.6765625
18.0875
23.525
29.15
20.5375
16.15
15.3375
17.9125
30.85
43.1875
27.3625
13.1
14.646875
21.1375
23.6375
26.3875
24
19.0625
14.05
15.975
24.925
37.95
36.7625
42
38.596875
47.6625
30.725
19.2875
17.4375
16.1625
16.925
13.7625
18.075
26.35
26.825
19.975
22.3375
37.425
30.625
26.2375
25.0875
22.6125
17.4234375
16.5625
14.7625
16.725
11.075
14.025
13.02734375
16.9
45.9375
33.6
27.025
20.6625
15.5625
10.2625
10.1875
13.2
12.9
16.8
26.3640625
29.15
37.55
30.825
25.6625
20.6875
25.5625
35.3
41.45
39.3125
43.6875
35.7625
60.43125
57.6875
49.6625
33.0375
27.475
25.85
28.2625
45.8375
43.875
37.65
31.4875
26.7375
41.4890625
45.025
52.1125
45.35
41.45
38.0625
30.9375
33.525
39.65
30.05
21.875
16.05
12.82578125
17.0375
25.4
34.0125
36.9125
40.3875
28.325
25.525
21.2125
20.275
15.725
18.5625
28.5953125
50.175
59.6875
42.2375
28.3625
25.1
16
14.6375
10.8875
27.6375
15.7375
12.6
17.51015625
15.0375
14.2875
15.175
13.075
11.8125
13.975
21.025
19.0875
9.9625
8.75
18.575
35.8734375
49.025
57.5625
25.9875
21.5
16
15.1875
29.4375
33.875
30.7
36.3625
41.5
47.60234375
57.825
42.025
21.75
19.7375
17.1125
19.125
13.3375
18.225
43.0625
52.9
51.6125
60.6484375
74.425
80
46.1
21.6625
17.2375
14.14375
10.95
14.5875
24.9875
25.5
19.8
27.2375
46.9
47.875
41.4375
25.85
16.05
15.7625
11.6125
14.85
20.825
16.175
10.875
18.14140625
31.0875
20.825
12.4125
11.025
9.2375
12.7125
8.075
9.6625
19.25
8.825
5.2125
9.0859375
12.675
22.1625
17.1
15.4
32.0875
20.225
21.1375
20.525
28.3
20.7
19.975
32.3171875
37.425
35.7375
27.9625
18.1625
16.85
14.3625
27.9875
47.0875
51.6
39.275
28.7125
21.70703125
47.075
44.325
29.425
22.1
14.5
11.5625
8.4
9.3625
12.65
15.45
12.3125
12.584375
18.9375
17.6125
15.5625
11.625
7
6.4375
8.2625
7.25
9.0875
6.6875
6.7875
9.21640625
9.3375
12.625
15.0625
13.4875
17.4125
8.675
9.4625
16.3375
32.7
13.525
12.45
15.534375
18.425
18.2625
15.8125
12.2875
11.8625
10.6625
13.7625
12.7125
16.15
9.925
7
10.57421875
19.725
24.025
17.2375
16.7875
11.7125
11
14.5
14.625
23.95
12.925
9.95
14.30078125
21.7875
32.55
40.1
32.2875
21.775
14.05
16.05
20.175
19.9625
17.6375
16.4
18.73125
23.025
35.5875
25.55
20.4375
15.7875
13.75
13.775
17.8375
31.7125
21.275
16.6375
21.2671875
16.9
20.8625
17.8875
14.275
11.625
9.75
9.1375
6.7625
8.075
6.5
8.05
10.35625
16.7625
21.65
20.25
13.1625
9.8125
14.6375
16.775
20.0625
18.3375
9.625
20.775
31.1484375
36.2
35.225
37.725
33.7625
34.5875
33.2875
37.025
53.80625
62.075
49.6
33.7625
45.17734375
68.35
65.6
70.6
68.3
55.375
40.4125
52.65
52.8625
69.5125
46.4375
39.475
36.9796875
43.6625
46.825
28.2375
20.8
17.7375
14.225
15.275
17.3375
23.75
22.025
14.675
16.140625
19.85
24.475
24.5875
22.375
19.525
14.3
13.6875
14.775
18.9375
12.85
10.1625
13.1828125
26.925
34.5125
44.0875
42.325
35.275
31.225
33.1375
39.4375
42.3625
30.8375
32.975
32.11796875
48.3
42.4875
32.4375
23.7375
26.95
27.8625
47.825
44.9625
38.0125
35.575
24.1375
28.18671875
55.3125
53.175
64.275
30.975
21.2625
25.175
24.9
31.0375
31.675
26.6875
24.575
34.55390625
57.3625
57.425
68.5625
48.8125
37.3875
37.025
40.5375
40.3375
43.0875
31.6375
18.2125
18.5859375
22.3875
30.075
35.375
41.1125
34.75
28.35
23.3875
26.45
37.45
17.8
9.825
10.24453125
13.5375
22.9
27.8125
30.5625
29.825
27.0875
31.5875
35.2625
41.0625
36.4125
37.2625
44.984375
62.85
66.9125
51
42.4625
22.1625
30.325
35.55
40.775
49.925
23.9375
13.8375
16.97265625
33.65
42.725
32.1375
17.6
14.0125
14.1
18
15.9875
20.925
12.0625
6.5875
7.4734375
10.9
16.675
17.4875
15.675
11.8875
10.1375
9.6
8.6375
10.8125
18.925
14.5625
20.98359375
32.5375
41.25
24.8
16.4
11.675
12.05
13.1125
16.6875
26.375
20.4875
16.85
25.896875
39.3875
38.3125
31.825
22.15
21.075
21.6875
24.6375
24.1875
38.425
35.0625
27.2875
39.940625
67.825
62.35
39.3125
38.9625
27.875
13.375
17.975
32.653125
48.1125
48.9125
52.025
57.06328125
66.875
56.0125
35.65
20.8625
17.0375
14.525
12.2875
13.6
24.375
17.3125
14.5375
16.0171875
17.4875
21.175
33.2
58.15
40.75
23.9625
19.1125
21.0125
29.9625
23.3375
14.3
10.009375
15.6125
23.1375
18.625
21.125
12.4125
11.85
15.0875
13.675
23.1
8.95
4.575
5.31875
10.1125
17.4875
20.5875
15.5125
13.25
10.4375
9.0625
10
11.7
11.4375
10.25
10.40546875
16.6875
27.275
24.725
14.95
11.1875
15.6875
14.0125
14.5375
18.1125
23.3125
20.225
16.0671875
15.4625
21.325
22.4625
25.45
23.575
23.775
29.5375
32.0125
32.5125
14.6625
16.9875
29.575
68.025
80.075
58.4875
30.275
20.275
21.325
18.6875
23.5375
37.7875
27.525
29.1875
44.32265625
52.3625
55.9625
60.8375
50.9875
50.7625
51.059375
35.447802734375
39.325
36.1
36.275
39.5125
42.5921875
43.3875
63.7
44.4375
36.2875
37.3375
37.725
36.475
36.8
48.1625
28.0125
18.425
27.4125
30.2625
30.925
28.15
25.725
23.15
25.275
23.8125
35.5375
55.9375
42.3125
31.9
35.425
50.375
49.825
29.5375
24
20.4625
20.2625
20.6625
30.425
49.025
53.425
51.075
70.934375
75.5375
59.8875
44.725
35.525
36.2125
38.5875
52.25
67.5125
70.2875
42.0625
45.7875
60.796875
69.0125
76.925
65.725
41.1
33.85
22.3625
23.975
41.35
52.575
39.5125
30.825
40.075
59.0375
86.4625
83.625
49.05
21.075
17.275
18.4625
30.0375
46.8875
33.2625
16.9375
16.215625
30.825
35.975
35.625
25.1875
17.8625
19.6125
30.7875
49.4625
66.2125
61.1125
48.1375
58.95625
68.5125
60.375
42.3625
41.8
34.125
31.4875
28.5375
54.3
78.7125
63.0125
61.45
68.3875
76.7125
79.7125
67.3375
47.0625
31
25.825
28.625
37.3125
48.8875
37.4125
26.125
39.753125
80.35
76.65
57.4375
33.3
30.7
17.65
15.5125
26.175
41.975
39.75
40.4625
56.4875
52.925
26.7
31.1375
21.1375
13.2375
9.6
13.0625
13.0875
16.325
15.05
6.4
4.48125
7.4875
17.5
23.4875
22.1
22.2875
19.075
18.625
22.5375
30.6
17.2125
8.2625
20.36875
40.85
64.5375
46.1
28.8625
27.8
24.2125
19.1875
24.8375
53.975
35.675
16.2625
15.31875
20.4625
33.9
31.4
21.8875
20.65
20.65
20.2875
26.6375
41.3375
23.075
7.25
7.55625
6.4625
14.85
17.975
19.6375
18.725
16.0375
20.3375
26.725
39.2625
34.7625
21
22.31875
32.9
69.1375
63.7875
32.2625
18.8875
16.7125
14.2
20.6625
46.375
33.0375
8.475
10.709375
9.625
17.8
21.0375
13.125
10.575
8.55
9.325
11
13.2875
9.8875
8.825
12.05625
19.9625
17.575
23.1
16.3625
9.8125
11.3
13.1625
15.6875
20.3375
15.65
12.375
21.75625
39.9375
48.4
62.2625
50.0125
40.4875
41.25
38.1375
41.175
44.3
38.75
27.8125
43.8375
65.5625
88.225
71.6
37.325
30.20625
42.909375
32.125
33.775
51.8125
59.65
58.775
81.33125
104.9625
111.775
87.5125
76.4125
52.85
35.725
42.75
72.4875
92.4125
69.375
53.1125
78.55
90.1125
95.4875
88.05
48.575
41
42.4375
50.375
72.2125
74.9625
65.15
51
65.834375
51.225
47.6
28.275
19.4875
16.025
13.3
19
28.975
35.35
14.625
10.1875
12.89375
21.175
26.9625
26.925
20.95
19.2
21.025
12.025
13.05
32.1
30.8
53.7125
47.2375
48.925
74.8625
58.6
27.425
18.2625
15.1
67.9875
117.15
100.2
71.975
76.475
88.440625
85.6625
99.725
101.0625
78.8
60.125
50.925
59.6
66.825
62.1125
45.35
52.1625
68.965625
85.8
98.75
74.275
54.3625
37.425
34.35
35.525
59.375
55.475
38.375
39.6
54.765625
70.1625
61.5625
72.2875
34.7625
23.4625
22.5625
19.7375
37
62.2625
44.2625
45.5875
57.28125
64.35
71.65
52.4625
31.2625
22.2125
18.4625
17.7625
16.3625
28.225
14.5375
19.0875
39.228125
55.6875
87.0375
92.8125
62.1125
41.9875
34.6375
41.1875
71.5
76.15
56.6
67.3625
61.9125
78.6625
86.8125
76.3875
40.325
24.8
19.1125
17.9625
24.4
63.375
69.9
73.875
69.79375
63.9
39.9125
31.425
25.8
17.2375
20.0125
23.075
22.575
20.75
12.0125
12.675
22.109375
42.4125
69.4375
72.8875
39.934375
24.4125
21.4875
24.4
54.325
46.8375
20.275
15.7125
28.34375
42.0625
51.4
55.025
38.15
18.5625
20.925
23.0875
32.575
36.3375
12.1625
12.65
15.540625
15.675
28.4625
46.5125
66.5375
29.875
28.3625
27.8625
46.3375
43.0625
17.525
13.45
14.30625
31.1125
59.8375
50.925
48.2
30.725
23.4125
27.0625
42.775
47.7
19.475
16.0125
20.190625
20.175
23.2125
21.7375
21.3125
21.0875
29.6125
41.7875
39.2375
34.8375
22.95
18.9375
28.753125
32.7875
43.325
39.875
28.1
15.5125
17.8
21.0875
43.7875
56.425
62.7625
67.5375
74.209375
79.875
87.45
90.3625
60.375
29.1375
23.55
33.4875
41.1375
40.2625
30.225
53.25
71.03125
87.1375
89.1625
70.225
50.925
46.9875
43.05
39.25
39.9375
35.8875
24.5
27.8
36.521875
39.3125
39.225
40.2125
39.475
34.2625
24.825
21.1
26.225
23.375
9.0625
8.4625
11.071875
28.475
39.6375
37.2625
37.475
32.55
28.2125
34.85
35.875
27.4625
10.1625
10.6
16.5
30.675
49.2
60.05
61.475
52.4375
52.125
61.325
72.625
71.9375
48.4375
52.0375
64.834375
75.8375
80.4875
65.15
48.5125
27.125
20.675
26.4125
67.2875
42.6
13.4875
10.825
10.328125
15.05
19.15
20.6125
16.375
13.875
15.1125
13.025
18.9
35.725
31.225
33.375
32.6375
34.0125
38.6
35.575
20.85
10.725
9.2375
15.7125
37.725
50.975
20.1375
11.1
13.159375
21.1875
29.775
36.1375
32.2875
24.4125
23.55
30.5625
56.2875
60.4375
60.95
64.0125
72.146875
81.7375
83.2625
81.85
47.7875
24.625
21.5375
21.9125
34.3375
40.5125
14.325
11.8125
15.578125
23.9
28.6625
34.275
35.0875
31.125
36.5
28.0375
36.6375
29.3625
11.825
13.1875
30.196875
65.1
75.175
72.1125
48.6
27.7125
23.7875
47.85
69.6875
63.4875
60.125
67.775
59.003125
55.7125
49.35
60.3625
44.775
33.2125
40.075
31.675
44.1
48.55
29.475
44.3375
67.49375
75.95
80.1
69.3
49.0375
30.4875
26.3125
22.025
25.4375
44.925
40.4125
45.6625
64.728125
69.475
57.875
58.675
48.35
33.825
20.3
31.175
39.4625
43.9375
28.3125
21.6375
44.753125
50.9875
76.85
57.875
34.75
34.775
32.5125
46.0375
46.875
57.3625
53.5875
61.775
65.853125
68.8125
71.5125
69.1625
39.975
24.1375
20.6
24.175
43.2625
34.6625
10.6625
8.9
10.853125
18.15
25.5
43.725
35.525
19.25
14.875
15.1
28.125
28.4375
9.3
6.7
10.834375
17.75
22.8625
38.3125
32.3875
20.25
11.5375
12.7625
15.625
13.65
5.0125
6.1375
10.34375
19.4
21.05
27.3
27.15
22.55
21.7625
29.075
38.0625
35.55
10.6375
9.4
12.834375
17.475
30.3
42.7125
68.3875
40.7875
24.875
22.1625
31.45
31.9
18.575
10.625
12.609375
14
25.2875
27.475
25.2
18
12.6
15.3625
15.15
16.7125
7.475
8.8375
13.703125
20.1125
20.5875
31.15
21.5625
13.3125
16.4
17.025
27.2125
19.9
6.125
6.35
11.284375
17.6
28.4
36.975
38.6875
30.5625
47.1
57
64.0375
60.8125
28.9625
11.475
6.80625
12.9625
34.6625
29.925
25.6125
15.8625
12.425
16.75
33.3875
21.9875
8.0875
6.3125
6.984375
11.05
19.7
37.6
34.025
32.4625
23.1875
18.975
29.6875
32.9375
13.1625
8.5375
12.0375
29.3875
49.2375
60.5375
49.125
29.225
27.15
24.7375
46.05
60.6375
26.2375
37.6625
45.096875
53.275
61.45
71.9125
65.0875
41.9625
44.325
51.5
50.5
53.7625
47.6625
47.0125
47.746875
57.775
64.8875
62.3625
47
30.825
24.6125
31.975
47.9875
62.7125
49.125
57.05
63.78125
61.1375
68.3375
77.675
61.65
33.525
29.55
37.7125
60.1125
69.675
30.8875
22.5
40.90625
50.3875
71.3875
62.325
46.2
22.95
17.4375
22.175
32.8875
31.9375
12.45
7.9875
7.96875
16.55
28.2125
41.6875
55.675
42.45
26.75
40.4875
58.7875
57.9
34.875
26.1375
23.253125
45.65
54.15
54.8
43.8875
24
18.8375
17.0875
33.1
29.6375
8.0375
5.0375
6.940625
15.0625
18.2375
18.5
21.575
20.0875
21.4875
23.15
24.575
16.4625
6.45
4.0125
5.41875
10.6625
16.1125
19.2125
22.6125
20.725
17.85
17.6125
19.7625
15.5
7.275
7.05
10.01875
13.5
19.95
28.3125
24.875
12.1
12.4625
14.45
23.4625
12.1
5.375
5.375
9.99375
14.55
22.2875
27.425
38.7875
34.375
32.6125
49.35
59.7
44.0125
20.1
17.6625
19.796875
21.8875
33.425
45.275
43.5875
28.3
34.325
48.9625
70.775
64.725
40.35
33.1375
43.7875
43.575
47.425
52.35
40.0375
26.425
19.9
18.0125
43.35
53.7125
19.4375
12.5
16.375
26.85
33.8875
45.2375
40.625
20.3375
17.025
22.8875
38.775
30.5625
12.675
9.3625
10.965625
14.0375
18.8125
26.8625
26.8625
25.45
26.2
38.65
65.075
62.925
22.125
17.7625
15.31875
31.375
30.7
62.0125
57.5625
31.925
35.1375
23.925
26.0375
21.8375
21.9625
24.2375
39.36875
34.6375
21.0125
23.0875
33.0875
19.325
17.475
18.625
16.7125
10.0375
6.875
5.55
7.03125
8.5875
11.5
14.85
18.425
16.1875
14.325
17.6
25.275
32.8375
18.3375
22.15
19.703125
38.3875
30.5875
20.1375
25.05
18.8875
21.3375
32.95
54.375
48.3375
12.4
6.7375
10.003125
23.5625
37.2625
33.0375
36.125
26.8125
20.85
22.075
34.3
37.6625
19.675
18.1625
21.1125
27.85
34.025
31.7625
35.775
29.2375
32.35
43.175
43.525
35.5
12.325
6.65
8.246875
16.7375
25.9
28.8
25.5625
16.6625
13.475
15.8
20.8625
20.4875
5.95
5.15
7.590625
12.1
15.625
18.825
21.475
24.05
64.325
52.025
42.7625
33.575
15.45
14.375
15.7375
20.6625
24
27.3125
29.85
19.7
16.2875
20.3625
16.8125
15.125
8.4125
6.2
7.521875
12.5375
21.2625
27.9375
37.0625
43.2875
53.275
52.6875
75.2375
73.65
54.8125
54
59.2
62.2875
44.95
45.9125
52.4
33.6875
23.7875
29.725
41.2
29.4375
10.2875
9.925
16.515625
22.6625
27.0625
36
38.8625
35.1125
35.2875
40.275
46.875
30.7875
13.1125
10.6625
15.015625
28.675
34.425
40.0875
41.7875
23.7375
20.1
24.4
42.5125
30.075
12.6875
12.8375
19.6125
32.4625
39.225
48.3875
44.2125
25.6125
21.8
25.725
31.39375
22.225
10.125
9.0625
14.9125
22.4625
35.0875
31.7875
22.775
20.5875
16.725
15.85
16.45
15.325
16.125
15.6
24.215625
31.4875
49.175
52.9875
35.6625
20.9
18.5375
21.35
31.075
28.325
14.825
14.85
23.121875
26.9875
36.725
49.85
49.325
43.45
49.225
68.3625
76.65
57.025
48.525
52.575
56.878125
62.625
66.9125
73.2625
55.6
39.3625
29.0375
32.1125
42.9625
39.125
21.3875
19.775
26.365625
34.0875
53.4875
68.725
70.65
57.4625
51.1625
61.875
62.25
55.65
51.55
51.5875
56.521875
62.0375
70.9625
71.5
59.8
46.9375
41.475
47.3125
53.825
47.85
26.9375
25.525
29.896875
36.225
39.775
42.325
42.7375
39
34.075
43.8875
46.8375
47.925
25.3375
32.3
36.328125
51.7625
63.2
63.1
61.9375
43.475
49.15
46.8125
42.8875
33.6125
32.875
30.35
36.128125
38.375
38.4625
48.875
46.025
43.9375
46.3375
48.2375
52.7625
50.075
22.45
25.375
41.515625
53.9875
57.3125
59.7625
60.8375
58.9375
50.0125
47.3125
44.9375
43.95
42.6
36.2125
41.98125
54.8
57.2125
56.45
57.9875
50.7375
39.4625
47.9625
59.925
57
54.025
50.9625
59.078125
63.2
67.35
69.8125
67.3
61.5375
52.3875
53.0375
57.9625
61.2
47.5125
48.75
48.15625
53.8125
55.4375
56.675
55.35
44.60625
42.6625
42.075
51.1875
50.1375
47.975
53.675
62.609375
64.9125
62.2625
57.3
57.775
57.6625
54.25
60.125
56.5625
57.675
52.45
34.7
45.696875
40.6
51.0375
58.4375
61.0875
48.4
46.6125
46.5875
43.175
44.1125
39.5375
43.325
45.521875
48.6875
54.95
57.3875
61.4375
51.475
47.65
49.4125
50.75
52.775
50.9875
50.1375
55.3125
60.1125
60.775
58
54.4375
50.3
55.1
64.5375
69.425
61.3125
62.4625
60.95
65.325
67.95
67.0375
65.8625
61.6875
54.25
49.8
50.3875
57.15
59.6625
56.6
58.3625
61.396875
71.0875
69.4125
68.925
66.1
63.0875
56.1625
59.7125
64.0625
54.275
55.5375
71.575
81.09375
93.6125
93.4875
105.2
101.5
82.95
69.2875
83.5875
75.275
66.8
61.2
65.9875
67.81875
