"x"
69.3125
73.4
80.55
60.975
33.2375
38.5
38.9875
26.2875
11.5
11.025
13.1625
24.4
24.15
43.275
59.5125
57.3625
37.2875
34.175
21.7625
23.9
36.1
37.5375
55.475
62.640625
49.7125
74.1125
81.2875
70.2875
58.0625
43.025
26.5375
37.0375
48.05
42.7875
33.4625
42.440625
72.1875
76.975
33.7125
10.55
11.025
11.2625
11.025
8.6375
20.8
37.5625
39.4625
20.8
15.775
25.35
21.5125
16.725
31.5375
46.1375
26.7625
18.4
34.175
36.8125
72.9125
54.440625
35.6125
39.45
19.8375
15.0875
21.9875
12.6875
14.35
18.625
14.5875
18.8875
18.6625
22.865625
31.575
33.9375
118.3375
54.05
119.3125025
103.9875
81.5125
79.8375
41.8375
16.0125
16.725
31.859375
27.525
17.675
10.3
25.375
79.6125
77
77.7
93.0125
75.075
52.1
76.9625
78.3625
149.65000125
125.27500125
133.41249875
104.23125
67.521875
55.6875
72.6625
76.725
92.025
55.2125
72.4375
88.640625
91.075
57.15
20.8
12.2125
21.2875
21.2875
28.225
28.6875
41.3375
36.8375
20.0625
17.56875
19.85
23.6625
31.55
9.125
7.9
10.5375
11.975
11.2625
30.3625
28.45
14.35
24.828125
49.95
64.0625
24.3875
31.3125
50.925
58.8
117.22021484375
130.185736083984
108.06249875
92.7625
56.175
58.153125
82.475
70.0375
40.6375
53.525
58.8
63.825
93.7125
75.2875
55.225
33.2375
42.3
58.890625
62.3875
76.7375
85.3375
82.2375
68.6
65.7375
88.2125
85.8375
67.8875
57.3875
67.8875
82.425
91.8
100.1625
75.7875
34.9125
53.5625
67.6375
81.55
72.9125
32.7625
48.0375
53.3
43.446875
43.75
41.375
68.8625
42.8125
30.1375
24.8625
21.3
12.9375
29.875
34.4375
25.6125
29.53125
46.1375
54.7375
61.9125
62.625
68.125
68.5875
70.5125
77.7
88.9375
73.1375
34.6625
36.809375
43.05
50.65
59.3
64.05
46.85
29.65
24.9
21.05
18.2
9.6
7.7
9.6
22
34.4
39.25
44.95
44.95
32.5
59.3
69.8
59.25
36.35
15.3
16.25
18.15
30.6
41.15
37.3
37.3
46.85
74.6
56.4
52.6
49.7
35.4
46.85
45.9
49.7
45.9
46.85
21.05
11.5
14.35
21.05
35.4
33.5
28.65
34.45
53.55
57.4
65.95
63.1
55.45
53.5
53.55
63.1
46.85
24.85
14.35
17.2
44.95
47.8
47.8
45.9
43.05
44
44.95
34.45
22
23.9
18.15
18.15
30.65
48.75
57.4
47.8
49.7
51.65
55.45
55.45
42.05
23.9
18.15
23.95
41.1
58.35
64.05
59.3
61.2
57.4
60.25
63.1
57.4
30.6
26.8
36.35
39.25
50.65
56.45
52.55
55.45
55.5
64.4296875
72.60185546875
73.65
59.25
31.55
48.75
60.25
64.05
57.35
44
29.65
19.1
42.1
32.5
32.5
31.55
15.3
25.85
44.95
50.65
55.5
57.4
69.8
73.65
66
58.35
59.3
60.25
63.1
65
68.85
83.2
63.1
62.15
88.95
91.8
80.35
86.05
69.8
56.45
51.6
61.2
61.2
69.8
76.5
78.4
67.9
61.2
70.8
67.85
60.25
50.65
49.7
48.75
63.1
73.6
77.45
74.6
62.15
55.45
67.9
66.9
59.25
36.35
32.5
40.15
47.8
47.8
51.6
51.6
40.15
33.45
32.5
41.15
29.65
14.35
16.25
21
25.85
28.7
34.4
39.25
33.45
31.55
29.65
29.65
29.65
25.85
23.95
23.95
25.85
29.65
34.4
35.35
38.25
32.5
35.35
41.15
43.05
41.15
42.1
47.8
48.75
51.6
53.55
51.6
48.75
50.65
50.65
46.85
44.95
46.85
46.85
50.65
47.8
46.85
46.85
47.8
48.75
47.8
49.7
53.5
50.65
44.95
44
46.85
51.6
50.65
62.15
63.1
58.35
58.35
56.45
65
69.8
53.5
52.55
56.4
58.35
59.3
57.4
57.4
50.65
42.1
43.05
50.48671875
46.85
45.9
44.95
48.75
49.7
48.75
50.65
48.75
44.95
40.2
34.4
34.4
34.4
23.95
20.05
24.9
37.3
44
55.45
53.55
43.05
36.3
40.15
48.75
38.25
44.95
43.05
42.1
40.2
35.4
28.7
25.85
27.75
31.55
27.75
25.85
21.05
11.5
8.65
15.3
19.1
25.85
27.75
25.85
21
26.8
28.7
29.65
22.95
10.55
10.55
18.15
16.25
23
24.9
29.65
28.7
28.7
28.7
31.55
28.7
23.95
26.8
38.25
47.8
52.6
64.05
60.25
54.5
41.15
43.05
48.8
43.05
22.95
18.15
21.05
22.95
30.6
35.4
33.45
27.75
35.4
66.95
68.85
70.75
48.75
42.1
53.5
68.85
79.4
84.15
60.2
54.5
46.85
44.95
66.9
66.9
51.65
33.45
34.45
45.9
54.5
65
58.3
37.3
17.2
23.95
24.9
55.45
30.6
11.5
12.45
26.75
36.3
44.95
49.7
46.85
30.6
41.1
48.75
42.1
21.05
18.15
33.5
51.6
66.95
72.7
62.15
56.4
55.45
59.3
53.55
47.85
22
28.7
44
46.85
46.85
48.75
46.85
46.85
43
47.8
54.5
75.5
69.8
56.45
62.15
69.8
78.45
80.35
81.3
65.05
61.2
64.05
70.75
68.85
42.05
32.55
38.25
52.6
60.25
66.9
65
64.05
63.1
64.109375
68.7443359375
64.05
39.2
20.05
41.1
51.6
63.1
75.5
88
70.75
61.2
79.35
75.55
61.2
46.85
44.95
46.85
52.55
52.6
54.5
46.85
44.95
44
42.1
46.85
45.9
45.9
49.7
51.6
57.4
67.9
69.8
69.8
65
68.85
75.55
62.15
52.55
46.85
49.7
55.45
57.35
67.85
76.5
87.05
64.05
59.3
71.75
60.25
57.4
54.5
44
32.55
53.55
76.5
72.65
87.05
85.15
77.45
73.65
79.4
81.3
49.7
22.95
42.1
63.1
88.9
96.55
81.3
68.85
68.85
69.8
65.95
54.5
41.1
31.55
36.3
44
47.8
51.6
57.4
58.35
55.45
48.75
51.6
56.4
40.15
29.65
44.95
50.65
57.4
62.15
62.15
63.1
55.5
55.5
61.2
49.7
42.1
43.05
48.75
53.5
58.35
87
90.85
87
94.7
97.5
87
47.8
37.3
39.2
60.2
51.6
56.4
45.9
33.45
27.75
21
24.9
23
23
22
23.95
30.6
36.3
39.25
44
59.25
48.75
60.2
58.3
44.95
45.9
41.15
47.8
54.5
69.8
74.6
84.15
82.25
84.15
79.35
82.2
88.95
79.35
60.2
46.85
63.15
88.95
65.95
87.05
79.35
69.9953125
68.8
63.1
60.2
42.1
34.4
20.05
25.85
40.2
49.7
72.65
90.85
85.1
65.05
63.1
82.25
72.65
34.45
51.6
65
74.6
75.55
74.6
79.35
60.25
67.85
65.05
71.7
78.4
53.55
33.45
38.3
50.7
59.25
70.75
66.95
66
59.3
56.45
66.95
82.25
52.6
33.45
45.9
55.45
32.5
33.5
54.5
48.75
38.25
56.4
56.4
51.6
43
31.55
47.85
69.8
85.1
68.85
57.35
24.9
22
27.75
35.4
36.35
25.85
23.95
23.95
18.2
35.4
44
40.2
44
61.2
66.9
67.85
65
50.65
44.95
50.65
66
79.35
75.55
38.25
22
15.3
16.25
39.2
63.1
32.55
37.3
22
20.05
27.75
45.9
48.8
44
40.15
44.95
65
58.35
30.6
26.8
37.3
47.8
57.4
65
73.65
73.65
71.75
78.4
91.8
83.2
51.6
53.55
65
89.9
88.9
103.3
65.95
26.75
14.35
17.2
43.05
39.2
39.2
37.3
31.55
55.45
68.85
65.05
66.95
51.6
46.85
45.9
44.95
43
18.15
17.2
16.25
27.75
42.05
54.5
62.15
68.8
68.85
67.9
66.95
64.05
54.5
43.05
45.9
41.15
44.95
51.6
58.35
63.1
61.2
65.95
65.95
71.7
43
41.15
51.6
62.15
70.8
74.6
79.35
77.45
79.35
63.578173828125
55.45
40.2
31.6
32.5
39.25
46.85
57.4
59.3
55.5
51.6
52.55
49.7
44.95
35.4
18.15
22
28.7
41.15
52.6
64.05
72.65
77.45
69.8
81.25
80.3
86.1
59.25
64.05
76.5
100.4
98.45
105.2
105.2
67.9
62.15
45.9
67.9
86.05
58.3
27.75
35.35
42.1
52.6
16.25
11.5
4.75
7.65
14.35
13.4
10.55
3.8
3.8
12.45
22.95
71.7
90.85
82.2
58.3
26.75
12.45
34.45
45.9
33.45
19.15
21.05
22
24.9
45.9
56.4
44
58.35
53.5
59.3
73.65
56.4
38.25
41.15
55.45
75.55
88.95
99.45
90.85
89.9
94.7
112.850005
101.35
72.7
57.35
52.6
38.25
56.45
67.9
66
50.65
33.5
19.15
32.5
58.35
35.4
14.35
8.65
12.45
26.75
56.4
69.8
67.85
65
69.8
80.35
80.3
61.2
26.8
24.9
56.4
75.55
80.35
76.5
70.75
65
70.75
87.05
70.75
50.65
35.4
38.25
46.85
59.3
58.35
65
64.05
67.85
71.75
81.25
77.45
63.1
57.4
67.85
73.65
75.55
88.95
90.85
61.2
47.8
38.25
48.75
59.3
50.65
38.25
50.65
49.7
57.35
67.85
62.15
33.45
31.55
47.8
61.2
53.55
39.25
44.95
42.1
57.4
65.95
68.85
56.4
29.65
20.05
28.7
35.35
44.95
39.25
38.3
33.45
33.45
37.3
38.3
38.25
31.55
23.95
22.95
29.65
30.6
19.1
13.4
12.45
19.1
26.8
38.25
58.35
72.65
63.1
54.10234375
61.115771484375
53.55
40.2
36.3
41.15
38.25
53.55
49.7
39.2
28.7
28.7
26.8
22.95
22.95
13.4
11.5
18.15
24.85
35.35
30.6
34.4
48.8
59.3
60.25
64.1
44
39.2
41.15
48.75
46.85
61.2
76.5
23
6.7
7.7
14.35
36.35
41.15
39.25
38.3
47.8
59.3
69.8
80.3
72.65
58.35
54.5
51.6
41.15
41.15
29.65
26.8
31.55
34.4
45.9
39.2
44.95
37.3
25.85
26.8
33.45
34.4
24.9
23.95
28.7
44
54.5
51.6
47.8
38.25
40.2
45.9
49.75
55.45
46.85
44.95
44.95
46.85
55.45
67.85
68.85
71.75
67.85
65
80.35
75.55
63.1
51.6
53.55
52.6
65.95
76.5
71.75
68.85
64.1
75.5
85.1
79.35
65.05
52.55
65
69.8
68.8
65
29.65
8.65
8.65
6.7
8.65
16.25
12.45
20.05
11.5
10.55
12.45
18.15
21.05
15.3
11.5
22.95
33.45
47.8
49.7
44.95
55.45
57.4
73.65
69.8
33.45
15.3
17.2
44
55.5
65.05
47.8
49.75
45.9
50.65
62.15
64.05
29.65
13.4
7.7
14.35
24.85
48.75
24.85
39.25
40.2
49.7
67.9
83.2
79.35
61.15
55.45
80.53154296875
87
79.4
69.8
65.95
78.4
85.6546875
93.7
114.75
111.9
111.9
98.45
108.05
126.25
69.8
53.5
60.25
65.95
79.35
90.85
107.1
102.35
94.65
85.1
83.2
94.65
77.5
54.5
63.1
68.85
75.55
82.25
92.75
87
76.5
69.8
62.15
58.35
48.8
32.5
35.4
47.8
62.15
87.05
90.85
85.1
65.05
68.8
67.85
86.05
72.65
45.9
49.7
61.2
52.55
51.6
55.5
52.55
45.9
43.05
31.55
57.35
79.35
46.85
44
57.35
66.95
73.65
70.75
37.3
15.3
12.45
15.3
20.1
28.7
51.65
40.15
17.2
26.8
50.7
49.7
26.8
14.35
11.5
33.45
43.05
44
50.65
44
48.75
47.8
48.75
50.7
24.9
18.15
20.1
19.1
24.85
38.3
19.15
10.55
14.35
22.95
28.7
28.7
15.3
8.65
9.6
10.55
13.4
24.9
14.35
7.7
17.2
21.05
22
37.3
23.9
9.55
9.6
10.55
11.5
11.5
16.25
17.2
41.1
52.55
66.95
65.95
21.05
6.7
5.7
6.7
22
41.15
44.95
49.7
53.5
62.15
68.8
55.45
42.1
33.5
34.4
30.6
51.6
43.05
25.8
14.35
35.35
36.3
38.3
50.65
25.8
19.1
24.85
35.44765625
40.1400787353516
40.19976593256
40.1999990856741
40.1999999964284
40.199999999986
40.1999999999999
40.2
40.2
40.2
40.2
40.2
40.2
40.2
40.2
40.2
40.2
40.2
40.2
40.2
40.2
40.2
40.2
40.2
40.2
40.2
43.05
40.2
28.7
14.35
14.35
38.25
39.2
16.25
11.5
6.7
10.55
21.05
41.1
37.3
8.65
11.5
24.85
25.85
18.15
10.55
8.65
7.7
10.55
10.55
11.5
6.7
5.7
8.65
5.75
3.8
4.75
5.7
4.75
4.75
4.75
9.6
11.5
3.8
1.9
5.7
10.55
36.35
47.8
34.45
22
20.05
24.9
26.8
27.75
19.1
12.45
17.2
32.5
36.35
39.2
22
22
20.05
30.65
37.3
43.05
41.15
37.3
24.85
16.25
22
25.85
16.25
22.49296875
24.8696502685547
24.899888420105
61.2
47.8
22
31.55
33.45
62.15
77.45
91.8
71.75
41.15
28.7
36.35
51.65
66
60.2
40.2
38.52265625
52.6
54.5
42.1
47.8
34.4
30.6
32.5
38.25
45.9
43.05
47.8
50.65
52.6
75.55
75.55
64.05
64.1
53.55
45.9
56.4
44.95
35.4
39.25
41.15
44.95
51.6
53.55
49.7
49.7
47.8
33.45
39.2
34.45
22.95
23.9
23.95
42.1
50.7
55.45
55.45
46.85
45.9
53.5
53.55
57.4
48.8
31.6
23.95
35.4
61.2
75.55
63.1
74.6
67.85
49.7
51.65
65.95
66.95
59.25
68.85
87
99.45
105.2
102.35
79.35
89.9
61.25
54.5
45.9
42.1
43.05
44.95
50.7
74.6
83.2
41.1
30.6
26.8
40.2
42.990625
38.3556640625
26.8
14.35
16.7546875
28.7
43.05
38.3
43.05
41.1
44.95
54.5
47.8
42.1
38.25
44
50.93203125
69.8
79.35
88
55.45
23.9
30.6
14.35
13.4
24.85
44
14.35
21.875
32.55
30.6
21
13.4
3.8
5.7
3.8
5.7
12.45
20.1
15.3
22.95
17.25
32.5
38.3
36.3
40.2
37.3
40.2
40.2
44
34.45
23.95
26.8
30.6
41.1
44.95
35.4
43.05
34.4
38.25
35.35
27.75
32.55
58.35
61.2
65.05
68.85
45.9
15.3
19.1
19.1
18.15
16.25
24.85
11.5
17.25
25.8
47.8
32.5
22.95
14.35
12.45
13.4
12.45
18.15
26.8
15.3
15.3
17.2
16.25
12.45
11.5
12.45
16.25
14.35
15.3
10.55
9.6
12.45
4.75
5.7
6.7
7.7
5.7
4.75
3.8
4.75
8.65
8.65
12.45
18.15
21.05
19.1
22
24.9
23.9
10.55
6.7
4.75
4.75
12.45
29.65
35.35
41.15
40.2
33.45
37.3
30.6
47.8
18.15
10.55
22
33.45
45.9
42.1
39.25
43.05
52.6
64.05
65.95
66
29.65
37.3
34.4
44.95
28.7
27.75
19.1
25.85
44
57.35
38.25
12.45
2.85
2.85
5.29296875
9.6
20.05
20.05
13.4
20.1
29.65
48.75
43.05
27.75
30.6
19.215625
21.05
24.9
24.9
28.7
30.6
25.85
21
24.85
36.35
55.45
51.6
56.4
61.2
43
36.35
36.35
38.3
33.5
47.8
64.05
69.8
47.8
52.6
33.45
26.75
35.4
21.05
16.25
34.4
43
59.3
66.9
90.85
94.65
73.65
77.45
81.25
86.05
79.35
49.7
68.85
81.3
39.25
43.05
43.05
82.2
41.1
33.5
58.35
52.55
42.1
17.2
16.25
15.3
10.55
9.6
15.3
43
38.25
15.3
23.95
34.45
58.35
35.4
40.15
77.45
106.15
117.6
118.55
109
94.65
38.25
18.15
24.85
37.3
36.35
28.65
22
42.05
44.95
13.4
7.7
23.9
9.6
7.7
9.6
18.15
28.7
39.2
45.9
48.75
62.15
68.85
55.45
47.8
40.15
39.25
38.25
35.35
27.75
23.95
29.65
42.1
55.45
64.05
41.15
38.25
42.1
33.45
26.8
34.45
34.45
16.25
24.9
33.5
46.85
48.75
28.7
41.15
44
44
38.25
28.7
35.4
22
17.2
13.4
22.95
15.3
21.05
38.25
16.3
7.9203125
11.45751953125
11.5
10.55
3.8
6.7
17.25
22
22.95
29.65
26.8
27.75
28.7
30.6
36.35
31.55
24.9
28.7
35.4
43.05
22
27.7
34.4
23.9
29.65
31.55
34.4
43
30.6
41.1
45.9
43
15.3
9.6
6.7
4.75
6.7
5.7
6.7
8.65
13.4
11.5
17.2
18.15
15.3
7.65
5.7
11.45
13.4
43
48.75
64.05
59.3
56.45
66.95
80.3
74.6
75.55
66
43.05
44
46.85
56.45
52.6
48.75
44
59.3
73.65
74.6
40.2
20.1
25.85
27.75
34.4
34.4
27.75
29.65
20.1
22
14.35
20.1
10.55
7.65
3.8
4.75
3.8
12.45
12.45
10.55
8.6
25.8
21.05
10.55
9.6
4.75
8.65
14.35
19.1
21.05
43
53.55
65.95
72.7
45.9
10.55
6.7
4.75
3.8
15.3
31.55
33.45
45.9
44.95
69.8
94.65
71.7
14.35
7.65
6.7
7.7
8.65
22
29.65
33.45
46.85
56.45
56.45
53.5
13.4
3.8
4.75
3.8
10.55
18.15
21.05
26.8
25.85
37.3
45.9
61.2
66
41.1
44.95
51.65
62.15
65
60.25
56.4
38.25
42.1
53.55
61.2
65
44
47.8
50.65
55.45
47.8
46.85
46.85
31.55
32.5
39.25
49.75
48.75
50.65
60.25
60.25
53.5
52.6
51.6
43.95
31.55
27.75
48.75
53.5
51.65
47.8
50.65
48.75
49.7
48.75
54.5
43.95
25.85
27.75
33.5
38.3
40.2
44.95
41.15
37.3
36.3
42.1
43.05
35.4
16.25
15.3
29.65
47.8
44
39.2
44.95
44.95
40.2
36.3
36.35
36.35
30.6
33.5
49.7
61.2
70.75
18.2
15.3
22
23.9
10.55
16.25
16.25
9.55
15.3
22.95
44.95
57.35
49.7
49.7
47.8
49.7
57.4
62.15
50.7
28.7
33.45
34.45
50.65
60.25
58.3
57.4
40.15
24.9
6.7
11.45
17.25
10.55
15.3
31.55
44.95
35.4
32.5
15.546630859375
11.5158071517944
11.5000617466867
11.5000002270099
27.75
30.65
19.1
25.85
44.95
45.9
44
44
42.1
39.2
38.25
34.4
38.3
32.55
18.15
16.25
24.9
34.4
38.25
36.35
40.2
44.95
35.4
40.2
46.85
41.1
16.25
12.6578125
22.95
37.3
44
40.2
36.35
36.3
32.5
28.7
14.35
12.45
15.3
21.05
36.35
37.3
36.35
29.65
33.5
22
27.7
22.95
24.9
37.3
27.75
61.2
39.2
28.7
14.35
6.7
9.6
7.7
9.1546875
11.47216796875
15.3
13.4
10.55
9.55
10.55
20.05
12.45
6.7
6.7
7.65
7.7
5.75
9.6
14.35
2.85
17.2
22
45.9
33.45
26.8
40.15
41.15
38.25
40.2
40.2
30.6
26.8
37.3
44.95
63.1
68.8
45.9
29.65
19.15
24.85
32.55
32.5
31.55
34.45
37.3
26.8
28.7
34.4
34.4
36.35
34.4
32.55
33.5
32.5
34.45
43.05
19.15
20.05
19.15
9.6
37.3
30.6
21.05
17.2
18.2
13.4
26.8
29.65
36.3
39.25
44
49.7
55.45
52.55
40.2
39.25
37.3
35.35
35.4
26.8
39.2
55.45
66.95
71.75
73.6
76.5
75.55
63.17421875
32.8867645263672
32.5015107989311
32.5000059015583
32.500000023053
32.5000000000901
32.5000000000004
32.5
32.5
32.5
32.5
32.5
32.5
32.5
32.5
32.5
32.5
32.5
32.5
32.5
32.5
32.5
32.5
32.5
32.5
32.5
32.5
32.5
32.5
32.5
32.5
32.5
32.5
32.5
32.5
32.5
32.5
32.5
32.5
32.5
32.5
32.5
32.5
32.5
32.5
32.5
32.5
29.65
44.95
56.4
56.45
54.5
37.3
35.4
38.25
53.55
51.6
46.85
40.2
39.25
41.15
38.25
34.4
27.75
18.15
33.5
42.1
51.6
52.55
55.5
47.8
42.1
46.85
42.1
42.1
39.2
28.7
23
25.85
44
58.3
70.75
80.35
57.35
38.25
36.35
39.2
31.55
23.95
26.8
31.55
46.85
63.1
65.95
52.55
50.65
23.9
26.8
41.1
64.1
44.95
34.4
38.25
47.8
54.5
61.2
56.45
44
27.7
22
26.8
26.8
28.7
45.9
48.75
65.95
62.15
65
61.2
50.7
44.9
45.182861328125
46.85
56.4
40.15
42.1
55.45
53.55
50.65
52.55
47.8
51.6
47.8
47.8
48.75
46.9
26.8
28.7
39.2
54.5
62.15
50.65
49.7
52.55
46.85
38.25
40.15
41.1
26.8
37.3
48.75
59.25
61.2
53.55
57.4
62.15
61.2
51.6
51.6
47.8
45.9
53.55
62.15
72.7
68.8
67.85
60.25
53.55
59.3
59.3
58.35
44
31.55
43
43.05
44
28.7
28.7
28.7
22.95
25.89765625
25.8
36.3
26.75
21
14.35
19.15
29.65
36.3
40.2
29.65
29.65
23.9
28.7
31.55
28.7
37.3
51.6
59.3
71.7
76.5
50.7
54.5
41.1
34.4
40.2
45.9
43.05
24.85
38.25
43
24.85
57.4
49.7
42.1
44
42.1
34.45
27.75
20.1
10.5
46.85
80.35
106.15
104.25
86.05
74.55
79.35
72.7
59.3
54.5
49.7
52.55
65
75.55
79.35
71.7
57.35
51.65
45.9
62.15
67.9
72.7
53.55
48.75
74.55
68.85
70.75
21.05
10.55
28.7
32.5
28.7
20.05
27.75
54.5
39.2
38.25
56.4
65.95
70.75
70.75
64.05
71.75
67.9
71.75
72.7
67.9
50.7
48.75
57.35
70.75
20.05
49.75
60.25
58.35
46.909375
51.5443359375
56.45
49.75
27.75
27.75
45.9
67.9
69.8
71.75
71.75
65
69.8
68.85
72.7
72.65
44
48.75
58.3
73.65
80.3
77.45
79.35
62.15
75.55
77.45
93.7
66
35.4
48.75
58.3
73.65
60.25
85.1
64.05
54.5
48.75
54.5
69.8
59.3
18.15
22.95
36.35
51.6
55.45
48.75
43.05
46.85
48.75
47.8
45.9
42.1
29.65
28.7
38.25
50.65
57.35
51.65
57.4
59.3
56.45
54.5
63.1
61.2
28.7
30.6
44.95
57.4
61.2
65
64.27265625
64.05
67.9
71.7
72.65
59.3
24.85
23
30.6
57.4
66.9
69.8
55.45
51.6
57.4
59.3
65
60.25
25.85
23.9
43.95
71.7
84.15
88.95
85.1
74.6
73.65
76.5
76.5
60.2
38.25
36.35
42.1
56.4
64.05
71.7
73.65
68.85
62.15
60.25
71.7
74.6
42.1
37.3
47.8
66
65
50.7
47.8
51.6
53.5
47.8
44.95
39.2
18.15
22.95
43.05
50.65
51.6
50.65
44
44
42.1
49.7
67.9
53.55
29.65
53.55
61.2
55.5
54.5
46.85
54.5
53.55
66
80.3
72.65
52.6
44.95
65.95
76.5
87
89.9
89.85
80.35
67.85
66.95
74.55
68.85
54.5
51.6
54.5
65.95
80.35
77.45
75.55
72.65
70.8
68.8
63.76796875
68.85
73.6
44.95
47.8
44.95
55.5
65
65.95
64.05
59.3
58.35
59.3
61.2
61.2
27.75
35.4
52.6
74.6
84.15
74.6
76.5
78.4
76.5
83.2
90.85
82.25
61.2
44
77.45
95.6
94.65
85.15
73.65
71.7
70.75
56.4
28.7
23
35.4
50.7
39.2
22
19.1
11.5
11.5
12.45
15.3
16.25
22.95
21
16.25
25.85
46.85
44.95
45.9
31.55
28.7
22.95
23
30.6
35.35
34.4
18.15
22.95
34.4
30.6
34.4
32.5
30.6
26.8
29.65
26.8
25.85
12.45
9.6
9.6
10.55
16.25
18.15
21.05
20.05
22.95
27.75
33.45
37.3
39.25
31.55
44
72.65
90.85
89.9
86.1
81.3
71.7
49.75
39.25
44.95
18.15
11.5
21.65234375
32.5
66
40.15
38.25
43.95
35.4
22
16.25
10.55
8.65
12.4
8.65
15.3
21.05
10.55
7.65
11.5
13.4
10.55
8.6
15.3
15.3
20.1
36.35
29.65
34.45
30.6
9.6
7.7
6.7
7.7
10.55
24.85
25.85
30.65
31.55
38.25
71.7
42.05
24.85
21.05
15.3
17.2
18.15
35.4
49.7
36.35
27.75
61.2
64.1
46.85
37.3
45.9
14.35
18.2
23.9
46.85
39.2
45.9
53.55
56.4
75.55
67.85
51.65
58.35
47.8
46.50859375
38.397412109375
55.45
57.35
36.35
33.45
45.9
48.8
62.15
78.4
66.9
55.5
51.6
51.6
61.2
59.25
33.5
25.8
32.55
48.75
47.8
43.05
38.25
21.05
26.75
44
51.65
37.3
14.35
15.3
23.9
39.2
50.65
40.15
39.25
39.25
34.4
30.6
30.6
29.65
13.4
14.35
26.75
52.6
61.2
56.45
41.15
44
28.7
35.4
50.7
49.7
42.1
49.7
23.9
17.2
16.25
9.6
12.45
40.15
63.1
72.7
74.6
59.3
40.15
41.15
55.45
92.75
34.45
16.25
13.4
9.6
8.65
13.4
28.7
45.9
18.2
43.05
58.3
69.8
82.25
44.95
56.45
46.85
48.75
38.3
22.95
10.55
18.2
42.05
43.95
64.05
59.3
28.7
28.7
31.6
59.25
40.2
57.4
66.95
31.55
20.1
33.45
35.4
44.95
40.15
32.55
43.05
72.7
84.15
102.35
87
52.6
54.5
94.7
112.85
94.7
74.55
66.9
58.3
62.15
67.85
70.8
70.75
50.7
55.45
70.75
79.35
83.2
78.4
66.9
70.8
74.6
81.3
93.75
44
52.6
61.2
71.75
79.35
55.5
22.95
19.1
15.3
18.15
31.6
52.6
66
51.6
50.65
65.95
90.85
96.6
42.1
58.3
61.2
58.35
65.95
79.4
71.7
51.6
55.34296875
53.55
72.65
84.15
78.4
83.2
76.5
84.2
94.2640625
105.2
91.8
73.65
78.4
87.05
95.6
87.05
44.95
41.15
43
43.05
79.35
63.1
44.95
61.15
68.85
76.5
92.75
66.95
30.6
24.85
23.95
22.95
24.85
41.15
42.05
30.6
51.65
62.15
69.8
49.7
20.1
14.35
16.25
34.45
43
62.15
50.65
51.6
46.85
30.6
18.15
26.8
13.4
9.6
8.65
13.4
15.3
28.7
44.9
33.45
26.8
9.6
16.25
17.2
14.35
12.45
12.45
15.3
23.9
53.55
52.55
39.25
28.7
40.2
40.15
31.55
20.05
21.05
20.05
19.1
27.75
42.1
25.8
10.55
12.45
15.3
21.05
22
16.25
16.25
16.25
19.1
27.75
34.4
16.25
6.7
7.65
6.7
12.45
15.3
20.05
16.25
18.15
16.25
26.8
38.25
39.2
25.85
22
41.1
57.35
51.6
25.85
20.05
20.05
18.15
24.85
52.6
29.65
11.5
10.55
12.45
17.2
21.05
12.45
13.4
15.3
19.1
18.15
21.05
16.25
10.55
12.45
21.05
32.5
30.6
21.05
15.3
19.1
21
22
28.7
24.9
20.05
27.75
53.55
76.5
63.15
62.15
85.1
79.35
69.8
56.4
48.75
42.1
33.45
60.2
88
123.400005
135.8
122.4
67.85
46.85
47.563427734375
47.7991302490234
47.8
47.8
63.1
76.5
89.9
100.4
125.25
107.1
98.5
91.8
84.2
93.7
96.55
82.25
64.05
79.35
90.85
86.1
90.85
76.5
74.6
83.2
82.2
95.6
82.25
78.4
51.65
46.85
65.05
87
83.2
72.7
67.85
62.15
62.15
69.8
67.85
43.95
20.1
21
32.55
52.55
59.3
62.15
53.55
56.45
47.8
46.85
59.3
55.45
54.5
64.05
82.25
88.95
102.35
84.15
68.85
73.65
88
111.9
76.5
55.5
69.8
78.45
93.7
95.6
102.35
78.4
77.45
79.4
91.8
81.3
59.3
57.4
62.15
80.35
90.85
101.35
101.35
81.3
77.45
66.9
79.4
79.35
60.25
55.45
60.25
74.6
85.1
94.65
100.4
97.55
73.6
69.8
69.8
51.6
66.9
58.35
59.3
67.9
81.25
73.6
50.7
21.05
16.25
14.35
17.2
21.05
32.5
12.45
18.2
47.8
42.05
54.5
85.1
60.25
54.5
49.7
61.2
93.7
85.1
65.05
68.85
72.65
108.05
102.3
96.55
90.85
78.4
69.8
65
65
67.9
53.55
56.45
63.1
65.95
75.55
94.65
76.5
45.9
45.9
53.5
61.2
51.65
45.9
46.85
56.4
65.95
64.05
63.1
29.65
19.15
14.35
18.15
49.7
80.3
41.1
34.45
53.55
61.2
63.1
72.65
34.45
22
26.8
53.55
59.3
75.55
46.85
28.7
31.55
32.5
40.15
44
84.15
82.25
69.8
65
68.85
80.35
57.35
34.4
32.5
39.2
64.1
77.45
82.2
55.45
46.9
61.2
65.05
84.15
62.15
35.4
36.35
43.05
40.2
44.95
46.85
51.6
56.4
73.65
73.65
84.2
65
25.85
31.55
52.6
72.65
75.55
61.2
49.7
46.85
51.6
56.4
66.95
66.9
60.25
71.75
78.45
81.3
83.2
81.3
65.95
70.75
63.1
69.8
70.75
53.55
46.85
65
78.45
84.15
67.9
59.3
51.6
48.75
48.75
46.85
45.9
40.2
44
48.75
40.2
43.05
36.35
36.3
35.35
23.95
24.9
23
20.1
8.6
5.75
12.45
24.9
26.8
25.85
26.8
28.7
23
29.65
26.8
18.15
4.8
4.75
12.45
33.45
47.8
50.65
46.85
55.45
74.6
81.3
63.1
51.65
44
48.75
62.15
67.85
82.25
75.55
48.75
65
60.25
67.85
94.7
95.65
40.15
22.95
22.95
36.35
42.1
43.05
39.25
36.3
41.15
40.2
39.2
56.4
45.9
40.2
62.15
50.65
51.65
53.55
14.35
16.25
27.75
40.15
59.25
79.35
60.2
11.5
18.2
33.5
50.65
59.3
67.85
67.62734375
68.7852142333984
68.7999422430992
72.65
82.25
63.1
66.95
80.35
80.3
87
65.05
19.15
10.55
6.7
28.7
63.1
68.85
35.4
17.2
18.15
27.75
40.15
49.7
59.3
57.4
59.3
59.3
61.2
67.9
32.55
19.1
41.1
56.4
69.8
79.35
41.1
27.75
38.25
40.15
70.75
75.5
49.75
56.4
63.1
65
42.1
46.85
33.45
29.65
44
57.35
62.15
44
39.2
41.1
53.5
65
71.7
69.8
32.55
16.25
17.2
15.3
21.05
42.1
52.6
31.55
45.9
57.35
64.05
34.4
24.9
13.4
11.5
16.25
41.15
42.1
39.25
42.1
30.6
52.6
66.9
52.6
30.6
25.8
29.65
35.35
43.05
66
56.45
56.4
65
68.8
77.45
82.2
72.65
65.05
44
59.3
70.75
81.25
35.4
17.2
20.1
31.6
44
55.45
69.8
28.7
50.65
47.8
54.5
65.95
29.65
15.3
22
32.55
32.5
51.6
54.5
48.75
42.1
37.3
38.25
38.25
14.35
8.65
13.4
31.6
46.85
43.05
44.95
45.9
44.95
44.95
59.3
65
34.45
17.2
23
32.5
45.9
54.5
66.95
71.75
59.3
48.75
51.6
52.6
38.25
11.45
2.85
12.45
18.15
22
12.45
11.5
8.65
10.55
29.65
29.65
27.75
17.2
30.6
32.5
28.7
48.75
19.1
14.35
26.8
34.45
49.7
48.75
22.95
12.45
17.2
25.8
36.35
50.65
62.15
62.15
69.8
59.25
50.7
49.75
22
18.2
21.05
12.45
19.15
27.75
15.13671875
20.930419921875
9.6
10.55
16.25
22
22.95
9.6
12.45
18.15
29.65
45.9
65
68.85
40.15
29.65
39.25
62.15
32.55
16.25
19.1
38.25
54.5
80.3
38.25
12.45
15.3
15.3
39.2
54.5
19.1
24.85
34.4
44.95
54.5
62.15
74.6
67.9
54.5
29.65
35.4
31.55
38.3
42.1
50.65
57.4
62.15
59.3
27.7
18.15
20.1
28.7
47.8
49.7
44
40.15
40.15
55.5
61.2
65
44
22.95
24.9
48.8
76.5
68.85
49.7
44
51.6
50.65
56.4
52.55
31.6
17.2
19.1
16.25
27.75
23.9
10.55
7.7
6.7
10.55
16.25
26.75
46.85
28.7
21
35.4
55.45
62.15
50.65
48.75
38.3
50.65
61.2
72.65
74.6
66.95
56.45
54.5
62.15
64.1
29.65
15.3
16.25
24.9
26.8
27.75
35.4
35.35
39.25
39.25
38.25
39.25
18.2
8.65
12.45
22.95
34.45
38.3
45.9
48.75
46.85
50.65
46.85
43.95
18.15
13.4
17.2
27.75
30.6
45.9
40.15
40.2
40.2
43.05
46.85
36.35
18.15
12.45
17.2
26.8
35.4
41.15
48.75
53.55
56.4
65
74.6
67.9
44.95
35.4
36.3
41.15
41.15
47.8
59.3
59.3
66
77.45
84.15
88
67.9
45.9
56.4
59.3
54.5
30.6
21.05
16.25
10.55
19.58056640625
35.35
68.8
47.8
27.75
28.7
42.05
53.55
67.85
63.1
53.55
44.95
53.55
65.95
57.4
30.6
20.05
19.1
25.85
27.75
32.5
38.25
46.85
49.7
66
79.35
86.05
63.1
34.4
20.05
47.8
26.8
62.3046875
76.5
65.05
55.45
45.9
39.25
35.35
22
26.8
35.35
55.45
38.25
36.35
44.95
40.2
40.2
38.25
32.5
23.9
13.4
7.7
12.45
20.05
22
30.6
30.6
33.45
34.4
37.3
45.9
58.35
34.4
32.5
46.85
55.45
62.15
39.25
42.1
48.75
53.55
76.021826171875
79.35
76.5
43
20.05
22
37.3
54.5
53.55
50.65
49.7
46.85
50.65
46.85
53.55
33.5
30.6
38.25
55.45
55.5
54.5
57.4
54.5
53.55
69.8
74.6
69.8
35.4
19.1
22.95
35.4
46.85
46.85
53.55
44.95
44
47.8
46.85
48.75
23.9
10.55
12.45
22.95
33.45
34.4
36.3
32.5
63.1
78.45
65
55.45
40.15
24.9
37.3
34.45
37.3
44
43.05
37.3
28.7
35.35
31.55
29.65
23.95
18.15
19.1
23.95
30.6
37.3
49.75
59.3
71.7
77.45
86.1
94.65
73.65
63.1
62.15
68.85
39.2
34.45
24.9
17.2
19.1
22
50.7
54.5
28.7
18.15
26.75
32.5
41.1
47.8
52.6
52.55
53.55
61.2
55.5
54.5
27.75
19.1
21.05
42.05
51.6
61.2
62.15
61.2
45.9
51.6
58.35
54.5
33.5
23.9
22
43
46.85
51.6
53.55
50.65
46.85
48.75
53.5
48.75
25.8
13.4
17.2
33.45
39.25
37.3
33.45
38.3
32.5
29.65
26.8
22
17.2
22
31.55
40.2
55.45
65.95
58.35
44
41.15
44
45.9
49.7
31.55
23.95
31.55
39.25
44
54.5
65.95
68.85
66.9
79.4
84.15
47.8
45.9
44.95
60.25
55.45
62.15
60.25
68.8
63.1
57.4
62.15
64.05
65.95
40.15
27.75
34.45
47.8
54.5
64.05
76.5
74.6
74.6
85.1
88.95
77.45
62.15
60.25
58.3
60.25
59.3
60.25
44.95
32.5
58.35
59.25
47.8
56.4
48.75
37.3
44
42.1
43.05
46.85
58.3
62.15
60.25
59.3
55.45
53.55
40.15
28.7
32.5
42.1
53.55
58.35
64.05
56.4
53.55
53.55
51.6
44.95
29.65
21
30.6
43.05
45.9
56.4
58.35
54.5
62.15
62.15
67.9
56.4
44
37.3
45.9
60.2
83.2
79.4
63.15
54.5
54.5
50.65
51.6
42.1
39.25
42.1
48.75
51.6
57.4
67.85
74.6
67.85
56.79765625
49.7894927978516
49.7003495812416
49.7000013655517
49.7000000053342
49.7000000000208
49.7000000000001
49.7
49.7
49.7
49.7
49.7
49.7
49.7
49.7
49.7
49.7
49.7
49.7
49.7
49.7
49.7
49.7
49.7
49.7
49.7
52.55
49.7
47.8
42.1
49.7
60.25
59.3
60.25
53.55
45.3359375
38.3887145996094
38.3003261566162
42.1
54.5
38.25
32.5
33.22734375
37.3
43.05
51.6
56.4
42.05
36.35
32.5
38.25
32.5
34.4
28.7
33.45
40.2
46.85
51.6
62.15
54.5
49.7
56.4
60.25
51.6
46.85
44.95
51.6
65.05
68.85
70.75
68.8
67.85
65.95
78.45
80.35
66.95
57.4
57.4
65
69.8
67.85
65.95
67.85
66.9
65.95
65.95
65.95
67.85
55.45
56.4
66.9
68.85
71.7
73.65
79.35
74.6
72.65
77.45
88.95
65
59.3
80.35
74.6
80.3
80.3
83.2
107.1
86.1
122.400005
74.6
65.95
61.2
54.5
64.05
66.9
