"x"
85.1375
89.5625
83.0375
80.9625
61.775
63.35
59.4625
31.95
18.625
17.2625
9.125
20.71875
28.8875
21.25
33.075
42.8875
34.7375
33.075
28.2625
25.4
29.95
28.0875
33.225
50.290625
59.5
36.375
46.3
68.9625
54.1375
38.9625
33.2625
36.8625
45.3375
46.1875
32.0875
46.859375
57.8125
65.75
48.3875
51.0875
37.3875
34.9125
35.925
34.9
36.875
33.9125
18.6375
20.1625
21.3125
29.9125
31.65
31.4875
32.825
34.5375
21.775
32.2875
31.375
32.7125
58.1375
50.9875
55.5625
74.1125
97.75
85.575
62.3125
43.7375
39.5125
42.5375
52.2875
25.225
14.7125
13.14375
31.225
55.625
119.3999975
129.0750025
135.7499975
111.1125
95.6375
90.2875
61.4375
31.0375
23
28.159375
47.2875
58.475
72.925
89.9375
108.0375
97.4375
85.475
113.38749625
69.0625
45.75
72.475
104.509375
150.89999875
167.22499875
179.85
172.5499975
121.53750125
98.5875
73.775
72.675
58.6125
52.8875
61.25
66.921875
96.625
120.5625
126.6375
121.36249875
86.6125
66.9
61.3625
58.2375
65.7
57.5625
40.6875
34.378125
40.075
77.35
63.85
84.9
58.0875
40.7625
27.475
21.625
36.525
23.275
10.75
28.31875
67.7
88.8375
90.5
92.33750125
123.6
94.0625
109.225
113.8125
110.6
71.325
53.125
87.228125
63.7375
48.425
75.125
89.2
86.2
95.9
94.425
83.6875
50.5625
37.9375
28.175
25.1375
36.8125
59.7125
101.6
150.3249975
126.1875
96.7
79.5125
80.9625
62.9625
55.0375
55.9125
66.675
83.475
96.6375
89.5875
58.3375
56.575
50.4375
43.8375
39.3
22.825
31.7125
40.7125
46.415625
53.425
42.525
31.7
38.125
23.0125
17.3
19.6125
14.9375
21.175
21.75
13.9
23.64375
37.4
40.625
43.2625
40.525
42.225
36.55
37.075
48.325
46.2
24.2
9.9875
9.3
44.7875
62.2125
75.2375
65.275
59.0125
43.6625
33.1125
33.8625
25.2875
12.7125
7.9375
10.4625
19.75
27.8875
35.2125
51.15
53.725
53.675
61.1875
68.475
37.3125
11.05
4.6125
3.796875
5.5375
20.5875
25.1
23.1125
32.95
57.125
72.8125
54.8125
47.125
37.9375
47.25
43.103125
37.3875
40.775
46.1125
44.2625
19.6875
9.7375
22.0375
21.2625
32.375
30.1
33.525
42.803125
53.15
60.9875
65.5125
60.575
50.575
44.475
40.5625
38.1375
27.55
10.1
7.2875
12.925
31.45
33.3
33.5
27.075
29.9375
29.825
28.95
20.725
13.75
8.1875
7.7375
14.840625
26.275
40.0625
45.7625
27.4625
37.85
37.6875
42.7125
42.575
25.0375
18.375
20.8375
29.371875
37.7125
41.9625
48.125
57.3125
45.5375
36.5875
43.0625
45.7375
26.525
13.2125
17.3125
25.56875
38.05
40.3625
58.5125
56.95
59
55.7
63.2125
76.125
66.8625
41.5
18.8375
41.184375
64.1125
60.025
50.0125
36.2375
25.0875
15.6625
21.975
19.0625
15.425
19.3
10.325
21.021875
45.1875
51.2125
51.575
59.825
66.0625
67.0125
58.2625
60.6
56.725
56.6125
48.175
57.565625
64.3125
71.2
87.6
92.4
84.075
78.125
73.725
77.95
75.125
59.8375
55.6875
65.18125
69.45
71.2125
78.4
79.1375
73.3875
68.7
63.125
70.8
69.875
61.6625
64.3125
70.490625
72.2
73.9
77.85
87.825
72.0625
50.3125
66.45
70.9375
60.4125
32.6125
35.6375
48.196875
48.0375
51.1
65.95
67.3875
50.6125
49.3875
52.2125
57.2875
44.8375
23.2875
25.725
29.3625
35.275
40.125
48.3625
57.825
48.575
35.1875
28.8125
28.925
31.5125
24.475
21.1625
23.2125
28.4625
35.2875
39.875
41.55
43.0625
42.05
42.4375
44.8875
47.25
47.4375
47.525
49.90625
53.0125
55.975
56.3
53.3875
50.7
50.975
50.45
51.9875
48.1125
46.95
47.4125
49.040625
49.4625
51.775
57.9375
59.95
62.5625
59.775
57.6375
61.4625
60.825
49.9125
47.3375
51.909375
60.0875
66.575
71.375
79.05
65.7875
66.85
69.6375
67.4875
65.45
58.575
59.2875
61.634375
61.9125
65.05
64.7375
67.6875
58.125
50.7375
49.5
53.825
54.6625
49.7875
50.3125
55.190625
55.4375
53.5375
57.8625
58.1625
50.5625
44.8375
42.125
39.1
43.6
25.9875
19.975
25.075
35.1625
46.8875
57.9875
66.4
51.2
41.775
37.625
47.7875
36.3
28.3375
28.3
38.065625
38.625
32.725
33.1625
30.25
41.775
41.4
35.025
33.2875
20.6625
12.925
12.95
18.65
23.925
31.5
37.95
36.5625
35.3375
40.4375
41.4625
40.325
29.4125
11.3125
13.7125
28.84375
29.95
35.975
46.4375
48.3
48.3
50.3375
42.5375
53.1625
39.9125
31.475
34.9625
44.41875
57.2625
65.4625
84.0375
86.025
72.4625
59.425
61.3
75.0125
62.2
21.15
16.5375
22.53125
32.5875
35.0625
35.825
40.8625
24.725
49.593359375
64.5375
60.475
65.15
50.775
52.55
79.165625
92.2
89.5125
90.9375
95.275
66.85
52.575
60.7625
69.9
66.75
38.6
17.2
20.88125
40.0375
52.1625
59.2625
50.85
27.2125
13.9875
22.05
25.8625
24.8625
10.025
5.3
7.646875
14.25
20.8625
28.675
38.6375
18.0375
16.75
26.1875
20.8
15.5125
10.7875
11.4875
27.965625
40.05
50.4625
61.525
57.2
58.475
59.125
62.8
47.8875
41.6625
31.9
38.225
49.303125
50.375
55.95
56.975
49.1875
53.6625
46.95
44.05
63.4125
82.075
61.7
66.0375
68.2625
69.05
81.4125
81.6125
81.6375
49.075
34.9
46.7625
73.4
66.0375
35.15
26.5375
33.40625
38.975
40.6875
59.2375
62.125
56.35
51.7125
63.25
70.025
45.575
19.9375
10.325
29.915625
56.725
79.325
94.725
92.775
57.675
55.5
81.9625
117.47499875
77.7125
60.55
60.3625
57.59375
54.9625
56.375
47.8625
56.9625
49.05
62.6875
62.85
70.025
71.8
54.125
55.625
64.775
75.8875
85.6625
98.175
88.3125
84.35
64.125
70.6375
70.45
66.8375
59.1375
66.4375
61.10625
67.825
76.0875
98.1875
86.2625
42.1625
38.7625
66.45
65.025
52.55
53.7125
30.6375
25.59375
38.2
52.0375
61.15
95.5625
62.3375
47.6375
39.6125
79.9875
71.0625
26.25
11.9875
34.190625
61.3375
78.925
90.15
69.1125
61.6
71.15
68.1
69.9
54.2125
29.9
29.7375
40.8625
41.95
46.6125
60.475
63.4
64.7
55.275
50.3125
66.25
51
18.4
19.5375
35.665625
50.975
62.4875
75.0125
77.025
57.5625
52.6375
60.2625
79.5375
66.1125
47.575
46.35
50.2375
61.8125
71.4125
108.2125
164.7499975
130.73749875
93.5
91.325
68.85
54.3875
43.4125
40.375
56.809375
77.925
71.075
58.9875
46.125
43.225
41.2625
45.4125
41.6125
41.0625
36.9125
33.75
43.596875
51.125
53.275
63.75
67
54.1125
58.4625
70.9125
65.3
61.8375
51.5
63.825
83.55
97.375
101.6
105.6375
115.4625
72.9375
54.175
69.2625
97.725
90.5625
56.0375
43.775
56.8125
81.725
53.375
81.925
68.0375
60.5375
44.2625
37.2125
36.6875
20.2875
18.55
15
20.15
32.725
55.5625
98.7375
94.3375
68.5
43.1
51.55
88.4
73.7875
42.325
34.275
58.971875
78.2125
89.5125
89.3625
83.9625
49.075
54.725
45.5125
45.9125
53.6875
34.2625
22.4875
25.459375
55.3875
65.975
74
64.5625
47.4875
39.625
41.1375
64.8375
83.925
34.5375
20.5875
52.190625
63.425
29.4
33.8125
50.425
39.675
35.1625
59.2875
48.7125
42.3
48.025
38.8625
47.834375
72.4125
99.3625
103.0125
73.9
34.8875
28.1625
35.7625
47.2375
36.6375
20.8375
23.8
27.33125
14.05
31.2625
43.95
37.725
52.3
57.3
58.6125
64.45
55.8125
45.2875
46.0875
50.34375
57.3125
61.5875
57.2125
48.775
12.4875
8.4125
11.6125
34.4375
67.775
17.6
33.3
20.234375
23.5125
16.35
35.8875
48.55
66.9875
49.5625
53.3125
61.1
33.1125
14.0875
12.2875
18.278125
29.325
35.8375
54.2125
64.3375
69.6125
69.2
75.525
125.0499975
97.78750125
68.6375
63.85
108.796875
108.8875
125.17500125
117.66249875
78.9625
50.4875
20.325
23.1125
50.1125
64.5625
34.8375
25.2625
27.384375
56.1875
64.9125
66.1875
64.925
30.65
22.3125
28.525
26.05
18.9625
10.7125
7.6
6.878125
23.9
30.8375
44.4875
61.1
74.9
58.4875
68.225
63.3375
65.9375
40.025
28.3625
22.475
33.1375
37.925
47.75
59.8
48.475
42.5125
45.275
67.3875
60.5625
40.1125
48.025
55.53125
74.3125
80.8
99.975
110.8125
100.2625
99.1625
94.425
86.3125
62.15
39.8875
35.05
47.29375
55.2875
65.2625
76.025
79.65
66.8625
62.4875
60.2125
61.3
50.475
23.55
26.1625
31.7625
34.2625
52.3125
62
69.9
64.05
48.125
56.6625
75.6
83.6
54.9875
61.375
85.115625
92.275
101.425
99.9125
104.4875
33.0875
27.35
40.8125
59.7875
74.95
37.4125
28.6625
23.878125
29.675
32.35
17.25
8.5875
4.5625
4.2125
4.6625
3.5375
2.7875
1.6
2.975
7.8375
11.975
56.675
78.4
68.1
30.8
11.0375
9.25
12.375
19.925
13.2875
5.6375
6.4625
7.3
13.4125
34.375
52.5875
34.35
40.2625
33.0125
42.925
50
31.1625
21.8375
32.071875
47.7
62.975
74.625
81.7875
66.5125
65.7875
82.0875
114.0375
121.53125125
66.525
44.225
35.9125
40.35
41.0875
65.425
49.5625
19.8875
12.7125
11.85
17.0625
40.9625
23.4875
5.5125
4.21875
6.4625
15.7375
60.325
76.975
62.15
54.9875
52.8125
59.775
79.625
37.025
10.9125
10.51875
48.375
74.8375
72.7625
78.1125
69.35
57.0875
67.9625
112.72499875
123.15
68.75
44.1
40.334375
44
45.775
57.475
62.9125
67.475
85.3125
104.8875
103.1375
99.5125
79.8125
93.15
121.89687625
145.3625
141.4624975
146.37499625
98.1125
40.075
39.1375
59.2625
77.125
95.2
68.3
60.05
69.071875
63.3
72.1125
82.225
74.7625
67.5875
68.725
87.5125
97.8
115.8375
83.0625
62.1
57.2
76
72.0125
84.1
68.8625
38.575
24.8375
30.3625
51.0125
50.7375
52.35
44.75
38.6375
41.6875
44.5
66.0625
78.075
69.9875
51.5
50.865625
52.9734375
62.45
23.125
9.05
6.665625
9.35
17.225
28.7375
40.0375
51.05
90.825
82.475
83.9
99.05
73.3875
45.2125
43.190625
60.9875
83.4125
86.325
81.925
51.35
34.95
32.66875
30.225
21.2875
10.8
6.5625
18.790625
25.85
35.2375
46.8625
50.15
48.375
77.2
94.0625
108.075
93.975
74.1625
60.4625
72.1375
76.4875
87.8375
103.075
88.38749875
37.65
19.9625
17.175
48.05
57.7
56.1875
45.25
47.259375
61.6
72.3375
76.425
87.7125
84.9
64.2875
46.925
48.3625
63.15
49.4
27.65
28.909375
36.525
39.2625
42.55
54.8125
50.4875
46.7375
36.4125
43.8375
49.3375
38.475
22.7625
25.421875
37.0375
52.0625
57.5
57.175
52.3875
37.5375
35.825
46.81875
73.7125
63.075
48.2
48.68125
50.7
54.6375
66.15
78.5375
70.575
54.325
55.8
72.1125
122.2625
98.5625
56.3375
50.384375
63.4625
67.15
76.525
89.07500125
69.425
63.5125
74.075
86.6
127.51250125
83.125
50.6
59.96875
68.7
54.575
71.2125
56.5125
30.8375
31.35
29.2
21.6875
22.3375
14.85
5.75
7.440625
8.0625
11.6375
10.15
17.5625
18.35
7.15
19.6875
35.3875
44.875
46.15
45.8375
52.809375
73.1125
75.325
71.8125
45.8
17.3625
19.6125
31.35
54.5625
73.525
64.25
43.5375
43.76875
50.1375
44.2
53.75
27.3875
18.0625
13.5
19.175
27.5875
48.05
15.225
35.9625
30.578125
37.4375
59.7625
74
71.825
60.2875
35.425
60.55
64.8875
98.7
93.45
71.5875
76.146875
85.3125
97.2875
117.8125
132.87500125
120.025
91.35
95
156.06249625
96.875
52.2
47.4
52.125
72.5875
86.65
97.25
85.1625
57.6125
47.3625
62.175
84.3625
75.2875
57.975
33.4375
48.446875
64.9
78.4125
84.25
71.2875
35.9625
38.35
29.1
36.1375
47
40.55
27.275
28.440625
49.075
70.3875
81.0375
77.6
56.175
43.95
47.175
69.475
67.8375
61.125
50
56.353125
55.4125
48.6625
52.2625
59.175
69.2
56.575
52.025
49.85
56.7125
58.9625
34.65
33.15
40.975
47.3625
57.2625
66.125
41.1
32.6125
28.025
36.5125
26.8625
20.35
10.6125
20.021875
21.9125
31.525
47.625
44.85
18.85
17.2
30.45
40.9875
40.9625
40.2375
37.825
41.684375
44.9375
52.125
63.725
56.5
43.4125
34.975
29.1375
34.375
50.4625
42.475
22.8875
23.384375
32.1625
47.5875
42.8
45.225
33.275
26.475
27.375
26.325
38.5125
34.5625
11.05
7.4
17.4375
28.55
36.5
27.025
24.9375
21.8
26.7375
28.7
21.55
24.1125
16.075
25.4375
48.6625
51.8
64.85
68.025
44
42.725
41.25
47.0125
54.4125
52.2125
52.8125
58.671875
64.5625
68.9375
68.1375
66.55
70.65
54.6625
55.4375
62.3375
73.5625
56.3125
27.0375
27.3875
35.35
42.85
54.225
72.8125
63.225
49.375
43.6
43.6375
57.0625
48.7875
20.3875
19.48125
30.65
39.775
54.575
60.1125
50.625
46.6875
39.2375
41.7375
72.9875
49.65
22.1625
21.39375
33.4375
41.4
51.2375
71.2125
70.825
52.8875
45.675
46.5375
66.6875
59.275
46.7125
29.484375
21.4625
38.9125
53.3125
61.45
49.275
46.575
42.1
42.95
60.35
42.8
45.0125
35.59375
35.875
37.8
44.9625
40.725
32.8625
33.0375
35.95
37.9
30.35
24.2125
13
11.815625
21.475
22.65
27.7125
42.025
41.4
34.4375
44.1
43.15
43.2875
29.9875
15.1125
18.65625
24.0375
33.8375
45.3875
69.25
53.85
42.125
39.8375
42.7375
58.9
48.95
28.8125
22.80625
32.075
36.05
44.1375
52.5875
46.425
43.975
44.4375
48.3125
56.6625
72.875
46.5375
26.9
20.9
30.6625
43.8625
62.1125
61.6375
54.5
51.35
62.825
65
52.5
36.2375
41.465625
72.625
88.5
93.075
75.25
40.65
29.45
26.275
40.9875
66.475
88.05
51.25
40.490625
48.0625
39.2
31.025
62.4625
84.8
56.75
51.05
50.6375
61.175
55.4625
49.9375
54.25625
57.0125
68.6875
58.0125
36.9375
31.9875
31.225
34.9
37.1375
49.3
38.975
38.6625
47.109375
53.3
58.2
49.15
41.475
33.35
34.825
34.9125
28.8375
41.3875
18.725
15.9
15.365625
21.4625
31.05
37.9875
40.95
32.075
26.675
35.3125
38.9625
54.325
44.225
19.575
11.6625
20.2125
33.25
57.7375
54.9375
51.6875
32.775
35.0625
52.3875
72.925
77.4125
65
76.9625
87.4875
96.0859375
101.525
80.6625
51.4
62.9375
66.125
66.9375
76.475
67.5875
48.0125
47.775
58.0625
68.5625
75.45
83.2
69.1875
47.5375
46.9625
52.2
62.1
47.0125
21.375
15.528125
22.6375
38.2875
47.25
48.775
42.2
38.1
42.4125
52.6125
75.925
68.7875
48.8125
51.70625
67.0625
90.425
95.85
58.1375
39.2125
35.8
31.275
27.375
25.9
26.8625
22.7375
23.253125
32.05
39.6375
46.575
43.9125
30.5
18.625
24.275
19.075
22.975
11.75
3.675
5.14375
6.0875
27.4125
35.225
32.2625
31.3375
30.9125
30.1125
31.975
43.375
42.1375
23.4625
21.696875
24.9125
34.275
43.975
28
44.625
25.4
24.875
34.3375
33.4375
34.6
43.6
61.30625
61.3875
78.9875
53.8375
21.25
32.5375
33.3875
39.3875
46.6
56.1875
63.8625
25.5625
20.59375
57.1625
61.425
54.3375
59.075
45.5875
43.2125
37.6625
40.7625
55.675
41.875
15.35
5.51875
7.725
16.6625
20.8
21.925
22.175
24.025
25.5375
22.475
16.6
14.4625
8.85
9.93125
18.0125
17.1625
21.1625
18.3
24.15
21.5375
27.375
23.3875
15.8375
21.225
22.5875
20.05
29.825
28.15
31.5625
16.3875
28.1375
18.675
19.1125
25.8
37.2375
28.95
27.2125
39.03125
53.975
53.3
45.025
41.5375
22.9875
25.3125
19.9625
41.3
55.0125
58.2875
52.1125
53.978125
49.2125
63.225
59.9375
51.875
25.575
25.175
40.3
47.7125
41.75
57.2875
44.1
40.715625
49.4625
55.8875
72.4875
74.725
40.825
32.6375
31.05
36.675
46.0875
32.8625
23.25
17.15
26.425
43.475
48.075
59.1625
42.5375
28.6
23.1875
21.2375
33.0625
25.025
27.275
19.503125
29.525
36.175
37.075
38.975
34.4875
42.6625
41.2
47.6625
52.9875
45.3
31.6875
33.690625
38.25
59
60.4375
36.6
32.3375
26.075
19.3625
31.1375
27.7125
15.4125
13.9625
23.965625
35.5875
46.0625
64.825
45.0125
32.3125
31.3125
34.9375
55.1125
90.6125
76.7375
71.15
85.578125
45.425
47
47.6625
67.625
88.45
67.525
90.6125
78.675
83.1375
56.8875
23.8375
15.5375
20.15
19.0875
23.6375
29.45
41.125
32.725
37.2125
50.0875
63.05
81.1875
64.275
77.359375
94.475
108.725
117.5875
130.47499875
94.875
74.5875
64.1125
65.8
75.9
65.95
36.0375
20.0625
21.6125
29.6625
30.5
38.8125
27.4375
21.0625
32.6875
24.7375
24.5875
30.2875
35.05
39.31875
62.825
55.2375
51.025
46.9125
31.15
28.0125
32.675
34.275
42.5375
37.7125
27.775
32.23125
41.0125
47.4125
55.4125
33.3375
35.325
38.2921875
27.1125
25.5
29.8875
26.1125
9.75
12.459375
20.95
42.575
35.925
17.4375
11.65
19.6375
25.85
29.2875
23.9
32.775
20.675
4.109375
14.475
16.3
12.8
16.825
20.3
12.95
8.0375
14.0125
34.3875
37.7625
5.675
1.825
13.3625
16.025
10.35
23.425
29.525
22.775
20.925
22.2625
30.4125
30.1375
20.6
18.259375
22.525
22.975
22.575
17.1125
13.1
8.9
14.1125
29.225
40.7125
48.75
33.7875
31.9625
38.175
49.4625
44.2375
36.7625
25.5125
14.75
13.825
14.55
14
9.3125
9.675
10.475
12.85
15.2625
34.9375
32.3625
11.7
10.65
21.175
27.15
36.925
43.5375
48.95
45.996875
55.025
51.975
39.7125
52.9625
71.5125
50.525
42.6625
46.975
62.2375
60.2125
44.9875
48.2375
61.975
60.725
54.65
54.8
54.7375
42.65
48.925
46.65
52.775
49.4625
38.1125
33.784375
33.1625
41.7875
44.825
44.4875
48.75
31.15
29.325
19.55
21.8125
31.2
23.8875
18.040625
26.025
47.725
53.7625
54.375
34.875
23.3
32.65
44.0125
55.975
53.7875
61.5
71.08125
85
84.5875
50.3125
59.5875
54.3
48.275
49.0375
59.85
70.425
59.0125
60.375
54.865625
73.9125
90.85
77.6625
20.5
27.9625
28.7625
28.375
33.675
29.8875
39.9875
43.825
54.809375
66.9625
73.2875
63.4875
41.175
26.2
32.9875
31.575
39.875
37.3
34.3875
23.1
37.190625
40.05
64.5625
71.9625
91.1875
73.625
51.3625
47.8
50.4
66.9375
54.775
44.55
51.346875
58.6625
62.125
57.025
45.9
39.4375
28.6375
27.9125
24.5375
28.75
33.35
33.7
35.259375
33.225
38.2125
40.5375
37.625
40.6625
41.4125
37.5625
31.7625
38.1625
42.0125
37.3
26.365625
41.075
39.2625
33
24.7
29.4
25.6
28.6375
27.9375
42.5625
37.6
16.8125
25.484375
31.0875
41.7375
39.025
39.5625
36.2375
30.95
29.8625
31.65
37.3625
29.7
9.3625
6.9
12.625
31.675
31.3875
22.5125
21.75
31.6125
30.9375
26.0875
24.7875
23.9375
24.2
17.8875
30.1625
51.45
51.5375
31.75
25.4125
19.475
20.6125
34.725
39.9625
31.2
15.7375
15.915625
21.375
46.65
58.525
50.7625
42.9125
41.15
46.7625
40.925
41.3
35.2875
17.4875
19.340625
23.85
37.65
41.4625
48.85
38.3625
29.6875
20.2875
13.1625
17.3375
21.425
10.0875
7.88125
32.3
45.3
47.075
39.3125
24.6625
16.875
30.55
38.4875
35.5875
40.5
17.6125
16.484375
28.625
38.9375
43.9125
37.7125
37.025
27.4125
23.875
22.05
33.75
30.3625
12
6.984375
12.1875
20.0375
19.5625
30.25
28.3125
29.9125
23.85
21.2375
44.1375
38.025
10.575
7.1625
9.9
16.075
23.4125
27.625
22.4125
23.35
19.65
19.1625
9.4875
11.55
16.7625
16.871875
29.475
20.6125
17.2625
11.725
10.1875
12.6875
12.425
10.025
20.2875
33.65
39.6625
57.2125
65.025
43.35
27.3125
28.9125
35.1125
29.75
37.325
29.5875
40.6
33.4125
6.8375
10.9625
8.325
17.6625
38.325
23.0375
12.475
16.95
18.725
15.0125
17.375
18.75
14.55
9.134375
23.1125
27.125
22.125
21.5375
18.4
26.3375
28.4125
31.8875
45.325
49.6375
47.4
51.66875
53.2875
66.8375
42.6375
34.9625
27.2
25.4
22.95
23.675
41.325
43.925
45.8
43.425
31.075
25.1625
26.575
15.275
16.5125
17.4125
24.8
22.1
34.1375
42.7875
44.45
20.315625
19.9875
20.1375
13.6125
12.0625
10.95
8.75
11.55
12.7125
5.275
10.0625
17.025
24.978125
24.825
29.05
28.9375
33.8
39.575
32.1875
26.4
28.2375
25.2625
21.1375
16.8375
13.734375
31.1625
49.3625
51.2125
50.2875
49.9875
41.6625
36.025
45.875
48.5625
42.625
42.2375
49.4875
62.7875
67.1
66.6375
60.6875
52.1625
46.7375
53.6625
63.125
64.7375
61.7625
46.525
52.4
54.2375
76.1375
53.3875
31.725
31.3125
25.9
26.7375
31.525
37.625
58.375
38.425
28.925
22.125
28.55
18.2875
14.25
25.95
12.0125
18.325
52.375
36.4125
24.15
21.1
27.25
42.1625
48.1
38.5625
33.95
34.1125
21.2125
26.7
31.0125
45.175
49.8875
44.0375
40.95
23.525
34.0125
42.225
33.65
28.3875
23.7375
27.0875
29.175
19.175
16.4125
5.175
13.09375
18.125
33.375
34.3625
31.9875
26.2875
18.225
21.475
28.5875
25.7625
24.9375
17.9125
9.8875
12.3625
20.875
38.625
51.625
49.2375
39.6
29.225
24.9875
35.2
33.3625
18.625
15.06875
16.85
33.3625
44.3
47.1125
40.7625
25.825
16.325
19.2375
34.4375
59.4375
27.675
14.2375
16.725
26.85
33.8375
41.25
38.1375
23.45
13.8875
17.95
28.1875
43.5625
34.05
38.56875
42.8
50.525
45.8
39.6
44.925
24.2375
18.225
30.3125
29.225
43.4
34.1375
30.278125
41.75
47.8
35.025
35.2625
31.025
25.175
30.4
28.8125
31.8
31.8625
15.675
11.69375
21.725
35.55
54.725
34.5125
20.875
22.2875
23.9125
22.05
17.0125
15.25
13.2375
20.70625
35.2
47.075
49.8375
49.3625
33.4125
39.7375
49.3
61.7
62.35
44.925
55.025
59.175
64.125
50.6875
67.55
64.3875
50.6625
49.65
49.025
53.1125
54.775
50.5875
31.625
36.74375
56.3
62.95
65.375
63.1625
63.85
54.3875
56
61.4375
61.4125
53.475
20.3
17.940625
21.175
33.3
45.9875
55.0375
53.8125
50.7625
50.3625
53.1375
50.7125
48.3375
39.0125
55.6625
69.5625
72.8625
61.45
48.275
30.3125
35.45
27.5875
22.75
34.075
34.375
20.9125
27.3375
31.6
15.2875
27.8125
30.1375
27.3625
24.4625
20.8
22.45
18.5375
8.3125
5.7375
16.578125
66.725
83.9375
82.65
45.2375
31.5375
30.25
41.55
54.075
54.15
45.575
45.8875
45.34375
54.8125
59.7875
53.3875
56.2875
49.2125
49.675
49.6375
53.075
55.95
69.3
56.775
61.084375
84.925
95.3125
82.6125
53.5375
34.1625
17.4
18.3125
17.0625
21.5625
35.7125
27.8875
30.065625
50.6125
59.5375
60.2875
56.775
47.6
42.3125
41.6625
44.9
47.1875
54.1875
42.25
36.16875
40.3125
56.6
20.95
19.55
29.85
19.8375
26.125
25.6
32.8
37.55
11.9
11.465625
17.2
31.825
44.2625
48.175
44.225
43.65
40.95
33.575
47.15
47.5375
29.075
35.1375
53.15
69.65
61.3125
61.175
58.125
45.7375
40.6625
51.7125
65.625
82.775
56.2375
48.421875
47.925
67.7875
45.3
53.15
35.0875
34.9625
30.0625
20.4875
21.9375
28.8875
9.9875
12.3375
16.0875
16.475
20.9875
27.7
22.3
25.95
30.975
21.7875
16.6375
18.8125
11.425
13.50625
16.575
24
32.475
41.925
45.75
32.35
30.625
29.4125
35.8125
29.525
11.825
9.625
20.2625
36.6
38.425
40.8
36.3125
31.875
45.4875
37.9
43.075
44.175
14.025
9.509375
11.7
33.95
37.9
35.3
34.1875
23.65
21.0625
22.0625
30.775
35.8125
13.825
7.721875
14.4875
38.6625
74.4375
79.975
48.05
32.575
33.3875
38.5375
47.7125
52.2
26.7125
14.009375
28.7875
38.8625
45.975
53.55
41.375
33.9375
30.2
33.0625
44.55
44.2
25.325
16.109375
21.95
29.55
36.2125
33.3125
23.4875
25.5875
27.2125
28.6625
21.2625
22.35
12.0375
12.190625
24.05
40.575
27.0875
28.825
19.25
35.75
37.8375
34.625
41.85
27.325
16.3625
39.775
44.225
43.4125
40.625
52.35
54.2625
60.9
63.3125
77.8125
86.625
73.825
45.7
48.871875
96.75
96.0125
94.6
94.925
82.9375
62.9625
68.275
94.475
96.4125
89.5
60.3625
57.39375
67.8625
68.7
62.5375
50.8375
46.425
43.5625
43.5125
37.1125
46.4125
56.525
34.0375
25.7875
27.875
28.5375
35.3
52.875
51.7125
29.4375
27.25
27.8125
48.8875
44.6125
14.9875
11.29375
21.3875
55.7125
65.0625
74.4
76.4125
53.6734375
42.542919921875
49.1125
50.3125
62.475
37.175
29.228125
40.625
60.6625
47.5875
36.75
34.9625
50.475
65.2
62.325
46.5
45.8
27.3625
44.834375
50.0375
54.7
45.2875
47.6
49.45
41.45
44.3125
44.225
38.7375
23.65
22.9375
16.009375
26.175
36.6
43.725
27.4
27.0125
42.325
38.4875
36.65
63.3625
46.55
21.15
19.665625
21.875
28.4125
51.3875
70.4625
67.775
59.1
53.8
53.8
60.6625
44.8875
15.6
13
15.5625
24.025
33.825
49.575
52.725
40.95
43.8125
46.4875
51.5
53.75
44.6375
36.525
48.7375
68.925
73.2
82.5
69.05
48.7875
58.95
49.925
62.7625
49.25
21.325
21.871875
32.0625
44.55
49.75
34.4375
30.7
32.35
25.2375
23.925
23.425
25.5625
11.1625
7.584375
13.55
27.275
25.2125
29.5
24.5375
23.8375
29.7375
21.2625
18.0875
29.3125
22.8125
36.671875
48.5875
54.05
51.0875
41.0625
27.875
28.1625
37.2
34
37.4375
40.825
33.0375
37.65625
37.7875
59.1
57.5125
58.8875
39.3
48.2875
42.4
44.7875
50.3
35.85
19.6625
23.01875
35.3875
56.625
61.525
47.6125
54.525
18.175
25.4875
35.225
44.825
36.3125
37.725
46.61875
55.775
66.5125
53.3
44.95
35.6125
21.3625
21.3
13.85
21.3
31.0375
19.9
16.18125
18.225
38.6
37.3125
62.5875
68.4875
40.7125
35.6625
33.5375
39.1875
31.35
13.1
9.884375
10.675
25.125
17.5125
16.95
17.1625
6.675
6.95
11.275
16.2875
20.6625
2.8125
2.771875
8.6125
10.3625
19.5
20.0375
16.1125
14.6125
9.6
8.875
9.825
12.5125
6.6
3.5625
9.9
30.525
34.0375
30.575
17.225
14.6875
14.6375
8.4875
12.4375
22.8375
20.325
17.45
13
12.6625
12.65
4.3
8.475
15.7375
39.4125
56.275
55.625
41.45
16.9125
20.3625
35.3875
74.6125
49.55
24.8625
31.05
21.7125
15.825
21.9
30.975
34.6375
14.625
28.978125
51.825
63.8875
66.975
36.35
35.7625
39.3375
37.275
39.05
31.4625
22.6125
17.1125
37.715625
40.525
43
58.0125
22.5
39.025
35.025
32.7125
40.7625
47.15
58.3625
35.35
18.31875
18.0875
23.575
21.0125
25.35
16.3
23.8125
28.6125
39.0875
89.75000125
96.475
64.1375
32.85
48.7375
66.8875
60.075
40.6
27.5125
25.55
28.8
31.1625
35.6125
49.2875
37.35
39.290625
54.425
68.8625
58.025
53.9375
40.0875
30.175
44.475
56.5375
86.3375
44.6625
46.6625
42.840625
51.8875
75.8375
92.175
56.625
49.475
29.7625
20.475
28.8375
52.5625
53.9875
38.0125
35.5
46.95
75.2875
82.275
69.7625
35.85
26.675
29.375
22.4375
52.7625
72.3375
37.1375
15.325
23.4375
41.325
56.6625
47.2875
45.25
41.775
41.6375
63.3375
87.8375
85.1125
63.25
65.384375
71.8375
80.3734375
64.275
54.325
50.675
32.15
35.0125
54.0625
75.875
52.6875
32.775
44.13125
56
78.0125
92.95
75.15
60.825
44.8625
44.625
35.4375
42.0875
38.0875
30.8125
53.5375
66.7375
76.9625
69.225
29.95
11
16
21.9875
32.2875
50.7
44.35
45.9
49.453125
48.25
40.525
44.475
43.7125
34.5125
31.1
36.15
35.625
38.8
41.7875
22.15
18
17.0875
27.2625
39.45
43.325
48.025
42.05
39.95
48.5875
74.5375
73.325
27.7375
32.85625
50.9875
72.9875
66.9875
57.0625
55.825
44.725
36.0375
33.2
60.5625
59.175
28.3375
21.871875
21.775
34.1
48.1375
40.75
40.375
35.4
35.575
37.8375
58.0875
43.9
15.1
12.925
14.9875
27.4375
39.3875
45.4875
56.4
49.1
46.4125
50.7375
61.9375
65.7125
46.8125
31.5625
36.1125
61.875
79.7
61.1625
57.6875
46.5375
40.8625
44.4625
55.8875
73.2125
25.6
21.303125
13.3875
21.1
33.5
27.875
23.15
24.325
26.275
23.4875
22.6125
21.7125
12.85
14.084375
15.2875
22.375
29.4625
28.95
20.2625
23.575
23.875
23.1625
28.625
28.0625
18.4625
22.23125
35.3875
46.325
67.3125
61.9875
58.3875
55.0375
57.275
53.4125
53.7
55.5375
48.35
48.809375
71.425
96.275
125.15
112.5625
73.2625
59.7125
56.3625
53.875
63.6875
49.3625
45.95
68.25
83.7375
104.1125
117.95
91.6625
70.1875
61.55
64.825
75.8375
103.125
93.5375
68.5
78.325
80.875
73.125
74.65
66.3125
60.6
61.1375
61.4125
86.625
100.4375
82.6125
55.7125
35.04375
42.4
59.6875
62.975
46.325
32.825
24.7
27.1
30.0125
31.75
29.5125
15.8
11.7375
19.1
39.0125
47.175
40.75
33.6625
34.75
33.6125
26.975
39.375
56.375
60.725
65.640625
73.825
77.775
82.6875
62.6
39.6625
38.425
47.275
85.35
80.3
47.25
56.3875
74.871875
90.0625
94.075
97.675
64.9375
53.65
61.9375
77.3
75
67.6375
55.225
51.625
64.09375
74.9
92.0625
83.6
83.15
68.3375
70.0125
69.9125
73.9375
67.325
53.7875
49.1875
60.4125
65.4875
79.6625
89.85
90.4375
75.05
66.55
60.8875
64.4125
74.825
77.025
64.0875
63.93125
78.9
84.5875
77.8625
59.3375
44.1375
40.8375
33.375
39.625
47.7125
39.725
17.425
33.475
55.3625
58.8125
73.5
71.8625
43.3
45.2375
41.55
59.6375
77.0625
72.1875
60.9125
69.86875
85.05
95.4875
88.6625
71.55
39.8125
37.6
31.0375
31.8625
41.9875
53.1125
50.625
73.4375
67.85
82.125
68.05
67.6
65.625
62.65
60.025
59.2
43.7375
18.375
22.5125
29.040625
61.1875
65.3375
58.1125
26.475
21.4
14.35
13.25
34.35
60.5
57.2625
13.85
22.159375
39.125
44.4
64.45
46.9375
22.0375
24.075
22.2625
31.9125
48.35
33.3875
12.5375
16.825
13.4625
22.3375
36.55
71.8375
71.1875
45.8625
42.4875
41.975
67.475
42.375
14.1875
12.496875
23.9875
59.05
73.075
67.8625
61.9125
36.1375
32.6625
42.975
59.275
40.0125
17.8375
19.309375
20.4
16.4125
26.1875
29.7
40.6125
33.4125
43.775
62.3875
69.1125
52.0375
16.5375
20.659375
29.3375
35.025
51.775
41.0625
29.8875
24.3
25.8625
34.0875
45.2625
50.425
48.65
72.5625
77.8875
84.2
97.1625
87.4125
49.3625
50.3625
41.2625
46.2375
51.8
44.025
39.25
65.278125
77.6625
91.475
88.0375
74.1375
68.35
56.675
51.7625
51
54.05
36.2375
35.9125
50.3
48.8375
44.1375
42.6
49.8
48.15
32.65
25.2
30.2125
38.6375
19.1625
11.6
11.5375
25.9375
34.95
36.3921875
27.5571960449219
27.4006140470505
27.4000023986213
27.4000000093696
27.4000000000366
27.4000000000001
27.4
27.4
27.4
27.4
27.4
27.4
27.4
27.4
27.4
27.4
27.4
27.4
27.4
27.4
27.4
27.4
27.4
27.4
27.4
27.4
27.4
27.4
27.4
27.4
27.4
27.4
27.4
27.4
27.4
27.4
27.4
27.4
27.4
27.4
27.4
27.4
27.4
27.4
27.4
27.4
27.4
27.4
27.4
27.4
27.4
27.4
27.4
27.4
27.4
27.4
27.4
27.4
27.4
27.4
27.4
27.4
27.4
27.4
27.4
27.4
27.4
27.4
27.4
27.4
27.4
27.4
27.4
27.4
27.4
27.4
27.4
27.4
27.4
27.4
27.4
27.4
27.4
27.4
27.4
27.4
27.4
27.4
27.4
27.4
27.4
27.4
27.4
27.4
27.4
27.4
27.4
27.4
21.7
30.3625
64.575
65.9375
50.25
55.8375
61.409375
66.3125
47.83125
42.5875
34.5
29.6125
33.9
39.3125
49.75
47.2625
19.625
20.925
45.590625
63.0875
67.7875
72.3375
43.6
23.6375
20.425
18.425
21.9625
42.5
46.6875
42.8375
52.5
59.675
62.8
49.775
25.55
32.25
30.35
34.5
53.45
53.6375
38.45
32.925
40.040625
59.6375
74.95
67.8125
48.475
40.45
40.625
42.7125
53.45
65.275
56.4625
52.9875
63.503125
73.075
77.4375
81.35
63.8375
43.6625
25.525
29.675
47.3
55.625
14.275
9.7
9.9
16.175
24.525
39.6875
55.775
16.45
26.375
22.075
30.6875
45.2625
14.375
5.3625
9.221875
13.675
18.65
37.25
40.2375
36.2
17.05
13.1
17.4
20.55
5.9375
5.4875
6.653125
21.85
29.7375
31.3375
35.7625
34.2375
30.125
27.7375
45.5125
53.875
17.2625
9.7625
9.809375
17.05
27.9875
31.9375
67.375
58.425
40.2375
27.1
27.6625
31.2
21.4875
7.7625
5.509375
5.925
14.1125
25.0375
13.1
9.975
5.4375
7.675
11.025
13.175
8.725
6.1375
10.43125
14.3
22.0875
28.2
16.8
11.175
10.775
55.1701171875
60.2799613952637
60.2999217242002
60.2999996942352
60.2999999988056
60.2999999999953
60.3
60.3
60.3
60.3
60.3
60.3
58.9875
57.75
58.35
25.7875
15.025
9.496875
14.625
22.7875
38.5375
18.2
13.85
9.35
11.95
14.5875
35.075
9.2875
8.175
7.5125
12.1125
20.7625
36.5
56.4625
43.9875
25.775
20.9
26.85
32.1625
13.1875
10.25
7.7125
25.5875
44.05
64.075
50.8
16.8
19.475
22.6375
28.0625
61.1875
17.5625
25.55
34.29375
40.3625
52.9875
62.1375
66.3375
48.5625
43.3625
36.9125
34.8125
35.025
43.975
47.525
58.696875
64.5875
68.5875
71.4875
58.1875
41.475
44.175
43.3625
59.8875
72.925
56.9875
43.225
53.79375
72.3625
74.525
82.0875
73.85
48.7125
49
56.875
92.425
98.875
64.7125
48.5
48.140625
63.6125
66.5625
69.3875
60.8625
38.5125
30.625
31.925
43.65
46.9375
18.7
15.1125
15.515625
22.075
27.55
40.1625
70.95
59.5875
57.3
39.5375
58.75
66.6125
47.125
34.7875
29.15
31.3125
56.35
71.125
72.8875
48.7375
38.75
26.875
41.9375
53.55
15.1875
7.525
8.053125
15.2
21.1875
22
28.5875
28.125
24.2125
28.2375
28.8875
27.5625
13.0625
5.525
6.328125
14.5
19.8125
24.5125
28.25
29.5875
29.825
26.3875
25.3875
21.125
7.5125
6.7875
10.296875
15.3125
20.15
30.6375
35.725
21.1
16.1625
23.9
28.65
20.5875
10.4
7.075
8.20625
15.1875
24.1
36.425
41.9125
48.975
44.4875
54.9125
70.2
61.3375
30.2875
22.5625
22.2625
26.525
32.3875
44.45
54.65
46.4875
45.9625
69.075
81.6125
91.5
66.625
32.4875
37.709375
31.9875
36
20.575
17.05
12.625
9.5375
11.1125
26.325
64.9875
35.3375
13.45
14.2875
32.025
50.375
65.35
59.675
35.375
28.6125
34.525
50.5375
45.675
23.175
12.1
10.7875
14.4875
21.3125
36.275
40.325
34.65
28.0375
35.4125
64.525
79
65.125
37.8625
13.065625
31.7125
18.15
56.475
68.825
57.7375
42.1625
34.3
25.6625
18.525
12.1
19.0125
23.79375
45.725
27.5875
31.425
43.075
30.425
28.0875
24.95
21.2125
15.2
6.725
4.0875
7.075
12.0375
13.6125
20.3625
23.5375
23.075
20.5375
20.4
32.1375
33.8125
18.275
24.5125
40.759375
41.375
51.18125
28.525
35.3125
31.0125
32.6125
54.05
68.2625
77.3125
36.4
6.625
8.4875
19.9625
43.70625
45.125
46.4
42.8
33.8625
38.0375
40.3625
46.4125
22.5875
20.5625
26.74375
50.2875
58.0125
52.475
57
37.725
37.075
58.7625
61.5125
59.125
27.5125
8.7375
7.325
15.4125
30.55625
35.9125
40.9
28.3
17.65
22
24.95
35.75
12.7
3.925
6.690625
13.7625
17.9875
18.8625
26.8625
28.65
62.8875
73.2875
67.1625
46.5375
26.0375
16.3125
17.225
24.8625
21.8875
30.45
30.925
23.7625
21.175
25.3375
19.1375
17.7625
12.6375
7.9125
5.94375
11.1625
21.2125
33
40.675
46.4375
51.6375
64.9875
70.6375
95.7375
64.6125
56.725
60.58125
65.8125
36.9
40.1
30.2375
30.4875
15.3125
17.5625
37.3
40.7625
13.7375
7.65
14.340625
16.1125
19.8875
26.5
34.2625
34.025
36.775
42.075
35.575
30.875
14.0125
10.475
11.315625
29.4125
43.95
50.525
53.375
44.9125
24.7875
27.9375
50.7875
49.5625
19.375
19.3
12.934375
23.4875
28.075
37.725
39.5375
41.1875
36.1
33.4
35.6875
38.2
17.7625
8.725
13.48125
26.4625
32.7
27.525
26.4625
29.2875
26.6125
22.525
16.1625
13.7625
11.95
16.7
26.621875
42.725
57.4875
59.7375
51.4625
27.4875
22.8625
22.8
32.575
31.6
18.325
12.9875
26.940625
33.4625
33.2375
38.725
46.225
48.675
52.65
76.825
78.2875
62.875
47.8875
51.975
54.36875
57.525
67.8875
64.5375
69.925
64.8875
51.2875
53.175
57
57.7
31.2625
20.175
25.115625
47.7625
56.5875
66.3875
81.7625
67.9375
65.825
93.4375
118.34062625
102.1375
60.0875
53.0125
54.621875
60.325
64.3625
66.0875
46.55
40.6875
46.2625
55.6125
51.55
56.5125
50.725
33.825
37.853125
50.7375
48.6125
52.5
64.375
59.6125
49.7625
50.925
53.1
53.3
34.125
25.6125
24.378125
45.1875
52.725
53.7875
57
52.95
47.725
41.5
37.5375
30.3375
19
16.975
24
32.2
27.725
46.8875
43.725
37.8625
49.05
56.7
68.975
56.6125
36.0375
29
47.45
69.9875
83.5
69.825
60.7375
54.4875
47.45
47.975
50.0125
44.775
39.4625
42.8875
41.421875
50.3875
57.7125
64.425
65.05
65.75
46.7375
58.225
83.5
69.6375
48.9
46.925
60.3875
65.975
66.475
88.3125
122.72499875
96.5875
77.9375
76.075
86.175
78.7875
53.425
47.75
48.08125
53.6375
59.825
68.1625
69.875
59.8625
52.925
50
69.6625
68.4125
54.8125
56.9125
63.09375
65.25
60.1875
61.275
67.5
67.125
64.7625
57.725
53.425
47.2625
37
32.9375
38.78125
38.225
43.0875
40.275
47.5375
45.725
40.0875
42.575
40.1875
39.4875
34.65
34.15
38.478125
45.6
51.075
57.4875
64.7125
59.25
50.8875
44.7875
49.6
47.5
42.2375
42.675
51.7125
63.45
68.2
69.9125
76.1375
70.9625
65.25
84.6875
116.7875
99.15
67.45
62.475
65.565625
68.175
66.9375
66.275
70.6375
69.85
65.4125
60.7875
74.9
74.9875
62.9875
60.475
65.525
70.975
71.725
79.9
81.25
75.7125
65.875
68.775
77.04375
85.3125
65.675
71.9375
75.840625
89.0125
93.3625
104.025
109.825
102.575
102.5375
92.1375
70.9125
79.2375
72.5
72.575
75.725
