"x"
63.9
67.3
74
72.7
59.4
61.2
62.2
53.9
66.4
68.9
71.7
67.7
72.9
72.7
64.4
50.6
61.4
89.6
81
102.5
128.5
103.9
99.8
117.2
143.3
130.7
161.5
94
99.4
113.9
101.7
96.4
98.6
96.4
91.8
77
85.6
80.2
85
80.9
80.4
73.3
63
65.4
72.7
81.1
86.7
80.6
91.8
91.6
97.5
100.5
95.7
101.8
105.8
94.5
90.8
86.8
93.8
98.8
91.1
90.2
103.4
94.5
89.4
89.9
89
94.1
107.5
127.5
81.9
66
66.4
60.6
60.2
60.4
55.6
48.1
47.9
47.9
47.9
41.4
36.4
40.8
39
38.6
32.1
33.9
41
45.6
45.8
51.35
54.125
56.9
64.7
70.3
68.1
70.9
71.4
60.1
59.9
62.5
69.9
78.4
84.4
85.1
84.4
81.4
84.3
94
92.5
93.4
91.5
95.6
100.8
99.3
89.9
92.6
97.8
80.2
84.2
80.7
67.7
59.5
67.5
72.3
60.5
59.7
52.8
48.2
47.8
55.6
62.5
65.4
53.4
52.6
50.6
50.4
52.4
64.3
70
73.3
65.2
68.7
67.9
79.2
82.7
90.3
90.1
95.3
90.5
97.2
103.3
111.9
112.1
111.9
120.6
115.8
120.8
131.10001
126.3
134.8
154.89999
144.5
151.89999
174.10001
167.39999
147.39999
110.6
99.3
107.8
105.4
88.8
83.8
74.7
86.7
100.1
92
88.7
86.1
91.8
93.3
97.1
92
97.1
96.4
100.1
106.85
110.225
113.6
103.4
92.8
90.1
84.6
89.9
84.6
83.8
91.8
90.6
97.8
105
117.1
119
120.6
108.5
107.2
106.2
113.8
114.9
114.9
113.8
100.9
78.4
77.6
77.6
72.3
74.1
72.8
57.8
50.1
38.3
35.9
31.4
26.8
24.6
24.8
20
22.4
22.4
27
36
29.2
31.4
33.8
26.9
33.4
29
29
29.1
33.7
43
43.1
43.1
38.7
33.7
31.3
38.3
40.7
47.5
52.5
49.9
43.1
42.7
49.7
54.7
41
40.8
43.1
41
52.6
55.5
48.2
29.2
22.2
19.8
17.6
22
17.6
15.5
10.8
10.9
10.9
10.7
8.7
6.5
6.5
10.9
8.7
10.9
10.9
10.9
15.1
15.3
21
23.85
26.7
36.1
42.9
47.8
47.5
49.5
56.5
54.5
61.4
61.4
66.4
66.9
71.7
73.2
76.4
73.9
73.9
78.3
76.8
71.8
87.6
84.1
72.7
85.9
79.8
78
79.4
67.1
56.8
64.3
64.1
79.5
88.3
76.7
75.1
63.3
67.9
75.2
78.8
85.4
93.8
106
75.4
91
100.8
138.89999
152.8
144.39999
126.7
145.8
131.89999
144.60001
149
139
131.10001
159.39999
154
132.39999
114.7
120.5
107.4
113
115.5
122.7
206
222.2
196.60001
192.2
213.8
183.39999
167.39999
166.8
145
127.7
112.3
100.7
86.6
81.2
68.2
72.4
62
59.1
53.5
54.4
61.8
61.1
61
55.8
56
53.6
51.8
54.5
73.7
68.8
61.2
57.4
53.6
51.4
53.9
51.5
55.8
64.7
69.7
70.5
70.9
71
61.4
70.7
72.6
59.1
40.1
37.7
26.7
21.8
24.1
47.9
64
77.1
69.3
54.5
63
43.5
46.3
59.9
52.3
42.4
38
40.5
36.3
64.6
78
59.2
62.3
53.9
41.9
42.6
40.3
25.1
30.5
27.4
30.1
32.9
35.4
52.7
54.6
43.5
52.1
84.9
84.7
59.1
54.8
56.9
64.6
57.4
64.1
65.7
67.7
72.2
74.8
74.8
73.8
64.6
62.4
66.1
55.9
63.5
65.9
57.1
56.1
57.2
52.8
54.5
57.6
50.4
51.8
51.4
47.2
44.5
49.4
45.8
48.5
50.6
50.7
52.7
55.4
61
65.9
71.5
74.2
74.9
72.85
71.825
70.8
58.3
58.1
53.5
41.3
39.1
39.1
36.9
34.6
34.4
32.2
36.7
43.3
50.2
54.8
55.1
57.2
61.4
64.9
71.3
74.7
74.5
75.7
74.5
65.2
67.6
69.2
64.9
62.7
59.9
52.9
50.7
57.6
55.2
57.4
64.5
64.8
69.3
74.4
62.7
46
52.8
52.8
55.8
46
46
34.5
36.9
46
50.7
46.2
41.4
44
41.4
43.3
55.4
41.2
43.4
43.6
48.1
50.8
48.5
61.8
67.5
71.5
78.6
90.5
99.8
104.5
84.7
77.8
67.2
54.6
61.1
60.5
52.6
47
38.9
36.2
34
36.1
38.4
40.8
43
49.5
52.2
47.8
47.6
47.6
52
59.1
61.4
66
68
73
75.5
78
76
75.5
73.3
75.5
78.2
80
82.5
91.1
88.5
90.4
96.1
95.4
90.5
92.5
90.2
100.2
99.7
95.7
101.2
107.2
107.8
99.6
99
99.3
94.1
100.8
104.8
93.9
89
91.7
95.2
95
90.3
90.3
88.6
84.4
84.4
84.1
82.9
76.1
76
72.8
70.9
73.8
79.4
71.7
72.7
78.8
80.1
76.1
82.1
72
77.7
78.3
77.1
76.4
75.2
84.2
74.9
73.7
76.7
76.4
76
73.8
74.6
77
77.3
72.8
71.8
69.6
65.8
68
52.6
49.8
37.6
39.2
39.4
39.4
38.8
41.6
38.6
40.6
40.8
40.7
43.2
40.7
40.9
40.7
40.7
40.7
40.9
42.9
43.5
44.65
45.225
45.8
48.7
48.8
56.3
60.5
60.7
64.9
67.2
65.2
67.8
70.5
76.6
75.9
77.4
77.8
79
78.9
84.7
79.7
87.9
95.9
109.3
114.5
119.3
117.3
116.2
122.9
127.1
140
137.35
134.7
132.5
135
122.6
111.1
112.1
112.2
122.5
123.5
108.2
104.3
100.5
105.2
104.7
105.1
106.3
105.2
109.9
123.2
119.5
117.4
116.9
113.5
107.7
111.2
115.4
112.4
112.9
114.6
111.3
118.3
125.4
127.2
127.2
122.1
122.1
123.2
119.3
110.8
113
118.8
127
100.2
83.7
77.1
73.7
73.3
68.1
60.6
52.9
48.2
42.9
31.7
33.7
35.8
38.1
40.6
40.6
38.1
36
42.3
40.5
38.3
52.8
56.75
58.725
60.7
63.4
70.4
75.3
82.3
81.4
80.9
84.7
85.6
88
86.2
86.1
85.8
84.5
95.7
96.5
98.9
95.9
93.9
103.2
108.7
126.1
118.8
113.5
107.7
122.5
101.7
104.2
113
125.9
141.5
118.8
126.5
112.6
102.9
82.1
95.8
92.5
108.4
110.6
101.2
90.2
83.4
90.4
83.1
83.1
72.5
86.8
64.9
69.8
61.8
65.4
50.2
77.5
83
92.4
95.2
105.9
113.7
127.2
119
128
144.7
135.7
129.8
132.39999
132.60001
121.4
119.7
138
138.2
130
111.4
99.3
90.5
72.5
60.4
54.8
50.2
51
47.9
43.4
45.2
45.2
47.3
45.7
42.9
36.4
34.1
38.8
45.3
46.1
43.3
40.5
41.6
42.15
42.7
46.5
37.4
40.4
41.8
56.6
55.1
54.6
51.2
60.4
77.2
97.8
106.2
100.1
102.5
107.6
106.2
109.1
118.3
124.4
129.39999
139.3
142.8
137.3
133.39999
155.3
178.7
189.89999
168.60001
141.39999
89
74.2
101.1
71.7
65.8
38.5
57.7
104.8
89.5
87.3
88.4
67.1
66.9
62.6
47
44.6
35.4
26.6
50.1
48.7
40.7
43.5
39
51.1
57.7
61.1
64.5
81.3
74.7
73.2
78.4
99.4
121.6
127.8
133.5
144.39999
168.2
136.2
132.10001
120.7
132.7
121
113.9
89.2
73.5
78.5
77.8
68.1
49.9
56.9
51.8
48.1
47.1
47.5
52.2
43.1
37.7
35.1
30.9
26.3
26.4
33.5
30.3
19.3
17.15
16.075
15
21.7
28.3
35.1
39.3
41.9
46.7
50.4
55.8
58.8
58.2
60.9
64.1
77.5
60.4
64.7
73.5
67.8
71.2
62.9
56.9
60
51.1
54
61
61.4
60.8
63.6
63.1
58.5
61.3
66.4
59.1
61
61
56.7
58.8
30.8
31.1
29.1
35.3
28.6
33.7
33.9
36
31.3
29.4
36
38.8
38.4
33.9
34.1
28.8
25.6
25.4
20.1
32.5
21.9
21.5
21.8
31.5
36.9
33
32.9
36.3
32.6
26.7
48.5
45.4
40.2
40.5
37.8
33.6
31.2
26.8
20.2
13.5
15.8
15.5
11.2
11.3
9.2
9
4.4
0.3
2.6
2.6
-1.4
0.4
0.4
-1.7
2.5
2.6
2.9
4.95
5.975
7
5.1
7.4
7.4
7.3
9.6
9.6
9.8
11.8
16.4
16.4
23.5
24.2
23.9
20.6
23.3
16.9
17
20.9
25.4
25.8
19.1
27.8
25.8
25.5
34.5
33.7
31.6
42.6
38.3
40.5
29.7
33.9
19.4
14.8
13
17.4
8.4
10.5
10.4
10.4
19
32.4
27.6
27.5
29.8
28.4
28.7
18.1
13.3
10.9
8.3
12.9
15.2
17.7
12.9
14.8
16.8
12.5
12.5
10.4
10.2
10.1
7.6
11.9
9.8
7.4
9.7
7.5
14
14
9.4
9.5
16
18.3
16.3
16.3
14
14
16.3
18.3
18.5
14.1
11.8
16.1
16.2
29.1
29
18.2
13.8
14.1
12.1
16.3
23.2
27.7
29.95
32.2
30.1
29.5
30.1
27.8
25.2
25.2
29.7
33.8
29.4
38.3
38.9
45.3
43.9
38.9
47.6
49.9
53
57.1
58.9
58.9
62.4
63
65.6
62.7
62.5
59.7
60.9
61.5
58.9
56.5
52
52.3
50.9
56.3
57.8
48.2
40.9
41.3
43.3
39
43.9
47
56.6
54
50.3
56
49.7
47.6
42.3
38.3
45.6
52.2
52
50.2
55
49.4
48.7
51.5
57.2
59.1
62.9
71
65.2
72.7
63.9
66.4
65.9
65.8
64.9
57.6
57.9
54.7
55.6
52.3
54.2
51.7
54.2
52.9
54.8
55.1
54.9
56.8
54.8
54.8
56.7
57.1
59.7
59.5
57.7
56.7
54.5
54.8
57.4
53.35
51.325
49.3
47.7
47.1
51.7
52.3
59.3
54.3
57
61.7
64.2
69.6
64.3
64.2
69.2
67.2
67.6
66.1
72.7
65.1
73.8
66.7
72.5
78
77.1
79.1
90.4
107.6
94.5
88.7
91
96.4
84.9
81.6
90.5
69.6
63
63.6
71
59.6
61.5
55
60.3
60.4
51.6
42.2
46.4
64.8
57.4
63.5
55.8
80.7
73.1
63.7
67.4
63.4
76.5
86.7
74.8
89.3
85.7
89
80
98.7
93.6
122.7
127.7
115.7
98.3
108.2
112.4
94.8
71.7
67.1
66.4
52.6
48.2
40.8
41.5
32.5
32.2
39.2
33.4
33
35.7
37.5
40
43.1
48.8
46.8
44.4
45.4
45
52
50
53.7
55.55
57.4
52.4
57.1
65.9
67.8
68.8
76.9
82.2
73.2
82.6
82.8
71.5
68.7
62.4
64.8
63.3
68.1
76.8
84.8
87.9
93.5
110.4
116.4
101.1
100.6
106.3
89.2
89.3
106.7
112.4
117.8
133.7
88.9
95
84.7
79.7
78.4
78.4
71.7
67.5
60.9
63.9
68
68.3
66.5
71.7
56.1
74.2
64.6
56.6
72.2
51.3
66.4
67.2
70.8
71.2
76.5
83.1
84.5
81.4
94.1
87.8
97.3
98.6
84.8
73.5
77.9
79.2
84.6
98.5
88.7
72.6
67.7
54.7
51
23.2
16.1
20.5
16.1
18.7
14.8
11.7
10.3
12.1
15.8
12
20.7
18
20.6
34.6
24.7
20.4
35.3
26.8
28.25
28.975
29.7
43.9
48.7
52.5
52.1
54.6
60
63.3
59.9
63.7
68.9
72.5
67.1
69.1
79
81.7
80.2
87.1
78.9
86.8
98.8
113.9
96.9
92.6
76.6
74.7
67.2
68.9
61.8
61.4
58
52.5
59.3
64.2
57
68.5
60.3
56.9
67.2
63.1
60.5
51.1
55.7
51.2
63.5
55.1
63.2
65
78.1
76.3
72.7
57.6
62
66.9
68.5
74.4
75.7
94.9
92.7
85.7
83
70.4
61.6
65.3
65.3
72.5
66
81
79.8
80.1
106.5
109.6
87.2
89.4
81.4
59.5
55.5
51.1
41.9
37.7
30.2
29.9
18.4
14.5
9.6
7.6
9.6
12.3
16.3
11.9
20.5
18.4
18.1
20.5
18.4
17.35
16.3
14.2
16.2
20.6
25.1
29.6
29.5
20.9
23
25.3
20.6
24.9
29.5
27.1
34.1
31.4
36.6
40.3
50.3
63.2
67.6
60.7
67.2
75.2
75.6
62.9
51.4
53.9
58.6
59.1
65.3
74.6
69.6
58.7
63.1
61.1
47.8
41.1
46.4
48
44.2
44.2
39.8
42.2
40.5
39.8
51.8
59.2
67
52.9
47.2
47.6
59.9
81
136.3
151.3
144.5
144.10001
175.89999
188.60001
160.2
146.8
143.8
118.4
113.7
109.3
102.5
106.2
110.5
103.1
103.9
122.9
87.2
83.7
79.9
77.7
64
56.8
50.2
45.9
41
40
38.8
39.5
45.6
42
43
45.6
50.1
42.8
42.6
52.9
52.3
46.6
56.35
61.225
66.1
62
73.2
24.4
14.3
14
22.3
22.3
18.2
20.1
32.4
34.9
37.5
24.5
20.2
16.3
24.8
34.7
33.2
28.7
28.8
30.7
35.4
42.3
37.9
40.2
50.8
56.1
53.2
53.5
47.7
48
47.8
47.8
47.8
43.1
43.7
43.3
47.9
48.2
48.1
41.6
41.8
45.4
43.8
48.4
44.1
43.8
41.8
39.8
41.7
46.6
45.7
41.4
37.1
43.5
37
39.4
32.9
29
33.1
29.1
31
30.7
31.2
35.5
35.2
31.4
29.2
34
29.2
29.6
26.6
22.5
18.2
16
11.8
9.4
9.3
5.5
5.3
3.3
3.3
3.1
3.3
1.2
3.3
3.1
3.1
3.2
3.1
3.1
3.2
5.3
5.3
5.3
5.3
7.3
7.3
7.4
11.5
11.5
13.6
19.7
15.6
22.1
19.7
21.9
24.2
20
28.2
30.2
28.2
28.2
24.1
21.9
24.1
32.7
30.2
30.4
26.3
26.2
34.6
30.3
34.6
34.6
35.3
38.7
36.6
40.7
34.4
28.1
32.4
37.5
41
36.9
34.8
30.9
30.6
30.4
30.7
35
43.3
48
53
44.9
37.4
37.9
36
39.9
39.9
39.6
41.4
41.3
39.4
39
40.9
42.9
38.8
44.8
40.4
44.8
46.7
55.6
48.9
46.6
40.6
31.9
31.8
29.7
30
32
27.6
21.4
23.5
27.6
27.6
32.2
45.9
57.2
58.5
51.5
65
64.7
72.3
58.7
44.2
39.3
38.9
38.4
40.6
41.7
42.8
50.3
50.6
60.7
62.5
66.6
61.9
72.3
89.8
93.2
94.9
92.1
100
102.2
94
95.1
91.1
77.6
77.6
79.8
80.7
90
77.9
71.2
73.3
65.9
63.1
71.9
78.4
82.1
76.4
67.9
70
79.1
67.8
64.2
59.5
57.2
63.4
55.9
63.8
68.5
73.4
75.3
79.3
78.9
71.3
67.7
69.6
78.4
79.2
75.6
76.7
71
68.8
73.1
74
75.9
77.6
75
80.6
80.6
88.7
106.9
98.5
90.4
88.7
87.9
83.1
84.2
86.2
86.9
78.7
81.7
86.8
80.5
78.3
81.1
80.8
81.4
78.9
78.7
81.2
84.5
84
87.6
88.6
93.8
95.2
90.7
89.5
96.3
98
104
105.4
106.1
106.8
108.5
108.5
108.7
106.7
112.5
111.5
115.4
112.5
119.5
118.1
118.5
125.1
122.3
119.2
117.8
124.8
122.7
134.5
132.39999
131.5
145.89999
129.2
114.5
123.8
122.6
120.9
133.39999
133.2
133.7
124.7
120
125.199995
130.39999
118.1
106.6
99.2
96.3
101.4
115.3
101
107.2
95.8
96.2
101.3
74.6
81.5
82.8
73.7
71.9
69.2
79
73.7
77.3
81.3
82.3
82
90.3
98
96
115.2
118.9
122.1
123.1
124.6
121.4
113.7
114.3
114.3
120.4
117.5
106.5
93.1
80.6
81.5
78.5
76.2
73.6
71.9
69.3
71.8
70.3
68.1
66.2
68.6
68.4
71.6
72
74.5
75.1
78.3
78.9
81.4
87.3
90.5
92.1
93.7
102.6
96.9
91.8
93.8
95
99.9
102.5
105.7
114.7
112.8
117.4
122.6
121.5
114.6
120.3
129.7
118.8
132.8
125
132.10001
141.7
163.60001
140.3
149.5
159.89999
161.10001
170.60001
195.60001
201.7
188
179.5
168.7
150.7
102.1
72.7
69.9
69.2
70.4
86.2
84.3
73.3
88.8
79.1
92.5
99.1
112.4
115.1
118.7
122.2
121
106.2
110.6
111.6
136.10001
133.3
107.4
105.8
99.2
96.5
123.8
168.8
136.2
104
98.8
83.3
81.6
92.2
100.1
120.2
144
158.39999
147.3
92.5
97.7
95.2
89.4
79.6
66.5
66.9
61.8
56.2
44.3
54
52.4
62.9
60.4
46.7
49.6
58.3
57.6
58.5
64.5
65.8
62.95
61.525
60.1
59.6
64.3
66.8
69.5
66.8
69.8
79.5
69.5
68.5
77.4
76.4
64.8
68.5
67.3
68.5
66.9
66
65.3
75
78.5
71.6
70.5
69.3
66.1
68.6
66.1
57.9
61.1
65.4
64.8
71.2
63.2
75.2
85.7
79
92.6
74.2
75.8
90.5
103.8
99.8
99.4
90.3
80.7
71.6
69.7
81
83.3
59.8
69.5
86.7
85.4
93.9
87.7
87.6
95.1
95.1
90.4
99.3
95.5
71.9
82.7
64.7
67.2
77.1
74.7
76.3
91.2
81.7
95.9
80.8
76.2
79.8
67.3
68.6
60.6
64.1
62.2
62.6
61.2
62.1
65.8
62.4
62.9
64.7
67.6
65
69.8
80.4
81
85.5
93.6
93.8
101.2
104.9
108.6
103.5
108.9
106.3
110.1
108.8
104.7
88
90.5
91.7
99.2
82.6
86.3
82.8
86
88.4
103.2
99.2
110.5
114.8
96
109.5
137.8
148.8
97.2
90
133.7
183.2
136
133.10001
137.8
145.39999
153.5
115.6
104.6
104.1
101
99
96.7
113.3
104.7
90.9
85.4
88.9
79.2
86.2
71.5
63.7
74.4
60
66.9
70
64.5
61
69.1
67.7
78
83.2
90.6
98.2
84.1
80.1
100.3
117
108.5
117.8
119.7
112.8
119.4
115
107.7
98.9
93.8
85.7
70.2
68.6
57.9
53.4
48.9
46.4
39.3
36.8
25.9
23.8
23.5
21.6
19.9
19.5
19.6
17.3
17.7
21.8
19.5
21.4
22.95
23.725
24.5
26.5
23.8
41.5
35
28.6
35.1
38.2
37.1
43
55
57.5
63.9
60
61.9
68.2
72.4
71.1
68.2
66.5
60
54.2
48.1
58.2
67.5
81.6
90
96.6
95.8
101.4
82.9
80.3
62.5
52.4
55.7
45.6
43.4
48.5
40.4
39
41.9
37.6
53
46.8
35.5
42.1
48.2
57.1
45.9
34.7
37.3
49.8
58.9
48.9
46.5
53.2
53.1
55.7
44.5
41.8
43.6
40.4
38.3
37.2
41.4
61.4
59.9
54.3
51.3
71.1
73.9
69.9
66.9
71.8
61.7
46.5
41.1
40.5
37.9
33.8
32.9
33.3
32.9
32.8
30.6
35.5
35.1
41.8
42.4
39.9
39.5
42
44.3
46.4
55.5
60.05
64.6
67.1
64.5
69.1
67.5
66.3
90.3
94.9
87.6
94.2
97.3
107
108.4
88.9
73.2
59.2
59.5
57.9
64.7
75.5
75.1
69.2
73.8
78.8
74.6
75.3
82.8
87.5
75
74.9
67.5
66.5
67
64.1
60.9
66.1
62.9
58.8
51.2
58
50.7
50.9
59.4
75.4
57.5
64.9
61.8
59.3
69.1
74
75.7
54.2
70.1
68
67.7
69
71.7
66.6
63.6
64.6
69.9
73.2
70
70.6
67.5
67.2
67.7
65
70.3
70.7
66.6
73.7
71.7
72.2
67.8
76.5
67.7
57.3
52.8
53.7
53.1
55.7
58.3
56.5
57.5
63.2
64.2
68.9
72.7
70.1
72.2
74.9
80.2
92.6
84.05
79.775
75.5
77.8
75.3
71
73.6
75.3
75.1
75.8
79.4
85.3
92.8
96.1
105.9
121.7
121.8
119.2
135.7
131.3
127.8
128.8
124.5
130.7
117.5
125
119.9
133.8
124.6
125
130.10001
130.89999
133.3
131.39999
125.7
129.60001
108.5
109
77.5
92.8
70.7
77.2
89.8
59.2
58.3
58
61.5
61.2
64.7
82.1
70.7
65.5
79.8
71.7
62.2
98.2
94.7
97.8
106.2
91.6
73.8
68.6
66
86.3
75
79.5
110.3
111.9
100.3
85.1
92.3
71.9
72.4
83.6
77.7
66.5
69.4
62.1
54.4
53.9
41.7
41.9
55.2
47.3
53.6
50.5
56.3
58.5
55.1
46.8
44.7
37.4
46.6
52.6
53.1
51.4
51.9
52.15
52.4
64.5
64.2
68.9
63.3
57.1
52.2
52.6
52.9
48.8
48.4
54.4
42
44
50.6
57
54
58.4
48.7
51.4
49.5
45.4
46.8
45.1
49.2
42.8
47.4
49.8
45.3
52.7
54.7
65.8
59.2
54.4
54.4
60
89.4
88
81.5
64.6
68.5
68.5
56.8
56.5
54.4
64.5
47
42.2
40.2
32.7
40.2
48
38.3
57.8
48.5
47.8
67.6
58.7
55.9
55.7
59.8
58.3
61.7
65.6
58.8
54.8
47.7
56.1
59
53.7
44.8
45
45.4
39.4
50.1
41.4
44
42.2
34.6
34.9
39.8
29.7
29
28.9
29
27.3
27.1
33.1
37.1
33.2
33.2
35.3
41.4
47.8
49.35
50.125
50.9
46
51.3
47.7
49
61
53.2
57.5
56.6
57.1
55.3
66
57.7
61.4
58
60.3
61.8
62.5
57.6
59.2
63.4
68.9
73.1
73.4
76.2
79.4
73.2
77.9
80.6
76.8
72.1
77.9
82.3
65.9
55.9
52.5
63.7
70.4
56.8
50
61
66.8
66.2
68.1
57.4
55
60.6
52.4
40.8
41.2
46.7
52.3
52.3
41.1
34.4
32.1
37.4
40.4
38.5
43.6
37.4
31.5
31.7
27.1
23.2
19.1
24.8
30.9
31
20.8
27.2
31.3
21.1
16.8
25.2
27
27.1
14.9
21.4
32
21.4
27.5
28.3
23
29.3
35.5
23.3
23.6
37.3
36.7
32.4
35
32.7
55
40.45
33.175
25.9
20.8
20.7
27.4
27.2
40.3
39.6
25.3
31.7
46.5
55.2
55.5
39.3
47.6
63
63.4
52.2
75
62.4
52.6
49.2
41.5
45.3
51.9
46.2
46.1
50.9
44.2
51.5
71.4
83.2
78.6
63.7
65.9
64.4
64.6
67.9
82.2
73.6
89.7
89
82.5
70
75.7
70.4
78.1
65.1
60.3
67.9
61.1
48
56.7
65.5
53.3
52.5
69.8
73.5
67.7
75.4
68.6
65.2
65.6
61
65.1
71.9
64.7
66.6
67.7
62.5
58
55.4
54.9
53.3
54.2
48.1
48.2
47.7
49.9
48.1
47.4
47.7
47.4
47.4
49.7
50.4
52.9
54.9
48.2
47.1
53
54.6
51.5
59.9
68
65.55
64.325
63.1
69.3
70.5
76.7
67.6
73
71.5
67.8
74.5
75.2
76.7
85.4
72.5
79
76.2
88.8
94.6
101.5
107.1
107.9
114.1
110.3
99.5
99.1
116.4
115.2
122.3
132.7
123.3
125.1
133
142.5
131.89999
131.10001
119.7
110.3
109.2
105.3
101.6
106.7
104.6
95.3
91.3
93.6
98.5
98.5
101.1
95.3
90.8
92.4
87.8
90.9
97.1
103.1
110
112.3
116.9
114.8
100.8
108.6
125.5
137.8
133.7
133.3
139
105.6
105.1
122.3
114.1
91.7
108.6
94.1
82.3
86.7
87.2
86.3
82.7
78.3
78
83.4
81.1
79.6
72.8
66.8
66.6
66.3
68.2
68.4
73.4
72.8
76.8
80.7
84.1
90.5
87
85.25
83.5
83.9
77.8
81
79.7
78.5
85.2
85.3
82.2
77.6
76.2
68.9
68.2
65.4
64.6
61
58.6
52.5
55.3
57.1
50.5
57.5
66.2
64.6
69.4
74.3
67.9
70
79.6
73.8
78.1
77.7
85.7
83.8
78.8
83.8
78.5
81.9
89.7
99.6
94.9
84.2
70.8
78.2
68.6
65.8
66.2
72.5
61.3
60.5
66.4
56.4
63.8
56.1
55.7
55.4
58.3
64.5
66.7
67.4
61.4
68.2
66
64.4
69.3
68.7
68.7
66.4
63.4
55
50.8
48.5
51.4
37.6
31.2
33.2
29.3
24.6
22.8
22.8
20.9
20.5
22.5
20.5
20.5
20.5
24.6
22.7
22.5
20.5
22.9
20.5
22.5
22.9
20.7
19.6
18.5
20.8
20.8
22.8
25
26.9
26.7
33.2
37.3
39.3
37.4
37.7
39.6
40
37.4
37.5
41.9
39.6
37.5
39.8
43.6
43.8
46.3
46.6
43.9
42
39.7
41.9
42.3
48.5
50.4
49
48.6
48.2
46.5
40.2
44.3
44.3
47
38.3
39
44.8
46.6
47.7
44.8
46.6
40.6
39
36.9
38.5
39
42.8
37
42.8
42.9
42.8
40
40.1
38.3
37.8
38.1
37.7
39.7
35.4
35.2
33.9
33.2
35.1
31.2
31
28.9
31.2
28.9
26.8
26.6
26.8
22.6
22.5
24.7
22.6
22.5
20.5
20.6
20.5
24.5
24.7
20.6
24.7
28.7
28.7
22.6
24.7
24.7
24.8
25.9
26.45
27
26.8
29
30.9
29.1
33.2
33
31.3
31.4
29
34.9
35.2
33.3
35.2
33.4
35.2
33.2
35.6
41.7
44.1
39.8
43.8
36.4
32.1
32.8
32.5
32.5
30.6
30.6
32.5
30.2
36.5
41.4
43.7
36.5
39
32.9
33.6
28.3
35.3
48.8
31.3
32.9
31.1
40.6
41
39.6
31.8
29.1
24.7
31.3
39.9
33.3
33.7
28.8
28.4
34.5
24
28.6
35.3
32.6
31.1
40.6
32.3
34.4
28
29.4
31.7
27.5
25.6
23.6
21.1
16.7
18.7
18.8
19
16.5
14.5
14.9
14.7
12.6
12.4
14.4
14.5
14.5
16.3
14.4
16.4
14.4
14.5
14.4
14.7
16.5
14.5
18.75
20.875
23
24.9
27.2
36.9
37.1
42.8
38.9
40.5
42.7
47.4
50.1
54.8
48
54.3
62.2
67.4
75.5
68.9
72.7
78.6
76.8
82.7
77.5
79.1
78.9
79.7
83.5
72.5
81.6
75.3
73.6
73.5
69.6
82.2
86.4
78.9
78.9
67.1
65.8
72.7
70.1
68
55.1
70.5
57.1
44.3
38
45.6
52.8
61.3
45.3
43.2
43.7
43.3
38.6
43
36.8
34.9
38.6
41.7
41.2
32.2
34.5
38.2
39.1
31.2
29.7
25.8
23.3
23.1
24
23
16.7
18.5
16.6
14.5
12.5
12.4
10.3
12.2
8.3
8.2
8.2
8.3
8.2
8.2
6.2
10.1
8.4
6.5
8.2
10.2
10.2
10.4
12.4
13.4
14.4
14.2
14.5
14.4
14.3
14.4
14.4
14.4
16.5
16.5
18.6
20.6
22.6
24.5
22.5
24.5
26.9
26.7
27.1
34.9
31.2
35.2
32.9
45.9
33.4
40.3
40.2
50.9
45.5
48.2
41.2
43.4
48.3
52.2
50.4
50.5
48.4
46
46.3
41.3
44.9
48.4
40.4
46.7
56.5
54.9
70.6
108.1
122.7
115.2
118.8
142.5
126.2
139.5
146.3
137.5
147.8
137.39999
153.2
162.2
171.39999
181.60001
170.3
233.3
201.10001
192.60001
177.3
194.8
161.3
166.2
124.8
105
101.4
100.8
96.4
94.1
84.7
77.7
78.1
81.5
81.2
74.2
65.2
79.4
89.6
81.7
87.9
87.7
103.4
119.8
111.6
115
103.6
108.2
101.55
98.225
94.9
100.5
104.6
104.1
111.7
132.3
129.89999
104.4
99.4
102.5
102.8
106.2
113.3
114
103.6
106.8
101.3
101
86.7
84.2
83.5
108.3
108
82
101.5
89.9
81.5
71
72.4
69.4
67.5
110.9
123.5
115.2
104.2
77
70.5
72.5
73.7
83.2
73.7
69.2
55.9
62.8
59.5
68.5
69.8
51.1
45.5
51.1
57.7
66
69.3
69.4
67.8
66.6
77.7
64.7
81.9
79.9
75.3
72.7
70
81.6
98.7
90.2
87.7
104.1
109.8
102.5
96.3
94
99.2
84.6
71.5
60
48.7
48.8
47.9
37.9
33.3
35.7
37.4
44.1
39.9
27.3
29.4
27
24.8
26.8
31
31
29
28.9
33.05
35.125
37.2
35
38.8
41.3
60
51.6
58.9
66.8
73.5
89.4
89.5
88.7
81.6
80.1
86
88.7
91.2
102.4
95.3
103.5
105.8
99.3
108.1
119.4
120.2
76.5
76.6
74.4
85
98.2
86.3
73.3
69.4
67.9
68.4
68.8
59.5
61
55.5
58.1
49.7
52.2
49.8
48
51.9
52.6
54.1
47.8
43.2
47
49.8
45.2
54.6
55
54.7
52.4
47.8
55.2
52.4
47.5
49.8
68.3
90
95.3
109.5
89.8
60.3
61.8
61.3
55
57.4
52
50
47.8
50.3
44.5
39.8
39.7
44.4
37.9
37.4
40.1
39.3
41.4
36.1
39.8
45.9
41.6
39.8
31.5
29.2
31.2
31.5
31.2
36.45
39.075
41.7
47.7
46
52.8
54.9
66.8
64.1
56
62.1
64.3
80.8
92.7
92.1
70.9
62
71
76
73.3
80.2
70.8
66.6
75.6
73.5
85.3
85.5
77.1
68.7
68.3
66.5
60.6
66.7
84.8
89.7
83
81.9
86.8
61.6
66.6
68.8
58.5
64.8
55.6
57.9
60.5
44.7
47.6
49.3
49.9
45.2
51.9
56.7
50
43.1
48
45.8
47.5
45.4
47.3
52.2
43.2
47.7
61
70.2
60.6
60.1
77.3
78.3
73.8
74.9
84.2
60.8
50.8
44.8
44.9
38.4
38.2
35.9
36
36
32
29.4
23.4
25.6
25.5
25.7
23.9
17.7
20.2
19.6
21.5
21.7
21.5
21.6
19.9
31.15
36.775
42.4
54
61.2
61.2
64.9
65.6
67.9
72.2
74
73.4
78.3
78.6
76.9
89.5
85.4
82.7
81.5
81
81.3
76.1
79.7
72.5
79.9
78.1
82.1
74
78.2
72.9
78.3
80.6
89.4
83.6
79.1
94.2
87
82.3
79.4
75.3
78.4
76.1
76.8
70.5
71.8
58.7
56.4
59.2
54.6
63.6
62.1
63.9
66.8
68.1
63.8
66.6
63.9
64.6
70.7
81.2
89.8
114
118.3
111.5
116.5
138.8
196.3
190.2
166.3
109.5
103.8
107.9
124.8
144.39999
131.39999
156.10001
137.39999
91.9
89.1
118.2
105.7
94.8
93.4
94.9
89.8
92.5
94.9
92.2
93.8
85.4
90
83
87.8
102.8
98.7
111.7
121.7
126.7
131.7
126.2
150.39999
167.5
156.89999
125.3
144.8
139.5
146.8
145.60001
146.89999
146.7
119.9
119.7
131.10001
172
156.89999
120.8
128.5
130.60001
152.2
152.89999
168.39999
172.60001
214.8
179.5
129.39999
120.6
131.3
121.9
126.1
135.3
149.39999
145
124.8
107.2
102
95.5
87.6
76.6
82.1
83.8
89.2
87.9
76.6
71.1
66.5
67
67.1
68.7
76.3
83.7
82.1
84.2
83.6
79.3
75.1
78.4
76.2
75.7
97
114.7
112.6
119.2
122.1
124.4
107.1
98.6
96.2
110.7
116.1
83.6
60.9
68.6
65.8
61.5
57.6
59.7
67.4
69.5
62.4
54.5
59.8
63.6
60.7
64.7
62.3
55.6
73
72.6
60.4
65.1
91.6
72.9
70.1
68.7
67.3
66.5
66.9
65.5
65.9
60.5
57.4
59
63.9
70.6
81.5
83.6
76.5
81.6
95.2
109.3
101.8
104.6
103.5
87.4
85.1
87.7
88
96
101.1
78.7
65.7
67.1
72.2
71.2
68.4
63.8
58
67.5
96.3
67.2
69.9
59.1
61.9
67.6
96.5
69.3
57.7
53.6
57
47.6
52
51.9
61.7
52
47.1
52.1
50.2
55.4
46.2
49.3
42.4
43.7
41.6
49
36.8
40.1
42.7
56.5
73.5
44.8
40.4
43.4
43.2
42.2
37.1
30.7
30.9
34.8
38.3
26.8
24.5
24.5
29
27.9
27.1
28.6
30.4
30.7
26.8
24.5
24.6
22.6
25
22.8
23.2
27.1
31.5
30.8
29.95
29.525
29.1
27.1
22.9
20.7
18.7
14.7
16.4
21.3
16.5
30.6
34.8
45.1
66.2
73.5
71.3
74.2
78.2
72.4
86.7
93.2
102.4
105.7
79.4
50
55.8
62.6
50.1
52.4
64.6
89.2
70.4
52.1
56.7
50.9
41.5
44.1
55.4
52.2
60.7
55.2
37.7
48.2
51.3
36.3
27.7
27.7
27.3
39.8
32
31.6
36.2
34.1
46.3
69
69.9
76.9
84.8
111.6
132.10001
160.2
148.89999
189.8
192.60001
208.7
230.8
228.89999
197.2
220.3
247.5
228.39999
156.89999
174.89999
160.89999
136.7
119.9
101
107.4
79.7
98.2
83.6
68.2
57
58.1
52.3
59
52.2
38.5
33.6
41.8
41.3
49.8
37.5
45.6
44.1
46.05
47.025
48
56.7
51.9
59.4
66.2
71.1
61.2
55.2
56.3
63.6
73.7
69.6
67.5
59.1
65.8
92.7
84.8
72.6
68.2
62.3
62.3
52.4
52.6
72.1
79.5
87.1
101.1
99.9
84.4
68.7
92.4
99.9
101.7
108.9
98.7
117.7
122.3
78.7
80.2
80.3
69.5
47.7
35.1
25.4
30.3
25.7
25.9
27.8
25.7
25.6
25.8
28
34.1
41
38.7
40.3
45
44.1
48.6
46.8
67.9
60
47.7
41.6
41.7
53.6
55.7
55.7
43.4
29.9
29.3
29.9
29.6
27.6
27.7
21.4
19.2
19.1
19.1
23.1
23
21
23
26.9
28.9
29
31
38.9
48.9
53.4
55.6
62.2
68.7
64.1
71.5
75.2
78.9
79.1
81.4
80.3
94.5
85.3
92.4
99.5
105.1
127.4
130
117.4
109.8
110.4
123.7
119.1
122
121.1
132.5
119.4
132.8
128.3
145.7
118
110.4
108.1
113.5
123.6
119
119.4
106.6
100.6
116.4
88.9
81.6
75.3
74.5
72.8
72.8
68.4
66.7
64.3
54.1
51.2
51.5
57.8
51.4
47.1
54
58.8
61.2
75.7
66.7
54.8
53.7
57.8
54.7
56.1
53.5
57.9
57
81.9
100.1
83.9
103.9
89.3
78.8
73.7
81.1
118.9
115
68.5
58.3
79.6
69.1
55.1
75.5
82.9
85.1
84.3
70.2
70.9
81.8
72
72.5
68.7
68.9
81
84.7
73
77.3
82.4
78.2
102.3
94.2
90.15
86.1
97.5
105.8
107.5
101.4
99.7
98.1
99
94.7
84.1
86.6
96.8
94.6
88.9
81.3
85.3
94.5
101.3
102.7
96.5
91.4
106.3
94.5
95.3
97.2
123
108.9
95.1
99.4
126.3
131.60001
113.9
78.6
76.7
80.9
81.8
89.1
85.7
74
66.2
52.8
53.2
56
65.2
57
57.4
61.7
56.2
56.4
47.7
54
57.9
65.4
61.2
73.6
67.9
76.2
73.5
75
82.1
85.1
94
119.2
98.9
96.6
96.1
88.4
87.4
88.3
90
83.1
95.7
87.5
73.1
71.2
61.8
49.8
64.2
45.7
25.8
27.6
26
35.7
35.7
21.7
21.6
21.7
19.6
21.6
21.7
21.7
19.6
23.6
27.7
26.6
26.05
25.5
29.6
31.8
27.7
29.9
27.7
27.7
31.8
31.9
29.8
29.9
27.7
29.9
33.7
33.9
35.7
39.7
41.7
43.6
45.9
48
52.2
52.2
52.2
54.3
58.5
58.6
59
62.8
61
58.8
66
60.7
62.2
60.7
61.1
57
59.2
53.7
57.6
58.4
56
51.6
55.5
62.8
56.7
47.7
56
55.6
45.9
62.4
62
49.1
50.9
62.7
53.4
56.3
59.2
64.2
69
64.3
71.9
88.2
79.2
95.6
96.9
80.7
78.2
81.1
80.1
73.4
71.5
60.4
56.1
50
40.5
38.7
38.1
32.1
32.4
28
27.9
27.9
23.8
22
21.7
27.7
21.9
21.8
21.8
19.9
25.9
21.8
23.7
22.75
22.275
21.8
23.9
22.1
24
26.1
25.9
23.9
26.1
28.1
22.2
22
28.2
28.2
26.2
26.4
28.2
26.3
28.3
26.3
32.3
36.3
38.6
32.4
26.3
30.4
36.9
34.6
30.3
30.8
30.3
31
32.6
36.5
40.8
40.8
34.6
38.7
39.2
41
40.9
47
39.5
41.3
41
43.3
50
43
40.9
38.8
38.6
34.7
32.9
32.7
30.5
49.8
50
40
30.5
32.7
28.3
26.1
23.9
30.1
26
23.9
27.9
23.7
21.9
21.6
21.6
21.6
21.8
21.7
21.6
19.6
19.6
21.6
19.6
19.6
21.5
21.6
19.5
19.6
21.5
23.6
23.6
27.4
29.7
31.4
33.7
33.8
35.7
35.6
39.7
42.7
44.2
45.7
39.8
39.9
40
41.7
41.9
41.9
45.7
46.1
47.6
50.2
50
52.4
56.3
54.2
61.3
63.3
58.4
60.8
67.7
67.8
74
76.6
68.1
74.6
72.4
74.2
78.4
83.5
71.9
74.5
81.3
79.1
84.2
78.7
72.9
91.9
69.9
90.6
95.9
81.7
76.4
79.4
77.5
81.2
83.3
72.1
60.1
56.1
62.3
54.1
64.6
65.4
70.6
60.1
58.1
51.7
51.7
51.9
60.2
65
68.6
66
66.4
66.6
60.6
66.1
60.4
51
44.4
44.6
36.1
38.2
29.9
33.8
31.6
29.6
25.4
29.5
31.9
25.5
27.6
23.4
31.6
31.6
31.5
41.3
53.1
57.1
59.9
61.8
64
59.9
51.9
51.85
51.825
51.8
52.1
50.1
52
52.7
54.2
54.4
55.7
60.6
68.5
87.9
114
119.6
119.3
101.6
115.5
106.6
107.4
123.8
125.3
145.8
143.3
147.7
138
140.8
133.10001
112.8
126.7
126.1
128.89999
128.89999
132.39999
121.6
136.60001
132.5
130.5
122.1
141.5
146
136.7
133.7
136.39999
128
117.7
120.4
109.3
103.3
116.4
130.7
116.4
130
119.4
131.60001
115.6
118.7
115.3
135.5
130.5
115
111
90.1
89.6
91.6
89.3
111.2
96.4
98.5
125.9
178.8
149.7
111.1
110.4
115.2
97.8
75.2
75.3
71.7
71.9
67.3
65.6
53.7
52.2
46.4
37.9
37.1
38.8
40.9
34.9
32.9
41.2
36.8
51.5
37.8
26.8
25.9
25.45
25
34.9
40.9
23.3
17
26.8
29
41.5
39.6
40
43.8
45.3
41.1
41
45.1
47
41.1
41.3
43.1
43.1
48.5
55
52.6
51.6
60.1
58.6
66.4
66.2
74.5
62.6
64
65.9
61.7
69.9
65.8
59.7
70.9
44.6
46.8
39.8
39.8
38
37.7
33.8
33.8
37.6
47
42.5
42
45.9
46.5
41.9
43.8
50.3
47.9
54.4
60.9
58.7
60.8
57.4
64.2
64.7
66.1
65.5
69.9
63.1
70.2
65.3
63.9
66
68.4
68.5
62.8
54.9
53.2
48.1
50.9
52.4
47.8
39.5
35
31
29
28.8
27
29.2
28.7
35
37.1
39.2
41
40.8
43.3
45.8
47
47.6
48.2
48.4
45.4
63
60.9
63.9
66.1
62.8
76.3
56.8
68.2
60.1
68.9
64.6
60.9
57.7
59.7
62.4
64.9
60.4
67.9
67.7
77
74.1
71.4
61.9
66.9
73.5
62.5
48.9
49.4
56.2
50.6
36.9
32.9
50.7
47.4
51.3
38.1
29.4
28.9
25.1
24.2
26.9
22.6
23
18
18
13.8
22.4
18.8
28.7
36.1
36.5
33.6
33.6
40.3
52.1
62.1
72
69.7
81.6
72
101.1
93.1
102
103.1
85.5
81.6
89.8
98.9
89.3
66.7
58.1
62.7
63.6
57.2
52.1
44.7
27.9
15.3
12.9
15
14.9
13
8.9
13
14.9
21.5
19.9
15.1
13
13.1
13.1
19.65
22.925
26.2
21.4
20.2
23.6
19.7
25.9
29
34.4
35.4
30.8
44.2
44
34.8
39.5
36.2
45.7
32.6
36.6
40.9
49.9
49.9
79.9
87.1
102.2
100.9
85.5
68
59
59.6
65
96.1
88.9
73.9
47.3
53.5
55.9
55
35.2
40.5
22.1
41.5
19.4
15.3
13.8
17.7
15.2
11.5
19.9
18.2
15.9
15.8
13.8
20.5
22
15.9
16
19.7
22.3
26.3
24.4
30.1
41.5
37.1
52.9
60.4
54.4
56.8
55.3
59.7
58.8
68.4
55.7
42.1
36.3
27.2
17.6
12.8
8.8
11.1
8.9
6.8
4.6
2.5
0.4
2.3
4.3
4.3
6.3
6.6
8.6
6.4
8.5
10.3
12.8
14.9
15.95
17
18.5
23.4
23.7
23.4
27.5
20.9
26.5
18.8
18.8
27.6
29.3
34.2
25.9
27.7
32.2
43.5
59.4
63.4
55.9
81.4
62.2
58.9
67.5
100.4
80.2
81.8
62.3
69.8
45.9
74.3
122.3
92.7
85.6
87.6
81.2
82.9
88.5
105.4
74.6
76
80.1
54
49.4
44.4
38.5
41.6
35.6
45.8
40.8
33.6
39.4
52.5
49
73.7
74.4
79.2
116.6
101.8
79.3
74.2
79.6
115.9
53
58.7
72.8
62.9
67.9
58
69.8
46.1
41.5
36.6
41.4
27.6
21.6
25.7
15
8.3
6.3
4
1.7
2
1.7
2
1.8
3.7
4
1.5
1.7
-0.5
-2.2
-0.4
-2.5
-0.45
0.575
1.6
-0.1
1.9
10.7
6.1
8.2
1.9
5.9
5.7
5.9
7.7
7.9
7.7
9.7
7.7
11.7
9.9
9.8
13.7
17.9
19.7
13.8
14
11.8
15.8
16
19.8
19.7
22
18
20.1
15.8
17.9
20.2
17.8
19.8
24.2
22.4
18.4
18.3
16
22.2
22.3
20.8
22.2
22.8
18.6
18.3
16.4
15.5
12.7
24.6
28.9
26.9
30
22.9
18.4
22.1
21.1
20.5
19
14.8
12.8
21.4
28
24
14
28.4
24.2
21.6
7.5
5.5
5.6
3.6
3.3
3.6
8.2
5.8
5.6
3.6
1.4
3.3
1.4
3.4
1.1
1.2
1.1
1.2
3.2
3.4
1.2
2
6
7.5
10.05
11.325
12.6
8.1
5.6
3.3
3.2
3.5
5.3
15.8
7.2
5.1
7
9.2
7
9.3
9.3
11.3
9.3
11.3
13.1
13.3
13.3
13.4
15.6
21.8
19.9
17.4
21.8
24.1
20.3
21.7
19.9
29
36.3
32.4
23.9
23.9
23.7
28.3
26.3
24.2
26.3
26.2
19.6
24.9
24.6
32.9
24.6
26.6
26
32.8
34.9
36.9
37.6
36.6
36.5
32.9
19.7
19.7
20
15.7
15.4
13.7
13.6
13.2
13.6
17.2
15.3
17.8
18.1
15.6
15.2
15.5
11
6.9
6.8
6.8
6.7
6.9
4.7
6.7
2.9
6.9
10.6
10.7
13.1
17.4
12.7
16.9
14.7
10.9
12.7
23.2
58.6
57.7
48.85
44.425
40
39.8
39.8
33.6
45.7
51.6
39.6
47.5
56.2
41.5
48
54
54.6
51.8
58.7
63
63.6
68.1
68.4
73.6
73.3
65.3
77.3
63.9
62.1
64.5
61.6
61.1
69.5
71.8
72.6
64.2
61.7
53.8
62.2
58.8
60.3
63.4
84.7
30.4
49.9
65.7
42
44.4
53.4
55.9
39.7
31.3
36
35.2
51.6
45
50.6
42.2
39.5
40.5
46.9
47.4
51.9
53.5
58.6
71.7
58.3
85.6
91.7
80.9
89.9
123.4
74.9
51.7
52.5
40.4
46.6
57.6
37.5
36.1
33.2
29.7
34.4
28.5
24.9
24.4
19.8
19.9
15.6
25.8
28
28
28.3
31.3
31.3
29.6
32.5
34.9
39.65
42.025
44.4
52.2
53.6
60.1
60.6
64.5
56.9
63.7
52.6
54.4
52.6
43.3
48.8
48.5
58.6
46.3
49.4
48.8
53.5
56.7
50.3
60.8
85.8
72
60.6
67.6
130.10001
112.9
127.7
63.6
76.1
60
57.1
62.9
57.3
58.8
55.4
60.5
65.2
59.3
62.7
69.4
69.9
76.1
77.8
64.1
63.4
58.7
55.5
40.8
40.5
41.2
43.2
43.7
39.6
45.9
35.6
36.2
39.2
34.5
29.4
39.7
28
35.3
36.1
42.8
38.4
34.7
38.7
50.5
39.1
27.7
20.1
19.7
18.4
17.7
15.6
13.5
13.2
17.4
15.2
13.2
11.2
13
13.3
15.4
13
13.4
15.7
15.1
13.1
15.1
19.6
19.4
21.8
23
24.2
36.8
35.6
38.2
33.9
39.9
34.4
38.5
37
43.5
42.4
49.1
48
45.4
41.4
50.2
53.5
56.9
54.6
71.3
86.2
86.3
103.2
91.5
96.6
88.7
98.9
85.7
88.7
96.6
97.5
99.8
82.2
65.6
70.4
68.9
66.9
74.6
84.8
87.8
76.3
68.4
68.7
65.6
59.3
56.7
50.6
55.1
56.2
61.9
51.7
58.2
61.9
50.2
41
48
41.8
39.2
41.7
46.2
38.9
46.6
49.1
65.7
77.1
78.2
78.7
73.1
78.2
76.7
71
73.3
61.8
61.8
41.3
32.8
31.2
29.7
36.5
29.2
20.1
20.4
24.6
24.1
23.8
26.6
32.3
26
30.2
26.2
24
19.7
17.5
22.2
23.1
23.55
24
26.5
33.9
31.3
34.6
34.1
31.5
31
33.7
33.8
35.8
44.5
47.4
51.5
56.1
59.2
55.2
55
52.3
52.6
62.6
99.7
73.4
75.6
87.8
75
93.1
90
108.6
97.5
107.9
83
78.5
79
78.9
73.3
72.2
81.3
68.8
73
75.8
65.3
61.1
56.2
69.4
69
69.3
71.6
77
70.7
78.9
83.3
77.5
73.1
79.6
70.2
67.1
77.8
63.8
78
71.5
79.7
83.3
97.9
89.2
111.7
104.4
101
119.6
89.6
115.9
72.9
67.5
74.6
55.7
47.6
41.9
35.1
39
31.9
30.4
27.2
24.8
24.4
25.2
22.2
24.9
22.9
22.7
22.4
20.1
20.6
22.3
22.6
22.5
22.45
22.4
31.7
29.5
29.7
39
36.8
42
37.6
40.4
41
40.8
33
33.9
36.7
27.7
32.8
30.2
36.4
28.7
34.5
50.5
42.4
41.4
55.8
49.2
61.5
52.7
61
53
60.1
57.8
49.5
48.8
44.9
46.9
46.5
44.6
45.8
40.1
37.8
36
39.4
34.4
37.2
35.5
33.8
32.1
27.4
33.7
30.9
32.6
30.1
31.6
34.3
38.2
32.8
55.9
56.2
43.4
44.4
37.7
39.7
38.7
51.6
56.1
48.3
52.8
47.7
45.4
32.4
35
35.4
34.7
29.5
22
24
20.1
17.8
15
15
12.7
12.9
12.3
10.4
8.3
14.6
14.2
14.5
12.6
12.3
14.2
14.6
16.7
18.7
23.95
26.575
29.2
30.8
32.5
30.8
36.7
34.5
36.5
36.1
33.8
38.2
47.3
42.4
43.2
40
42.6
37.8
42
41.3
45
47.6
47.8
42.3
35.4
35.4
39.5
47.2
53.8
56.8
62
55.5
53.5
51.4
67.6
60.9
62.7
78.8
66.6
51.8
58.3
52.1
55.2
54
54.6
53.1
56.4
48.3
46.9
52
51.8
52
34.8
41.6
46.8
37.1
37.1
41.1
44.4
38.8
45.1
38.8
48.9
31.1
33.3
29.1
35
34.6
34.4
27.5
24.5
24.5
28.1
24
25.8
25.8
25.8
25.8
26.4
24.1
23.8
23.6
25.5
23.3
21
25.8
27.8
29.7
29.4
31.7
33.7
32
32
31.8
31.9
29.6
33.55
35.525
37.5
42
39.4
37.5
35.8
35.1
35.7
35.1
26
21.9
23.9
24
24
26.4
23.6
23.8
28.4
24.2
25.9
26.1
24.2
26.5
30.7
30.8
29.4
28.9
31.6
29.2
26.4
29.6
27
31.8
30.7
32.7
35.5
30.1
36.4
36.8
39.1
34.4
34.4
27.2
25.2
21.9
23.2
19.1
20.5
25.4
40.9
35.8
38.6
33.3
39.6
37.9
32
36.3
34.5
31.7
29.7
39.2
31.9
33.4
31.7
41.2
38.2
31.2
31.8
38.2
36.2
34.2
32.1
26.4
24.6
24.4
20
20.2
17.7
15.6
15.4
15.6
17.9
15.6
13.9
15.5
17.6
17.6
17.3
19.6
19.8
19.6
19.8
23.6
28.7
27.8
34.4
37.7
41
44.4
47
45.5
43.2
47.5
48.2
49.6
54.5
56.4
55.6
59.7
56.8
51.8
49.6
57.1
56.8
68.3
66.3
74.4
83.1
84.7
76.4
80.5
87.6
86
96
82.9
98
97.8
101
100.7
130.60001
75.6
64.1
65.8
60.4
57.3
53
57.5
57.3
47.4
40.1
40.2
42.4
39.9
44.5
44.2
42.4
43.4
33.2
34.3
47.4
44.6
48.6
39
41.3
39.8
40.3
45.7
56.9
54.4
49.3
53.1
51.6
60.8
60.1
63.2
62
56.1
57.9
54.6
51.6
47.6
40.2
31
24.6
22.7
24.9
20.4
16.1
14
13.6
13.7
9.6
9.4
13.9
16
11.7
11.6
11.9
11.6
15.8
13.6
20.5
23.95
27.4
30.7
35.4
45.5
52
48
39.5
37
37.4
34.8
42.6
46.1
47.6
50.1
47.6
52
55.2
56.9
62.7
83.6
84.9
85.4
74.8
83.4
74.7
84.4
88.5
82.1
93.7
91
77.7
81.8
73.2
60.4
59.8
57.4
45.7
48.4
43.2
41.1
48
51.3
39
41.8
49.9
42.1
48.6
46
49.4
50.9
48.4
51.9
41.3
49.5
37.6
45.3
45.8
51
60.3
67.1
61.6
54.9
62.6
68.1
72.9
81.8
83.1
114.9
81.8
83.5
86.5
79.4
83.8
69.2
62.9
57.9
53.9
50.2
52.1
51.4
54.5
56.8
66.4
60.5
62.5
68.7
72.1
74.7
73
76
75.7
78.8
91.3
87
90.15
91.725
93.3
97
107.5
131.10001
141.10001
143.39999
130.89999
127.7
118
107.7
115.4
108.3
94.9
101.7
103.4
124.4
121.8
122.5
130.2
155.3
151.2
166.89999
182.10001
135.39999
113.4
116.7
130.2
148.60001
116.1
108.6
95.2
88.3
85.2
93.9
93.3
80.5
77.8
72.3
53.9
49.9
48.3
40.2
30.8
21.8
33.9
39.5
25.9
26
30.9
26.4
29
47.8
31.5
38.4
42.9
31.4
33.5
35.7
38.7
44.7
57.6
52.2
52.4
68.4
64.6
67.4
71.4
63.8
83
100.8
94
96.5
82.7
63.5
69.8
59.5
52.7
41.5
42.2
41.7
39
35.1
32.8
31.2
33.4
31.5
22.6
27.3
23
20.7
20.6
22.4
24.6
16.7
12.75
10.775
8.8
13.3
17.1
15.2
17.5
19.3
28
25.8
30
30
32.7
34
29.6
34
29.9
27.4
32.6
38.6
40
41.2
45
53.3
64.1
59.5
61.8
67.9
59
29.7
58.4
106.4
151.39999
138
80.5
78.4
85.2
90.7
84
54.1
52.5
51.5
61.9
45.7
30.3
35.7
30.9
28.6
29
24.5
26.3
38.8
39
39.7
54.2
50.2
51.4
60.6
57.3
74.6
65.5
80.5
80.7
70.4
88.5
87.9
72.6
74.4
73.6
96.8
92.3
96.8
135.3
88.9
84.2
64.3
66.5
82.2
80.7
69.2
61.6
43.2
39.6
44.7
41
35.6
41
38.5
41
41.2
46
41.3
43.8
43.8
44.3
53.2
50.95
49.825
48.7
56
56.7
56.3
62.3
64.1
69.3
59.8
71
72.4
83.7
80.7
73
63.5
75
68.7
70.9
57.9
59.5
63.1
63.7
63.1
62
62.9
52.3
53.7
51.9
52.1
59.1
62.9
54.4
53.3
48.6
55.7
27.8
28.5
30.7
22
20.3
22.4
26.7
24.4
20.5
17.8
16.1
23.1
26.9
28.7
18.5
9.7
28.3
16.5
16.1
23
27
29.6
34.4
35.7
35
31
27.7
32.1
37.8
40.3
44.8
64.4
60.3
71.9
68.1
69.9
83.6
70.2
65.4
52
51.1
33.8
34.4
23.5
25.6
28
23.8
17.2
19.5
17.4
15.4
15.3
15.4
15.1
15.1
15
15.3
13.3
15.3
19.3
23.65
25.825
28
40.6
35.9
38.1
45
51.1
48.6
44.3
53.1
55.5
48.5
53.7
58.6
55.7
54.4
65.7
70.9
66
65.8
67.8
64.9
71.7
68
69.1
72.7
82.6
116.7
109.8
106.8
97.6
86.9
81.2
82.3
63.5
64.7
54
49.2
56.1
53.8
52.1
44.4
39.2
26.8
30.3
29.1
23
20.8
27.2
42.4
47.9
41
66.3
52.4
53.9
50.8
55.5
48.7
50.5
50.9
66
57.7
59
62.1
73
77.7
74.6
86.5
91.4
88
85.7
90.2
98.4
93.5
137.7
158.39999
142
112.6
87.9
78
76.9
57.2
32.7
40.9
51.9
48.5
45
53.4
47.4
47.1
44.3
41.7
37.6
40.2
40.5
51.05
56.325
61.6
72.8
72.6
72.1
59.7
65.1
77.1
79
105.5
92.8
87.7
89.8
91.6
87.1
100
109.3
107.2
107.2
109.3
112.3
100
95.8
98
93.9
106.6
74.9
50.9
44.9
54.9
53.2
50.8
55.5
41.6
39.1
33.5
37.4
35.6
35.7
46.3
50.6
62.6
54.9
60.2
62.4
55.9
57.7
52.1
50.3
52.2
56.9
39.6
42.2
37.4
41.7
50.6
57
52.9
54.2
53.6
55.9
51.5
52.3
54
48.8
54.4
52.3
52.6
42.2
40.9
40.3
42.1
40.9
52.7
54.6
50.9
50.6
48
36.9
32.8
34.6
31.3
27.9
26.7
31.2
34.3
37.6
37.7
47.3
42.7
46.1
50.7
50.7
53.5
58.9
63.9
66.4
68.9
64.7
69.9
82.1
85.7
98.7
91.5
94.5
97.4
101.3
90
88.6
87
87.5
103.9
92
96.7
114.6
115.7
134.2
124.5
101.3
96.2
91.3
92.8
92.4
85.6
83.4
75.9
64.9
52.9
44.6
39.4
48.2
35.5
33.6
34.2
36.2
36.4
34.1
34.5
29.7
34.2
44.5
40.5
48.5
43.7
44.5
40.9
37.6
34.7
33.6
44.5
46.1
42
46.5
46
42.4
44
50.2
51.4
51.8
44.4
47.2
50.4
48
52.8
73.3
72.1
93.7
112.4
132.5
133.2
107.5
72.4
87.9
81.1
71.2
58.6
49.8
45.7
69.4
70
64.1
68.3
70
60
55.2
50
52.2
47.4
42.6
48.9
51.1
48
46.45
44.9
61.4
54
60.2
55.4
55.1
62.1
55
61.4
62
68.8
60.8
58.7
64.6
66.7
66.7
60.6
56.4
56.6
56.6
68.7
57.6
48.6
57.4
51.2
53.7
59.2
62.1
66.3
80.4
55.7
48
55.2
57.2
43.6
39.8
39.4
34.9
34.8
34.5
32.6
35.1
37.4
41.9
28.2
25.35
22.5
26.3
24.9
28.6
29.1
22.3
29
27.2
30.9
33.6
42.1
33.9
41.4
35.7
41.7
43.7
50.1
59.1
60.3
53.3
58.6
62
71
65.7
65.3
64.1
66.8
65.3
62.7
60.5
51.8
47.6
47.8
50.6
47.7
35.9
31.7
37.4
30.1
32.7
34.9
34.9
43.3
30.9
30.8
27.2
25.2
30.8
32.75
33.725
34.7
44.8
48.9
42.8
46.5
44.7
55.8
61.9
61.7
63.4
74
73
69.8
69.2
69.3
73.6
72.8
71
71.6
74.5
75.6
74.8
74.9
74.8
69.6
73.6
76.7
81.8
78.1
75.5
68.1
77.1
66.7
87.4
79.7
77.2
53.8
63.5
55.2
41.1
38
49.9
45.5
48.9
43.6
43
35.6
40.4
40.2
44.2
54.4
63.4
69.6
65.4
76.7
82
81.8
114.5
164.2
136.60001
115.3
123.4
121.5
108.1
102.5
91.7
75.3
71.5
74.7
100.4
181.2
139.8
89.2
85.5
104.3
67.2
70.7
77.9
63
63.2
50.2
73.1
51.1
41.8
38
36.5
34.8
46.5
44.1
44.9
51.5
57.3
54.4
53.5
47.3
44.2
41.1
43.1
46.6
37.8
41.8
47.4
46.8
40.6
39.1
40.5
40.8
41.4
43.7
46.6
45.6
47.3
58
45.1
47.2
52
68.6
70.8
88
92.9
82.1
90.2
55.3
52.5
59
41.1
26.8
23.2
17.6
19.4
49.9
37.8
11.6
10
16.1
32.8
29.1
25.1
21
18.4
22.9
39.1
25.6
18.5
18.8
17.9
15.4
15.9
18.5
19.3
31.4
18.3
12.2
30.3
30.8
34.7
34.2
44.1
45.1
48.9
55.6
66.2
73.8
80.5
91.5
83.3
117.2
125.2
140.39999
98.8
74.5
59.3
105.4
77.1
39.9
39.4
30.4
29.9
25.8
30.5
31.7
30.3
28.1
19.1
15
15
19.1
26.2
21.1
22.7
18.9
17
15.1
13.2
15.4
15.2
23.4
21.3
24.1
34.5
32.3
27.5
25.6
28.1
42.4
46.5
43.7
44.3
49.8
38.1
23.4
21
21.2
30
19.2
21.4
29.8
38.2
62.7
46.2
43.4
44.1
45.2
52.2
52.1
52.8
46.2
35.7
48.7
40.3
34.6
31.6
27.5
27.5
30.1
31.7
21.5
23.4
23.5
21.6
21.8
21.8
23.5
21.9
21.4
19.7
19.8
19.7
20.1
22
23.8
25.8
23.9
32.3
27.8
21.9
33.3
34.8
40
46.4
50.9
44.8
47.1
40
36.9
42.9
55
57.4
47.2
45.3
38.6
33.5
29.1
25.4
25.6
27.9
30
21.5
21.1
17.1
18.9
17.1
21.1
23.2
19
21.3
20.15
19.575
19
27.6
30.9
44.6
37.7
37.4
37
41.6
47.2
50.8
51
39.5
28.7
28.7
32.9
33.1
34.7
37.4
46.9
66.5
76.7
63
62.9
62.1
55.2
58.4
55.6
59.8
62.9
68.6
45.3
45.2
45.6
47.9
45.5
49.7
46.1
46.6
47.8
41
36.7
40.4
38.3
40.9
34.3
44.7
46.9
49.7
41
37.8
42.7
51.6
56.1
58
52.4
46.4
54.9
57.6
63.6
70.8
77.7
92.2
108.3
105.3
126.8
128.5
126.4
105.4
79.4
94.5
98.5
106
98.4
101.5
61.6
50.4
89.5
47
46.6
61.6
57.1
44
41
33.9
33.9
33.3
25.3
32.9
27.1
30.6
24.8
23.3
25.9
27.6
32.95
35.625
38.3
35.4
38.8
44
47.3
52.7
47.7
48.6
54.9
57.8
53.7
48.8
40.3
37
48
48.8
48.8
38
38.8
42.6
38
25.8
32.8
36.3
34.3
28.9
26.8
36.7
28
39.5
30.7
32.5
30.7
22.3
20.2
20.1
20.4
18.2
18.6
18.6
16
18.2
16.7
20.2
16.5
18.4
22.8
26.6
55.9
53.9
46.2
44.8
58.8
61.6
52.5
53.5
32.3
27.3
29.6
29.1
35.2
33
29.1
31.3
25.3
25
22.8
20.9
23.1
24.6
22.7
20.6
20.8
22.7
18.7
14.8
11.1
11
7.2
7.3
5.2
7.1
7.1
5.2
7.5
5.2
7.3
7.4
7.3
7.1
7.1
9.1
7.3
7.1
7.2
7.25
7.3
9.3
9.3
11.1
13.1
11.3
11.3
13
15
22.8
20.7
25.1
21
15
19.1
15
15
16.9
17.7
17.3
17.5
23.2
19.1
26.9
23
25.2
25.1
25.2
25.5
25.3
24.8
25.3
27.1
27.5
21.3
24
27.6
29.1
30.2
29.4
23.3
27
27.4
24.6
28.4
24.5
21.9
18.5
22.6
19.9
17.7
17.7
26.1
18.8
20.8
24.1
28.7
35.4
33.9
49.7
52
55.8
62.8
64.5
60.4
68.5
71.3
72
64.9
75.7
78.8
71.3
78.8
75.3
73.6
86.8
81.7
79.3
57.3
45.5
50.5
52.1
55
43.6
43.4
43.2
40.5
48.3
52.9
55.4
39.9
39.3
32.8
28.7
31.55
32.975
34.4
40
53.2
47.1
51.9
54
51.5
53.6
54
50
47
51.3
42.7
45.9
38.7
42.1
48.5
48.6
48.2
50.3
52.6
56.9
55.5
53.6
42.6
47.4
36.8
38.7
42.4
76.3
67.5
59.7
49.2
67.7
62.3
36.5
49
48.9
53.4
43
53.4
46.6
56
35.4
35.9
54.8
37.8
32.3
28.2
20.9
27.2
25.2
34.4
36.5
25.3
22.6
26.8
21
18.4
24.6
23.5
22.3
20.4
21
20.4
27.1
34.4
26
33.6
34.8
31
45.6
47.1
39.7
43.4
49.2
43.7
33.3
25.6
23.6
24.9
31
33.6
22.2
21.5
15
16.9
20.5
24.4
20.6
22.4
22.2
18.3
20.3
21.45
22.025
22.6
24.8
29.1
36
34.2
35.9
31.1
38.2
42.2
44.4
52.1
50.4
51.3
52.4
52.8
47.5
59.1
65.1
70.5
71.2
75
77.1
75.1
81.4
82.1
79.9
91.3
76.8
90.4
43.8
39.4
31.1
23.5
18.6
23.3
20
23.5
18
15.7
15.7
13.8
15.8
21.2
15.8
18.1
20.1
11.5
11.7
16.3
13.8
16.2
9.6
14
12
11.5
9.8
13.6
9.8
10
15.8
14.4
19.8
15.8
22
28.1
25.5
39
42.9
49.4
56.1
59.3
58.2
55.2
54.5
52.8
47.8
47.1
31.3
26
23.2
23.2
19.3
23.6
20.9
19.3
17.8
15.1
12.8
8.9
8.9
10.9
10.9
12.8
10.9
13.8
15.25
16.7
19.2
23.3
22.8
25.1
36
33.2
38.1
35.6
43.9
42.5
41.7
40.7
42.2
44.5
46.3
38.6
30.9
35.9
35.7
53.8
46.5
48.2
54.5
55
43.9
46
29.3
19.3
21.3
22.9
25.3
29.8
25.9
23.4
21.1
27.2
19.1
15.3
9.5
11.3
15.6
9.6
17.9
11.9
18.7
18
11.3
11.1
15.2
10.3
13.3
13.2
13.4
13.3
11.8
13.8
11.3
15.6
11.5
13.7
11.4
11.1
9.4
15.7
17.9
15.4
15
24.1
21.3
31.9
25.8
28.4
17.3
17.6
27.7
36.5
34.3
23.9
21.4
15.3
9.4
13
15.4
13.8
9.2
7.1
9.4
8.8
11.1
11
9.4
13
6.9
7
7.05
7.1
14.6
13
13
15.4
14.9
14.8
17
19.7
23.6
26.1
25.5
21.2
23.8
19.6
21.4
23.6
25.8
25.8
27.9
27.4
34.1
32
32.8
48.8
32
58.5
55.8
79.8
88.6
67.3
38
42.2
41.5
49.1
37.9
37.8
34.7
33.7
27.5
23.2
32.5
29.5
37.2
30.3
30.9
40.7
35
38.6
43.9
42.3
47.8
44.6
47.4
33.1
27.9
29.7
30.1
35.2
28.2
27.1
29.3
33.3
33.8
36.9
35.7
45.9
61
53.1
46.6
68
63.8
53.7
56.6
62.3
51.4
43.4
29.2
19.4
15.2
11.3
18
13.3
11.3
13.2
10.9
9
10.7
8.9
8.8
9
13.5
8.9
8.9
8.85
8.825
8.8
8.9
11.1
9.2
10.8
13.2
10.9
13.3
19.1
17.1
21.8
20.9
27.1
29.5
29.3
29.6
36.6
41.7
35.5
35.8
36.9
37.4
30.6
39.3
51.2
60
56.9
66.6
69.7
82
63.2
39
34.7
24.9
37
31.9
25.7
28.6
21.8
23.1
23.9
21.9
20
12.2
11.2
11.4
20.2
19.4
15.7
15.1
14.9
11.8
12.1
14.1
15.3
14
28.3
20.7
18.9
15.4
22.2
24.6
17.5
18.5
25
30.2
35.9
33.9
34.6
38.5
49.4
43.7
43.4
41.4
41
28.9
28.4
30.2
28.2
25
26.3
24.6
20.3
20.3
20.8
14.2
14.4
16.4
18.5
16.4
16.6
14.5
20.4
21.9
23.8
24.75
25.7
25.8
23.8
27.7
27.8
33.9
37.9
41.6
54.6
48.1
50.5
45.4
42.9
45.3
51.3
50.8
43.1
48.8
46.6
54.3
61.5
78.4
77.3
67.3
66.1
42.8
35.4
29.7
31.9
23.9
26.2
20.4
16.6
12.7
14.6
20.5
21
10.8
24.7
22.5
29.2
20.4
20.8
24.9
26.9
32.7
32.9
24.7
33.2
36.7
43
40.8
43.4
34.7
39.5
30.6
32.7
34.3
40.9
50.4
46.9
47.6
44.9
41.3
42.5
40.1
38.2
33.3
37.7
41.2
46.6
47.8
52.2
52.3
54.4
45.4
33.7
30.4
30.4
26.5
29.6
31.6
31.9
35.5
36.8
38.6
42.6
44.2
43.1
41.9
46.5
46
49.1
53.3
52.3
51.8
51.3
45.7
46
48.4
45.4
52.9
66.1
62.4
62.8
63.4
64
57.3
55.6
60.3
58.4
70.6
79.4
71.8
74.2
77.5
87.5
83.2
81.2
65.4
63.1
63.5
78.9
75.6
78.1
73.7
80.4
93.7
78.9
88
96.8
103.5
93.9
107.2
88.4
76.7
84.6
83.4
77.9
60.1
58.1
68.9
76.8
54.3
45.8
59.7
46.8
53.6
50.3
62.9
53.9
43.4
46.8
55.7
52.9
57.7
57.3
53.2
59.1
57.9
67.9
63.8
62.4
56.5
64.2
65.2
66.3
64.9
61.7
63.3
63.7
66.1
61.5
60.8
52.5
42.2
44.3
49.9
50.2
54
55.7
46.2
43.8
46.6
38.2
39.5
38.3
45.4
57.9
62.7
64.85
65.925
67
69.5
79.7
43.5
41.8
46.4
46.4
50
48.7
46.8
49.8
52.1
57.9
60.9
57.4
50.6
49.6
51.9
54.3
49.3
55.1
65.2
68.6
58.3
54.4
50.2
50.5
36.7
24
29.9
22.1
33.6
46.9
35.5
33.4
27.6
39.7
42.3
36.1
34.7
22.7
6.3
31.3
31.9
39.7
21.5
26.7
28.9
24.7
25.9
32.3
30.5
28
28.6
32.8
31.2
25
35.4
40.4
34.5
19.8
35.1
28.9
37.1
47.4
47.9
43.6
53.7
48.9
47.1
47.3
51
44.6
47
47.8
47.9
45.9
47.3
45.5
49.8
45.6
35.6
39.9
43.9
39.9
27.4
24.3
35.6
20.8
17
14.9
20.6
20.6
21
25.9
28.35
30.8
26.4
35.6
39.3
41.4
45.3
39.2
53.9
59.1
60.9
59.6
59.8
63.7
61.6
62.4
62.1
68.2
60.5
56.3
67.3
72.7
64.9
57.2
49.4
44.8
50.7
55.8
57.1
53.7
44.8
40.8
43.3
50.1
50.5
42
47.5
36.2
33.6
34.1
37.8
34.8
37.4
43.3
32.5
35.6
37.7
34.8
37
34.3
28.5
37.7
35
32.5
42.5
41
50.1
52.9
59
55.8
56.7
54.4
57.3
48.2
48.7
71.4
62.8
55.5
44.6
30.5
36.2
35.9
40.8
35.9
35.4
35.7
37.4
33.7
30.8
23.2
19
15
15
10.9
9.4
9.4
9.3
7.5
5.3
5.3
7
9
9
9
9
12.95
14.925
16.9
20.9
18.7
19
14.7
16.9
16.6
18.7
22.4
27
24.3
20.5
20.4
18.6
22.6
32.2
34.4
36.5
34.6
38.4
44.1
44.8
42.2
38.9
39.1
35.7
33.8
40.6
46
40
41
36.7
32.1
36.9
31.2
32.3
24.6
32.6
33.9
24.1
30.9
33.2
31.1
34.2
35.6
28.5
18.9
26.4
26.6
23.8
21.7
23.7
21.7
25.7
38.9
44.8
64.15
73.825
78.6625
81.08125
82.290625
82.8953125
83.19765625
83.348828125
83.4244140625
83.46220703125
83.481103515625
83.4905517578125
83.4952758789063
83.4976379394531
83.4988189697266
83.4994094848633
83.4997047424316
83.4998523712158
83.4999261856079
83.499963092804
83.499981546402
83.499990773201
83.4999953866005
83.4999976933002
83.4999988466501
83.4999994233251
83.4999997116625
83.4999998558313
83.4999999279156
83.4999999639578
83.4999999819789
83.4999999909895
83.4999999954947
83.4999999977474
83.4999999988737
83.4999999994368
83.4999999997184
83.4999999998592
83.4999999999296
83.4999999999648
83.4999999999824
83.4999999999912
83.4999999999956
83.4999999999978
83.4999999999989
83.4999999999994
83.4999999999997
83.4999999999999
83.4999999999999
83.5
83.5
83.5
83.5
83.5
83.5
83.5
83.5
83.5
83.5
83.5
83.5
83.5
83.5
83.5
83.5
83.5
83.5
83.5
83.5
83.5
83.5
83.5
83.5
83.5
83.5
83.5
83.5
83.5
83.5
83.5
83.5
83.5
83.5
83.5
83.5
83.5
83.5
83.5
83.5
83.5
83.5
83.5
83.5
83.5
83.5
61.3
89.9
78.3
58.9
59.8
94.1
74
97.5
109.5
97.4
108.7
122.5
125.3
111.9
117.6
124.1
128.8
102.3
102.2
86
82.1
81.4
64.3
54.9
46.7
49.2
41.2
46.7
52.5
41.4
38.8
41
41.3
41
40.9
41.1
41.3
51.3
56.9
59.5
60.8
62.1
48.9
54.2
54.6
48.9
43.8
48.7
61.8
64.1
67.3
61.6
64.1
69.6
69.6
64.1
59.1
59.1
74.9
72.1
69.7
64.4
61.5
64.3
48.7
46.4
48.9
59.3
64.6
44.4
72.6
49.8
68.2
69.5
71
52.1
52.9
69.7
39.5
42.8
47.3
34.3
32.4
53.4
50
63.5
43.6
44.3
37.3
39.5
58.8
66.1
45.3
37
52.4
48
43
50.8
36.9
36.8
35
37.4
42.4
47.6
39.9
48.3
53.6
59.6
62.3
73.1
66.9
90.1
68.8
88
70.6
76.3
72.9
47.8
39
31.1
23.1
22.9
15.2
17.6
17.6
15.1
10
15.1
12.5
12.5
17.7
17.6
17.5
14.9
17.6
16.35
15.725
15.1
15.1
17.5
20.2
22.6
25.3
25.3
22.6
22.6
25.2
20.6
30.5
25.5
22.9
22.8
20.2
41.5
28.3
25.4
41
30.8
23
28.2
25.9
20.2
17.7
15
17.7
17.6
30.8
22.8
17.8
20.1
15.1
20.4
12.6
12.6
12.7
12.7
12.6
9.9
12.6
12.6
12.4
12.5
7.5
12.5
10
14.8
15.1
7.4
17.6
20.3
15.3
10
9.9
9.9
15
15.1
9.9
9.7
7.2
4.8
4.7
4.7
4.8
7.1
9.7
9.7
9.7
12.3
9.8
9.7
12.2
12.3
12.3
9.6
9.7
9.5
9.4
7.1
7.1
4.5
4.5
4.5
7
7
9.6
7.1
12.1
9.7
6.9
9.6
9.6
11
11.7
12.4
9.6
9.8
14.8
12.1
12.2
17.2
25
28.1
30.8
36.1
37.9
43.3
43.1
40.5
51.1
53.7
61.2
55.7
38.2
32.7
27.5
30.3
35.8
43.3
40.8
32.7
32.9
35.9
27.9
28
22.6
22.5
17.5
14.9
20
27.7
27.6
19.9
14.7
17.4
15
22.5
22.5
25.2
27.7
25.3
30.6
30.2
22.5
15
22.8
25.1
20.1
30.5
22.6
17.3
12.6
22.6
19.9
25.4
17.8
25.4
20.3
20.1
25.5
25.2
30.4
38.1
35.5
32.8
32.9
45.8
37.9
29.9
25.1
25
27.2
24.7
19.4
17
17
14.3
11.8
9.4
9.2
9.3
11.9
11.8
9.2
11.8
11.8
9.2
11.7
11.8
11.85
11.9
14.4
14.4
19.4
24.5
21.9
29.8
29.7
29.7
27.1
24.5
27.1
37.4
29.7
32.3
19.5
14.3
16.9
20
51.3
46
48.3
57.1
51.5
59.1
62.3
64.6
60.4
89.2
73.3
65.1
53.1
38
35.1
40.6
35.4
43.1
59.6
46.7
59.9
46.9
63
65.8
62.8
67.8
54.4
49.6
59.8
36
34.1
44.5
53.1
52.6
67.2
38.9
41.4
44.3
63
51.9
52.8
54.8
42.2
38.4
54.6
54.4
46.7
66
63.9
43.3
65.7
72.3
56.4
62.1
92.2
80
84.9
61.2
55
49
40.3
45.7
40.5
35.2
38.3
38
27.1
27.1
24.5
21.7
11.5
8.8
13.9
19.2
19
20.3
20.95
21.6
27
26.7
26.8
24.2
29.3
29.2
29.3
34.3
44.8
42.2
49.8
49.8
57.5
50
54.9
50.1
49.8
55.1
55.2
55.2
55.1
50.3
50.2
42.9
40.8
45.9
40.3
70
70.9
83.7
43
29.6
35.3
48.4
35.5
53.5
32.5
42.8
40.1
27.2
14.4
29.8
29.8
27.5
24.8
24.7
27.5
22.1
19.9
27.7
32.5
19.6
22
32.6
25
24.5
37.7
27.7
30
30
37.8
43.5
49.4
64.1
57.1
55.85
54.6
56.5
40.8
72.3
69.8
54.8
40.6
50.6
60.8
34.6
42.4
29.4
21.7
18.9
11.3
13.9
16.4
13.8
11.1
11.2
5.9
6.1
8.5
5.9
5.9
5.8
5.9
5.95
5.975
6
8.5
8.5
8.4
8.4
8.5
8.4
11.2
16.4
19
18.8
16.4
11.1
16.1
21.2
13.8
16.3
24.1
21.3
26.6
24
21.3
26.7
24.1
37.4
30
48
37.3
38.3
49.1
27.5
41.4
41
29.8
51.1
38.3
53.5
24.9
45.7
32.4
29.7
25.6
24.6
30.1
29.8
32.5
29.8
27.6
33.1
35.4
25.2
24.7
35.3
38
25.7
27.4
35.5
30.3
27.9
30.2
36.1
48.1
33.2
41.4
49.2
48.8
49.5
52.8
94.9
68.5
65.9
83.4
63.9
59.2
51.4
63
57
48.2
29.7
35
37.3
32.1
19.1
21.2
16.3
13.4
10.7
8.1
10.8
8.1
10.8
5.7
5.6
8.2
6.85
6.175
5.5
5.5
5.7
10.6
5.7
8.3
8.3
10.7
13.6
10.9
10.9
15.9
15.8
16
16.1
16.2
16.2
21.1
23.8
21.3
23.7
31.3
36.4
33.9
34.1
39.4
34.2
34.7
42
34.3
45
58.8
34.4
35.1
56.7
38.2
34.5
29
37.1
27.1
34.4
37.3
37.5
35.2
34.8
32
34.7
29.8
37.6
35.1
26.9
34.8
51
40
44.4
58.6
40.8
51.1
61
61.7
58.2
58.4
71.4
61.7
76.5
87.6
89.3
70.7
68.9
57.9
74.5
42.4
26.4
18.3
15.9
15.5
15.7
13.1
15.7
15.6
12.9
12.9
13
15.5
7.8
10.2
7.8
7.7
7.8
7.8
5.1
5.2
5.2
7.7
7.7
7.7
7.7
5.2
5.2
5.1
7.7
10.3
12.8
10.3
10.4
15.3
18.1
15.4
18
23
15.5
15.4
23.2
17.9
18
20.4
25.6
28.3
25.7
23.2
28.4
26.4
30.9
30.9
23.7
33.9
28.6
33.8
33.85
33.9
36.2
31.1
38.8
31
26.3
26.1
20.6
28.2
38.8
26.2
18.1
25.9
20.8
25.9
10.7
25.7
36.2
33.5
29.35
27.275
26.2375
25.71875
25.459375
25.3296875
25.26484375
25.232421875
25.2162109375
25.2
30
30.1
32.6
37.5
47.3
38
30.8
47.7
40.5
38.7
50.5
58.3
54.9
53.4
70.6
43
37.8
35
25.1
17.6
7.5
12.5
7.4
7.5
5.1
5
5
5
9.9
10
9.9
7.5
8.75
9.375
10
10
12.4
10
9.9
10
14.8
22.2
22.3
22.2
24.5
19.7
27.3
29.9
35
29.9
27.2
19.6
19.6
19.8
24.6
37
32
24.6
22.1
36.9
36.8
49.2
39.4
29.7
29.7
29.9
32.2
46.9
69.8
44.6
54.2
41.7
49.4
52.2
42
71.8
102.7
80.4
95.1
82.9
66.9
82.3
64.8
70.4
67.1
70.6
67.8
58.2
61.6
56
58.7
43.4
48.1
48.7
46.6
53.1
48.2
50.7
58.5
53.7
53.4
35.9
32.9
32.7
32.9
38.2
35.8
32.8
32.4
32.6
35.1
34.6
37.4
34.7
34.6
32.1
30.3
35.3
35.9
41.2
34.4
34.6
35
44.9
50.3
42.4
60.3
55.8
55.35
55.125
54.9
68
59.4
61.2
73.6
89.4
79
78.8
77
76.9
76.5
93.9
81.2
83.9
83.9
81
78.8
76.1
68.9
73.9
86.2
86.7
93.5
89
79.3
81.7
66.8
61.7
64.2
61.9
56.9
59.7
54.7
57.4
35
39.7
37.3
40
42.3
32.6
40.2
39.9
47.9
45.4
42.3
47.5
48.1
40.3
35.1
42.5
27.7
35.4
42.7
37.8
50.1
43
43.6
45.6
48.4
38.5
38.3
52.9
46
40.7
33.4
33.6
41.3
40.8
46.3
43.4
33.5
48.4
43.4
48.2
40.7
40.3
39.7
44.7
32.3
34.8
27.3
25.1
29.7
32.3
27.3
27.6
29.9
29.7
27.5
30.1
22.8
27.7
27.4
37.7
38.75
39.275
39.8
35.3
37.6
45.3
50.4
46.4
50.7
51
52.8
53.2
53.5
58.5
48
48.2
50.8
47.8
58.3
56.3
43
42.4
40.1
40.1
42.3
59.4
45.1
55.9
76.4
50
50.2
57.6
42.7
53.2
83.2
52.5
51.7
79
80.9
67.8
62.2
38
38
55.3
69.9
80.1
57.4
65
42.8
61.4
48.4
48.6
57.3
46.1
41.4
60.5
36.7
41.7
46.9
44.9
45
46.3
56.8
50.6
42.8
34.8
39.5
36.5
42.4
37.4
60.6
38.9
37.8
40.8
50.6
38.7
29.7
42.3
40.1
43.4
40.1
31.2
33.9
25.5
25.2
25.6
28.1
25.2
25.1
27.9
25
27.5
30.2
32.6
30.1
29.8
32.4
33.7
35
32.3
32.2
34.9
42.5
40
42.6
45.6
41
40.2
40.1
42.8
37.5
42.8
37.4
45.3
50
52.2
57.9
58.7
62.8
68.3
65.3
74.3
55.9
73.9
89.1
72.5
41.4
33.2
47.5
42.6
25.3
27.9
25.4
25.9
61.6
44.2
47
23.3
23.7
33.6
28.2
19
30.8
16.1
25.8
23.3
39.4
35.9
34.1
40.6
39.8
30.9
43.5
36.7
35.5
57.2
49
48.8
49.2
67.8
46.5
42.3
57.4
46.9
78.4
65.3
54.3
48.2
60.8
62.3
63.2
75.9
60.5
55.8
43
35.5
46.4
38.4
36.2
33.2
25.7
22.6
18.1
20.3
20.4
17.8
17.8
20.2
20.1
20.2
20.1
17.9
19
19.55
20.1
20.2
22.9
20.3
20.4
22.8
22.7
25.5
32.8
27.7
20.3
20.5
20.3
20.3
22.8
18.1
18
20.4
20.6
15.6
18
25.2
22.8
25.3
23.1
25.8
30.7
30.6
37.9
30.8
33.5
33.3
25.8
21.2
26.1
23.1
15.8
26.1
46.7
21.3
20.8
28.4
23.3
26.1
23.4
28.4
23.7
22
25.9
34.4
33.7
31.6
25.6
26.9
35
26.3
22.1
29.3
46.7
35.1
44.2
39
56.7
27.1
34.2
36.8
41.6
36
56.8
34.5
34.6
49.2
59.8
44.5
65.4
45.6
40.2
36.5
21
15.9
15.7
18.5
11
13.4
13.2
8.6
5.9
6
5.8
5.7
8.1
8.2
8.3
8.2
9.45
10.075
10.7
8.3
15.8
36.7
39.1
47.1
46.5
61.6
69.4
66.7
61.9
56.5
51.8
51.8
59.8
61.6
56.6
49.5
46.8
59.1
52.5
39.7
50.2
50.4
47.7
37.6
33.2
33.3
40.6
41.7
61.7
57
54.3
43.7
41
65.8
55.6
45.9
55.5
53
43.7
44
30.8
33.6
36.4
32.5
36.2
25.4
33.9
27.9
21.7
39.1
38.6
29
22.4
29.65
36.9
42.1
37.1
29.7
39.6
37.1
39.4
40.7
43.7
44.6
60.4
94.2
59.9
59.6
55
60.8
70.4
67.1
49.3
46.5
42.9
71.1
79.6
54.2
50.8
50.8
51
50.5
42.6
42.6
47
49.6
56.6
50.9
60.2
51.9
48.3
61.6
59.7
58.75
57.8
71.9
66.1
67
72.1
73
66.4
69.5
75.8
76.8
79.1
78.1
73.9
70.6
76.5
82.2
78.2
53.8
54.1
56.5
71
62.5
62.8
57.8
66.1
54.8
49.7
56.9
48.7
49.1
60.5
31.1
38.8
36
48.5
52.8
53.6
40.5
38.4
35.4
33
58.2
58.2
40.5
51.2
38.1
30.4
30.7
28.4
34.1
33.4
27.8
25.8
25.7
33.4
31.8
45.6
32
42.2
21
26.8
27.4
34.1
37.1
22.7
47.1
36.9
48.5
55.5
41.4
56
79.3
61.9
73.4
64.9
76.8
84.1
66.1
50.7
75.4
49.6
40.6
32.9
33.1
22.5
17.8
20.1
17.3
15
14.7
14.8
17.5
17.5
12.3
12.35
12.375
12.4
7.7
15.1
12.4
12.7
10.4
15.1
15.4
20.5
23.5
15.1
20.4
19.9
23.1
15.1
20.2
20.7
22.9
20.2
20.4
22.9
26.1
35.2
33
23.8
20.6
20.5
18.5
21.1
51.1
35
51
72.5
56.7
36.6
26.2
33.7
47.5
38.7
18.2
23
33.7
29.2
29.4
36.7
30.6
21.3
20.5
20.6
21.6
20.5
13.8
23.2
33.1
26.7
29.1
19.3
25.7
33.7
31.1
30.7
30
31.6
43.2
31.4
36.8
41.5
28.6
43.2
33.4
31.6
43.5
48.5
49.1
50.9
57.9
52.3
43.1
35.7
42.4
34.7
27.1
22.4
32.1
20.2
17.3
17
19.4
17.2
17.2
14.7
17
21.9
17
17
17
17
22
17.2
17.6
19.7
15
17.3
22.8
25.7
23.4
23
22.7
28
27.4
27.7
25.7
42.6
42.8
50.6
48.7
50.7
48
53
53
35.4
48.3
25.9
33.9
40.8
23.1
59.3
46.9
38.5
28.4
30.8
22.9
20.9
20.9
23.4
36.3
29.5
25.9
18.1
33.2
34.2
33.3
26.3
17.5
34
38.2
25.4
26.1
20.6
20.9
33.5
34.6
23.2
26.3
18.8
26
23.8
30.5
38.2
26.7
36.7
51.9
55.7
49
61.2
60.2
74.2
57.5
55.8
63.6
79.1
64.6
70.6
56.9
53.5
32.6
29.5
27.6
24.8
19.9
19.8
24.5
21.9
19.6
21.6
19.4
14.5
16.9
16.9
16.9
19.35
20.575
21.8
31.6
31.6
43.9
39.3
39.1
44.7
49.4
52.4
54.8
49.8
47.1
47.2
39.4
28
34.2
39.1
36.7
24.3
24.5
24.5
29.7
34.6
37
34.8
24.7
27.7
32.3
34.8
38.4
47.2
32.7
44.9
57.5
53
45.6
61.3
41.5
46.9
43.6
40.5
30.5
33.1
30.7
35.2
44.5
34
38.5
57.6
37.8
53.4
34.5
41.4
43.3
36.7
30.8
23.1
23.1
38.2
29.5
34.7
55.2
48.1
37.3
32.1
42
41.4
47.1
39.5
44.4
59.8
50.2
53
40.6
45.1
57.9
49.6
49.6
27.9
22.4
14.8
9.9
12.1
12.1
12.1
9.9
7.3
9.7
14.8
7.2
7.3
7.2
12.1
9.7
9.85
9.925
10
9.7
12
14.7
15
14.7
15.2
22.5
20.1
17.2
20.3
24.9
22.8
25.1
22.5
22.1
30.2
22.5
25.2
30.6
23.4
28.2
30
17.5
22.3
33.1
33.8
30.7
23.3
19.6
28
25.4
28.5
20.1
17.4
33.5
17.9
32.8
20.6
28.3
22.7
12.9
22.9
22.7
22.9
25.6
17.7
12.9
32.7
25.6
25
35.4
26.9
17.9
18.4
13.4
30.5
18.3
13.4
20.6
22.7
12.6
17.7
17.6
25.4
32.9
17.9
12.6
12.6
17.7
15.3
9.9
9.9
9.6
9.8
7.3
9.6
4.9
7.7
7.1
9.6
12.2
7.1
7.2
9.5
9.5
9.4
7.2
7.2
9.4
7.1
7.2
9.6
9.6
9.65
9.675
9.7
11.9
7.2
12
12
14.2
11.9
9.5
14.3
19.4
19.3
19.3
21.6
24.3
26.7
19.4
17.1
12.3
17.3
19.6
24.4
24.8
24.8
31.9
34.4
29.7
29.5
29.5
29.7
31.9
29.8
34.5
32.3
32.3
27.6
32.1
34.5
32.3
29.6
29.8
29.5
32.6
27.5
34.9
32.1
27.6
29.9
34.6
24.9
24.8
20.1
22.6
30
27.5
27.3
32.6
28
25.2
32.4
22.7
21.4
20.6
25.2
24.8
25
22.9
30
25.3
25.6
20
30.1
26.4
30.7
30.4
32.4
33.2
40.5
37.9
40.8
29.9
38.1
35
34.3
27
34.3
24.5
34.4
31.5
33.9
36.3
34
34.2
28.9
31.2
30.15
29.625
29.1
38.9
36.5
36.6
38.9
36.5
41.2
51.7
49
51.4
51.1
46.1
51.1
53.7
61.4
64.2
71.8
58.9
58.7
64.4
74.5
71.8
61.9
62.3
57.4
47.2
52.8
34.9
29.8
29.2
53.6
32.4
34.9
46.1
27.7
25
30.1
25.1
15
22
22.3
30.6
53.1
43.6
49.9
53.5
55.6
39.8
34.5
44
41.6
49.8
42.8
50.7
63.4
59.6
36.7
32.4
72.1
60.8
60.9
47.8
56.7
40
27.9
25.6
28
42.2
37.8
33
52.3
39.9
39.2
44.4
22.4
24.9
22.1
30.4
27.6
22.4
19.5
14.3
14.4
14.2
11.9
9.6
11.7
11.7
14
18.9
19
23.9
19
21.7
21.55
21.475
21.4
23.8
23.8
23.7
29.1
26.5
29
33.8
31.2
29.2
34.2
31.5
31.4
41.3
46.3
53.3
60.4
67
62.6
56.9
67.8
51.7
54.5
62.4
52.3
29.5
16.9
19.6
32
45.1
51.7
49.8
60.5
19.9
15.2
49
45.2
47.6
37.8
30.9
30.6
52.6
32.5
32.6
28.1
27.4
18.4
26.2
25.2
23.7
36.6
33.7
41.2
39.7
44.3
41.3
38.9
39.3
45.5
38.5
31.4
27.2
34.4
41.7
34.2
44.5
36.7
41.7
38.4
50.7
46.6
59.1
48.4
44.8
49.4
53.6
47.1
41.2
44.9
62
50.8
36.1
39.6
42.8
39.5
34.5
31.6
33.9
33.6
28.7
31.6
34.2
35
26.6
27.65
28.175
28.7
40.9
45.6
45.7
50.8
52.1
61.8
65.4
63.6
65.7
70.6
84.4
76.8
78.8
65.3
41.5
46.2
49.2
54.5
47.4
52
57.5
52
59.1
59.8
42.1
48.3
45.3
39.7
39.6
39.2
34.9
42.1
39.4
32.2
21.8
39.6
48
36.4
21.9
30.1
51.6
27.8
23.6
27.7
32.3
18.2
27.7
39.2
46.5
30.9
23.1
23.3
23.6
26.3
26.9
24
36
48
36.1
26.5
34.2
33.4
34.1
36.5
39
33.9
28.8
31.1
42.1
37.5
43.4
41.6
51
42.1
40.9
44.1
42.8
33
27.4
25.7
19.7
14.9
15
14.5
14.7
14.7
14.2
11.7
11.4
9.3
11.7
9.3
9.1
10.4
11.05
11.7
14
12.2
14.4
14.2
16.9
24.1
21.8
26.5
31.8
31.6
34
29
34
31.4
38.9
39.4
44.1
39.2
37.3
41.7
45.1
40
39.7
35
32.2
23
27.5
44.8
43.7
46
45.1
46
46.9
41.4
32.8
35.9
43.2
45.1
42.8
33.6
43.4
34
35
27.6
30.6
34.9
25
27.8
34.3
27.6
24.9
30.1
32.2
35.1
39.7
37.3
32.4
35.5
32.3
35.3
42.2
45.6
40.2
48
42.2
48.9
49
60.2
59.2
66.5
56.8
55.3
60.6
47.4
63.7
57.5
56.6
49.3
50.3
42.7
48.2
52.9
45.8
39.9
34.3
31.5
26.3
28.8
26.7
24
29.1
35.1
38.4
34.9
33.15
31.4
39
41.5
38.8
34.2
34.4
36.3
37.3
39.9
34
34.2
47
47.2
49.2
54.2
55.2
34.8
26.8
23.9
36.2
38.6
41.9
36.5
36.8
29.4
27.1
27.5
24.4
16.9
34.9
15.6
29.4
21.6
32.8
52.9
44.2
48.4
43.4
50.3
45.6
32.1
32.6
30.9
32.5
22.4
36.9
31.5
25
22.1
19.8
14.5
11.9
38
29.5
30.1
36.1
30.8
30.5
30.5
24.2
33.5
25
34.4
29.1
28.8
28.8
25.9
38.3
31.7
35
41.7
38.6
51.3
58.7
53.7
42.8
41.3
37.6
35.2
38.4
39.4
30
29.4
29.5
25.1
21.6
19.3
11.4
16.4
16.2
16.5
13.9
11.4
8.9
10.15
10.775
11.4
11.2
13.9
13.7
11.5
11.4
16.3
13.9
16.3
13.9
18.8
26.5
29.2
29.7
29.2
32.1
26.8
14
16.3
16.3
24
18.8
24.2
26
29.2
19
16.4
16.8
11.6
16.6
16.9
19.9
24.8
28.1
21.8
27.3
24.6
22.8
22.5
17.4
30.9
15
20
22.5
24.8
22.6
34.6
29.8
27.2
37.9
19.7
24.6
14.5
11.8
19.5
9.6
11.7
25.5
17.9
23.1
17.4
22.5
17.3
12.4
9.7
12
14.3
16.9
16.8
19.6
26.5
26.4
26.4
23.7
23.7
21.3
16.3
16.3
9
11.4
8.7
8.9
11.2
11.2
13.8
13.6
13.7
13.7
16.4
16.4
16.3
16.4
21.1
28.5
33.25
35.625
38
45.8
43.2
46.4
46.5
38.7
37.5
34.3
29
26.6
23.8
18.8
28.4
23.6
26.4
30.3
58.2
58.4
96.7
37.8
32.4
30.1
25.1
62.5
16.6
13.9
9.2
6.4
8.9
11.5
16.7
11.7
13.9
16.5
36.9
14.6
9.1
6.6
12.1
11.8
9.1
14.3
21.8
14.5
24.2
29.3
32.8
26.9
29.4
34.5
24.6
26.8
23.9
24.7
31.7
29.1
31.3
34
26.5
14.7
16.6
19
18.9
19.1
21.4
26.5
29.1
37.2
29.3
26.4
28.6
21.9
28.7
26.3
31.1
26.1
21.3
19
18.7
18.7
13.6
13.8
16.2
16.2
13.9
11.3
13.6
13.6
11.2
11.3
11.4
11.3
11.3
16
14.85
14.275
13.7
11.3
13.7
18.6
21
28.5
26
26
33.4
38.3
33.4
40.7
48.1
45.8
40.7
35.8
28.7
28.8
28.6
33.5
33.6
41.5
31.4
36.9
28.9
31.7
31.9
29.2
26.7
26.7
20.1
34.1
29.3
33
31.9
17.1
21.3
21.6
24.2
22.1
35.3
35.1
30.8
34.1
29.3
12.6
34
22.2
32.1
29.7
27.7
25.3
24.5
35.6
19.7
19.8
24.8
37.2
42.9
48.1
31.5
34.9
24.2
29.3
37
34.6
32.1
34.5
38.1
42.8
47.5
34.3
32
20.4
40.6
39.6
40.3
29.2
33.8
31.5
31.7
19.3
23.8
21.5
11.5
13.9
8.8
11.1
11.1
11.2
13.7
11.2
13.5
18.4
17.1
16.45
15.8
20.7
23.4
23.2
31
30.9
45.3
55
83.2
80.9
96.5
103.3
103.5
100
100.2
100
87.1
97.9
97.9
105.8
105.3
106
100.7
102.3
126
87.5
109.2
119.3
68.1
57.8
66.3
55.4
62.8
56.1
50.6
55.7
51.2
53.6
41
53.2
51.2
60.8
68.1
58.4
60.8
62.6
52.7
53.8
93.3
102
100.2
77.6
70.5
45.9
62.2
53.9
77.7
62.2
41.6
48.9
73.8
101.7
104.1
102.2
101.5
102.1
98.4
109.6
93
118
101.8
107.9
112.1
95.9
104.9
105.6
92.8
92.8
97.5
88.2
83
64.4
82.8
68.3
71.5
66.9
63.9
67.3
66.6
57.7
65.7
65.3
62.2
63.8
73.95
79.025
84.1
80.1
76.7
93
89
88.5
89.2
89.9
89.9
91.6
78.4
83.1
79.7
77.4
72.5
80.2
98
65.9
57.7
52.9
47.7
57.6
40.6
33.3
36.1
33.7
35.7
28.6
33.4
28.7
29.5
38.5
31.6
58.9
31.5
42.6
38.5
27.6
31.6
23.7
28.9
23.9
26.2
28.8
21.4
16.5
22
39.1
36.2
24.3
23.9
31.7
16.3
23.9
29
36.4
39.5
13.4
39.2
26.5
19
36.4
24.2
26.4
21.7
24.8
33.8
34.3
36.6
52.1
49.6
54.4
56.6
52.9
64.4
77.4
80.9
65.7
72.9
68
48.5
62.6
55
54.5
56.7
49.9
55.8
46
38.2
43.3
51.2
38.2
38.9
38.2
37.05
36.475
35.9
33
40.5
22
19.7
22
19.6
19.7
24.4
26.9
27
24.5
34.6
29.5
29.7
27
29.6
29.6
27
22.1
24.6
19.9
17.2
20
15.2
12.9
15.1
17.5
10
25.2
10.5
22.9
3.1
10.2
10.2
15.1
8.3
27.9
40.7
26
15.8
12.8
17.8
27.9
17.7
18.5
18.3
12.9
25.8
13
15.1
15.2
16.2
32.2
29.2
33.3
39
29.2
36.9
23.7
36.7
33.7
29.3
33.2
23.9
20.6
31.2
52
51.2
65.9
66.5
48.2
46.6
39.7
44.8
55
41.5
32.1
20.5
17.7
22.6
25.2
25
22.6
23.1
22.5
14.7
14.9
9.8
12.3
14.9
17.6
14.9
19.6
15.95
14.125
12.3
14.7
15
17.4
19.7
24.8
19.7
29.8
24.8
29.9
27.5
27.2
32.3
40.3
47.6
37.6
30.5
35.2
35.2
27.8
37.7
27.5
23.1
22.4
37.7
30.2
22.7
28.5
22.8
45.5
34
20.7
13.2
32.8
28
35.5
25.6
19.9
15.4
12.8
33.3
35.8
27.6
38.6
31
32.7
27.7
27.8
24.7
28.8
17.7
15.3
25.3
15.7
7.8
17.9
22.8
25.4
35.8
35.7
33.3
32.8
33.1
23
33
30.2
28.8
59.3
98.8
51.1
55.5
53.9
62.1
51.7
47.2
58.3
57.8
54.3
41.2
41.2
44.3
45.6
42.8
42.5
34.8
34.7
22.2
17.1
17.1
22.2
17.1
17.2
24.8
22.2
20.9
20.25
19.6
14.8
12.3
17.2
17.2
20.2
17.6
29.7
27.5
29.9
27.8
27.4
29.9
32.4
42.5
44.6
37.7
42.7
52.8
47.8
47.5
30.1
14.9
17.8
14.9
10.1
12.5
20.1
17.5
14.9
22.3
17.6
10.2
10.2
18.3
12.4
17.6
22.5
12.5
17.3
15
12.4
17.5
7.6
20.2
27.3
18.7
20.3
17.6
12.9
5.1
12.7
15.1
7.8
12.7
17.7
10
8.1
10.3
12.7
10
17.6
15.3
20.3
7.7
5.1
12.6
7.8
10.1
5.3
7.6
10.3
10.1
14.9
14.8
17.5
15.1
17.5
17.6
25.7
30.9
28.1
19.7
27.4
24.8
24.6
27.2
22.5
22.4
27.4
17.5
17.1
17.1
14.7
15.9
16.5
17.1
22.1
27.1
27.4
24.9
34.8
45.1
37.4
34.6
37.3
19.7
22.2
24.6
20
14.8
14.8
12.3
7.4
19.6
32
32.6
27.3
22.2
27.3
22.6
35.4
22.9
30.6
15.1
5.1
9.9
7.6
12.4
10.1
12.6
12.4
7.8
22.9
25.9
13.4
17.8
18.2
10.2
14.9
12.7
15.6
25.2
28.2
10.1
10
5.2
12.5
10.2
10.2
7.7
7.9
10.4
15.3
10.1
10.2
17.5
12.8
7.6
5
7.5
5.2
7.3
7.5
9.8
7.5
12.8
15.1
20.1
13
20.5
17.5
20.1
17.4
7.6
12.5
9.8
12.3
12.1
17.2
19.6
14.8
17.5
22.6
9.8
9.8
12.4
15
12.3
19.6
18.5
17.95
17.4
14.9
22
12.3
9.9
9.8
7.4
7.5
14.8
7.4
5
12.5
15
17.3
24.4
31.8
36.9
44
44
54.7
58.9
62.5
58.2
65.6
55.5
42.8
36.1
48.5
61.2
113.7
66.8
89.6
83.9
63
35.7
20.2
14.9
25
30.1
40.6
42.8
25.5
18.3
36.1
20.4
18
32.7
18
20.6
27.5
40.9
41.9
38
25.2
32.6
42.8
38.7
48.8
25.2
24.9
25.2
55.8
59.9
23.1
30.7
26.2
48.9
33.9
49.7
33.9
36
41.3
48.7
53.1
48.3
46.2
43.1
43.5
46
43.6
35.2
32.8
20.1
20.1
30.3
34.8
22.4
19.6
19.8
14.7
14.7
17.1
17.2
17.2
17.15
17.125
17.1
19.6
19.6
24.7
19.8
24.5
29.4
29.4
39.2
41.7
36.8
36.8
39.2
41.8
46.7
49.3
34.7
42
29.9
27.2
35.1
40.1
32.7
42.8
33
62.4
40.4
35.8
41
73.5
54.5
48.4
41.3
36.1
35.3
38
62.8
35.8
23.4
32.7
29.9
30.5
22.6
40.7
37.4
33.1
25.3
30.3
28.3
48.6
38.1
29.2
30.4
35.4
28.7
27.9
28.7
25.6
40.7
18.7
26.8
25.3
34.3
40.6
42.2
48.4
43.9
44
60.5
66.8
56.7
55.6
45.85
36.1
55.4
43.8
41.5
42.9
45.8
34.9
35.1
32.7
22.5
15
12.6
14.8
10
22.2
12.6
10
5
7.4
7.3
7.5
7.45
7.425
7.4
9.7
7.4
10
12.3
5.5
14.7
24.4
27
34.4
36.7
34.3
31.9
29.5
41.8
34.5
41.9
44.3
39.5
42
39.5
44.4
44.9
42.1
47
42.7
45.1
45.2
54.8
43.7
53.3
40.6
38.5
45.2
47.8
50.1
35.6
37.7
45.6
45.5
47.9
63.2
51
53.4
48.3
51.9
51.1
59.6
51.1
43.9
67.1
60.2
62
69.3
60.5
82.6
70.5
65
55.3
59.2
51.2
33
21.4
38.5
45.7
67
53.8
45.7
58.2
50.8
70.3
53.4
59
54.9
56.7
66.5
48.6
45.8
45.3
50.1
48.3
44.9
39.5
43.1
40.5
29.8
32.5
34.4
24.7
19.8
22.4
26.9
37.2
34.2
28.15
25.125
22.1
22.3
27.3
32.2
34.8
32
32.2
42.4
47.4
42.7
34.6
29.6
19.7
22.4
22.4
37.4
29.6
22.3
24.7
19.8
12.4
14.9
27.1
12.4
14.7
20
10.1
22.4
35
30.3
31.3
61.1
52.1
20.6
10.6
27.4
47.1
35.3
25.4
27.8
15.2
10
15.2
12.7
10.6
12.8
10.2
17.3
10.3
12.3
15
17.5
22.4
15.2
27.6
23.1
23.6
15.4
17.8
15.2
18
15.6
23.2
35.3
41.2
40.1
35.5
51.1
42.3
41.45
40.6
39
31.6
33.3
41.4
35.6
35
25
23
23.3
20.1
22.6
25
19.7
14.9
10
7.3
7.4
7.4
9.8
9.9
10.1
9.8
9.9
12.3
13.5
14.7
19.7
14.8
19.7
22.3
22.2
24.6
34.5
35.2
42.6
45
47.3
37.5
32
42.3
45.4
42.1
37.2
47.2
63.2
59.8
59.5
39.9
47.2
72.7
39.7
42.8
42.2
58.2
80.7
78.9
56.1
58.3
82.3
74.3
64.5
37.7
117.4
60
41.8
28.2
43.2
27.5
32.5
19.7
17.7
10
32.7
30.2
23.5
33.7
22.7
20.5
35.3
20.2
30.4
33.4
33.4
32.9
30.2
39.7
32.5
29.9
37.3
37.6
40.1
37.8
45
45.1
45
40
42.3
52.1
42.6
37.9
34.9
42.3
29.7
27.1
22.2
19.6
17.2
14.8
12.1
9.8
7.3
7.3
4.9
4.9
4.8
4.8
7.3
7.3
12.2
13.5
14.15
14.8
9.8
9.7
7.3
9.8
7.4
9.9
14.8
19.7
22.2
26.8
26.9
24.3
22
26.8
24.6
22.1
27
26.9
31.9
29.3
22.2
27.1
29.4
24.7
24.8
44.6
39.9
39.4
47.2
49.4
39.4
32.1
27.4
20.1
27.7
32.9
40.1
9.9
15
12.6
12.5
12.5
15
17.5
22.3
17.5
17.7
17.5
12.6
17.3
17.5
12.5
14.9
12.6
19.8
22.3
14.9
12.5
15.1
12.4
9.9
12.5
14.8
7.6
7.4
7.5
9.9
9.9
7.4
7.3
9.8
9.8
9.8
12.2
9.8
9.8
17
7.3
7.3
7.3
2.5
4.9
4.9
7.3
4.9
4.9
4.9
4.9
4.9
7.3
7.3
4.8
5
6.2
6.8
7.4
7.4
9.8
7.4
14.8
12.4
12.3
14.6
19.5
26.8
26.8
24.5
22
22.1
29.2
22.1
19.6
21.9
17.1
17.1
22.1
17.2
14.8
24.6
24.6
14.9
24.7
14.9
17.4
17.4
19.9
24.7
19.7
10.3
17.3
15
7.9
14.9
10.4
12.4
12.7
12.8
12.5
5.4
10.2
20
10.4
10.3
20
20.1
17.7
12.8
33
20.2
18.5
13.1
27.3
22.6
19.8
25
35.5
23
35
19.9
25.2
32.5
35.1
37.6
32.4
36.9
22.1
44.5
37.6
44.9
40.1
35.1
29.9
29.8
27.2
27.3
24.7
22.1
27.1
27
22.1
22
21.9
24.3
24.4
24.4
29.1
29.1
29.4
36.5
38.9
40.1
41.3
34.2
31.7
29.3
24.6
27
36.6
36.7
26.9
29.5
29.4
27.2
27.2
27.3
36.7
44.6
59.5
44.4
44.6
52.3
43.1
59.9
49.8
56.2
63.3
57.4
44.9
42.6
32.1
32.2
32.3
32.3
27.6
47.2
40.2
37.6
22.5
15.2
25.5
27.4
46
34.9
27.5
35.2
20
25.3
25.2
27.8
22.3
30
20.4
17.8
30
25.6
48.1
55.7
53.6
23.1
27.8
27.9
26.3
31.2
25.7
33.3
55.1
64.2
67.4
63.7
65.2
54.2
40.8
57
48.7
45.8
52.6
54.5
59.7
57.5
66.9
68.8
65.7
51.6
50.8
38
38.5
49.1
36.8
42.4
51.1
49.2
48.1
50.4
55.3
52.9
56.55
58.375
60.2
60.1
47
51.6
39.3
31.8
27
32.1
34.2
39.8
36.7
39.4
49.8
54.4
51.9
45.4
52.4
53.1
40.1
45.6
35
22.6
22.6
10.3
17.4
12.6
37.8
57.7
67.2
67.5
62.9
57.1
73.8
61
77.6
44.6
44.8
37.4
38
35
44.9
40.5
32.8
52.7
33
30.2
35.7
27.9
30.6
25.6
27.7
45.2
35.1
42.8
48.3
40.1
22.9
22.9
30.1
32.8
28.4
40.3
45.1
45.5
48.5
45.4
60.6
45.6
40.2
48.2
37.7
52.6
63.2
53.9
90
95.7
100.5
80.8
81.5
68.3
65.2
66.2
57.2
67.6
54.5
49.4
46.4
51.6
60
43.9
41.4
49.4
59.4
61.2
65.05
66.975
68.9
69.1
69.7
43.8
64.2
73.7
82.6
79.1
82
76
79
68.4
71.1
73
78.3
78.7
73.4
51.2
46.7
34.4
41.8
39
44.8
42.1
49.6
49.6
47.4
50.1
52.1
27.3
32.4
39.7
44.5
67
37.4
47.6
45.4
66.1
52.2
42.8
45.2
48
42.9
47.6
39.8
37.1
46.8
60.3
81.2
78.9
61.3
60.6
51
52
60.2
52.5
40
51.3
47.7
43.6
55.1
55.4
57.7
57.8
65.2
53.1
52.7
40.3
57.7
56.3
52.9
49.9
50.1
42.8
47.7
56.5
54.2
32.6
33.1
40.2
34.8
22.6
30.1
22.7
22.6
9.9
14.7
9.7
12.2
7.3
7.3
9.7
9.7
17
25.5
29.75
34
26.7
29.2
31.6
33.9
46.4
36.7
34.1
33.9
36.5
29.2
41.4
48.9
90.5
60.7
48.5
68.2
95.4
75.7
98
76.1
71
34.3
29.6
34.3
39.1
34.4
24.6
35.1
44.7
64.4
42.1
32.1
46.8
54.5
19.9
24.9
30
27.2
29.9
47.2
20.3
24.6
36.9
22.3
24.8
15.3
27.3
30
27.4
17.3
29.6
27.4
32
27.3
27.7
32.2
32.1
30.5
41.9
50
39.8
55.3
66.6
63.8
61.9
45.2
65.6
46.5
64.7
69.5
54.2
82.1
66.9
42.7
48
67.9
44.5
65.9
68.8
66.8
67.8
71.7
71.3
65.7
68.1
54.7
52.1
49
43.7
38.8
44.2
48.9
48.6
51
52.2
53.4
48.5
36.4
41.4
48.8
61.6
68.4
66
71.4
65.6
55.9
55.9
61
56
43.9
52
59.3
44.3
54
49
46.8
41.8
44.5
34.7
39.9
32.3
37.4
45.2
22.3
37.5
40.1
47.7
74.6
20.3
49.9
15.5
38.5
53.4
34.7
32.4
37.5
49.5
27.8
28
17.8
25.2
30.3
25.1
22.7
25.3
25.6
38.4
37.8
29.9
38.1
48.2
27.7
31
28.7
28
38
41.2
30.9
43.3
35.5
37.6
28.3
46.2
31.3
56.5
45.2
35.3
36.2
33.2
35.7
41.4
48.9
46.4
45.9
34.6
41
43
39.6
44.7
47.2
32
26.9
19.7
19.4
27.3
19.7
19.7
14.6
12.1
14.65
15.925
17.2
14.6
19.6
14.6
17.2
14.5
24.1
29.3
37
32.3
27.3
27.3
14.6
14.7
14.6
14.7
12.2
9.7
7.4
4.9
9.7
9.7
5
9.9
12.2
5.1
5.1
12.3
10.1
17.8
10.1
7.6
10
10.4
20.2
10.1
14.9
18
10.1
15.2
22.7
9.9
10
15.2
19.7
12.5
15.6
20.7
17.7
7.9
35.2
17.8
19.9
23
12.9
20.7
25.4
15.2
23.2
15.3
7.6
7.9
15.2
10.2
12.5
17.9
10.2
7.5
12.4
7.6
12.5
12.7
14.9
15
19.9
22.4
25.1
19.7
19.6
22.1
31.9
26.8
36.7
29.2
21.8
24.2
24.3
26.7
22.1
24.3
22
22.3
22.5
19.7
24.6
27.05
29.5
36.9
34.4
