"x"
51.775
34.975
23.8125
12.4
8.6875
7.925
6.025
7.65
6.7
6.7625
4.4625
9.525
14.45
8.575
9.975
5.5375
2.3625
1.625
1.85
3.0625
18.6125
18.0125
18.725
29.6625
40.725
15.3
12.9875
10.3875
5.2
2.1
1.5875
7.175
23.3875
34.4875
21.9875
16.625
32.175
20.75
24.4875
7.55
2.8
1.6625
2.45
4.5125
18.1375
31.6875
19.725
12.2875
11.45
11.85
12.75
6.0125
5.5125
3.675
3.85
23.9125
29.3125
20.75
27.175
29.5125
37.5375
34.55
21.9125
9.625
4.6375
15.5625
15.925
10.9125
10.725
6.55
5.3125
6.4125
8.025
13.1125
19.425
17.44375
31.35390625
31.2625
57.35
51.25
33.5875
23.0625
15.025
18.2
28.2125
26.2
24.625
22.575
37.4625
32.175
51.7
65.3125
70.9
58.4875
41.9875
48.2625
86.025
67.425
66.5375
52.95
45.05
39.95
38.075
56.075
78.0125
49.925
49.8
43.5375
49.175
71.2625
46.475
21.875
20.4875
23.525
28.95
25.8875
44.9875
34.9625
23.175
27.45
29.55
32.8875
37.1375
26.5625
27.5375
21.0125
20
17.4375
23.4
27.1125
17.1
16.1875
19.9375
25.2375
42.175
28.75
27.225
37.1625
48.825
66.975
80.325
47.6375
32.9125
39.5875
30.975
33.0125
26.275
24.025
26.35
26.375
35.2375
51.9
39.4
23.725
17.5375
14.0875
21.4
28.9125
42.2875
41.375
35.775
24.9
29.75
46.45
40.1
45.3875
47.725
53.9375
53.1875
42.225
33.1
21.8625
23.9875
31.6875
26.85
26.2125
24.6875
25.7625
20.7625
25.075
30.8125
20.4375
30.8125
8.4625
7.3375
6.1125
4.675
6.6
18.2125
13.175
12.8
19.625
33.1
34.2625
31.0125
29.1625
24.675
18.3625
25.0125
30.975
32.1625
16.8
6.725
9.5375
38.6
49.3375
51.7125
41.5125
28.375
19.9375
14.8875
18.4875
16.7125
8.6125
7.25
7.33125
9.0125
13.05
17.375
23
28.6875
33.4625
27.4625
43.5875
21.7875
4.3875
2.175
1.778125
1.925
14.3
20.3875
13.4875
13.475
38.3375
49.7875
41.5375
48.0375
33.65
31.975
31.915625
29.2375
37.625
36.975
27.8375
13.725
7.0625
10.4
12.225
21.475
20.4875
19.0375
27.5625
34.625
49.9125
51.5
41.9625
22.3125
19.8375
18.4625
22.0125
15.85
6.925
5.4875
9.428125
17.65
17.125
18.825
19.0625
21.1125
15.7875
11.1625
10.6125
10.6875
10.025
11.55
9.86875
12.575
21.95
29.9125
18.15
18.0875
16.25
19.125
19.8125
17.1375
12.5375
14.1
14.88125
21.1875
24.85
29.1125
30.6375
24.1625
16.3875
18.1875
27.15
15.9625
8.6625
11.125
17.121875
25.15
30.7875
40.0125
40.8875
42.3
36.3125
46.1375
56.625
50.2625
24.1875
14.9375
26.553125
50.575
41.75
36.4625
17.1375
12.575
7.45
11.8375
15.2875
11.575
13.5625
10
15.16875
43.825
39.6875
38.95
38.6
41.95
41.45
34.375
35.2
35
39.7875
41.625
42.190625
44.15
45.7
56.925
64.2125
52.4125
50.55
50.4625
57.0375
47.9125
42.675
46.075
51.7625
51.575
58.475
47.46689453125
45.4080738067627
45.4000315383077
45.4125001198147
46.275
54.55
52.8625
45.9
43.1375
58.2578125
54.6375
54.775
55.875
55.6125
40.6375
23.575
32.8625
49.75
43.25
19.425
23.85
30.0203125
30.3375
30.8375
45.0875
45.1
36.775
32.475
32.4
37.6
31.075
17.7375
19.5
20.2609375
22.4625
24.0375
27.375
33.4125
30.4875
26.3875
28.8875
27.5875
27.575
24.975
25.91875
23.1451171875
27.3
33.8375
33.85
34.225
34.8
34.2125
35.925
39.8
45.5875
47.8
52.35
54.9875
50.6125
49.4875
48.9375
42.8875
44.425
43.1375
40.4625
45.0125
45.4375
44.0625
47.8375
49.359375
42.575
42.825
41.9125
40.1
40.9
41.4375
41.6625
44.325
46.8
46.65
47.1375
52.278125
50.125
46.2375
44.7625
47.425
44.2125
45.0875
47.7
52.2
53.55
55.3
59.4125
60.50625
54.3125
55.6375
52.125
51.175
44.55
38.325
34.5125
39.1375
46.5375
45.8125
49.175
52.628125
46.3375
43.6875
38.2375
39.0625
36.9125
28
26.3375
29.7875
28.7875
18.95
17.475
20.3578125
21.9
26.275
31.7375
36.2875
34.3
28.24375
23
30.1125
26.9875
18.225
22.775
31.053125
30.2125
26.9625
22.7625
24.3875
27.3875
25.7625
22.05
22.8625
18.2625
11.725
13.3875
16.7765625
12.825
13.35
20.2375
19.55
19.075
21.5625
25.4875
23.475
19.8625
10.95
12.1875
19.625
14.9125
18.9375
21.5875
25.375
24.6625
26.1375
25.8875
30.7
28.0875
22.375
34.4875
35.1328125
37.7625
47.2
52.5375
54.3375
39
26.2625
29.55
45.4625
44.1875
28.5375
22.0125
26.740625
27.4875
25.8625
29.475
37.8125
24.525
32.5125
41.7125
48.025
47.35
39.2875
43.5125
47.5640625
51.4375
56.825
57.275
49.3125
47.6125
32.1625
41.9375
46.7875
43.6125
20.8
18.875
23.934375
29.975
35.075
29.7
27.0375
16.6875
10.25
10.3
19.0125
15.3
6.575
9.95
9.9921875
8.4375
13.8875
17.925
17.075
10.875
10.3
16.125
17.175
13.6875
10.425
15.375
21.9953125
24.1875
32.6875
48.1375
46.55
43.6375
47.725
44.475
34.775
25.4625
27.4125
35.425
49.38125
41.0125
41.6125
41.6625
39.325
31.825
22.2318359375
16.4305442810059
16.4001193135977
16.4000004660687
16.4000000018206
16.4000000000071
16.4
16.4
16.4
16.4
16.4
16.4
16.4
19.6375
50.8125
48.8125
21.975
24.925
27.55
27.5125
35.275
40.975
42.9375
35.325
28.875
29.2125
38.25
25.325
18.1875
18.7
31.5890625
43.6
50.4625
64.3125
68.7875
32.15
27.1375
49.9875
64.1375
52.6875
53.1125
59.2125
53.846875
38.6375
31.1875
46.025
52.2875
43.925
37.6375
35.125
39.4625
39.4
42.4625
46.025
58.24375
56.65
64.725
68.2125
56.675
55.9625
36.4375
34.025
48.4875
61.1875
48
54.0625
59.7953125
57.1125
58.9375
64.6
62.025
24.25
25
42.6625
47.6375
39.425
38.7125
29.8625
26.428125
29.8375
41.4375
44.5375
58.3625
45.31875
32.775
21.8
53.5
48.5375
22.2875
21.4875
34.61875
57.6375
64.975
68.575
47.9
52.55
43.7
40.3625
43.4125
46.9125
39.625
43.825
57.2703125
41.6375
41.4
44.725
46.6375
42.3875
37.925
37.475
44.2125
40.325
22.8875
24.1375
40.6515625
49.9
58.225
58
53.5
43.975
39.025
47.2375
51.7
46.8
42.95
45.2
48.1953125
49.8
55.65
64.55
71.55
101.63750125
99.4875
58.125
49.9625
38.7875
36.7625
37.4
39.8921875
34.2
39.2125
40.0625
41.4125
33.525
27.6875
29.8625
34.075
35.1625
38.3625
44.3375
45.8109375
35.0125
35.4125
40.8625
43.75
43.2625
30.8625
37.5625
40.875
41.05
43.0125
48.4625
49.690625
51.85
57.6625
67.4625
67.5625
39.025
24.8625
41.4625
53.1375
54.525
36.45
39.125
57.771875
48.575
29.4
60
40.575
33.7375
24.675
17.875
23.825
14.5875
15.4625
32.9125
39.1546875
24.2875
36.7875
61.175
64.275
40.4
19.35
29.95
53.7625
46.325
32.4875
37.5125
49.3046875
52.55
58.3875
63.075
55.175
25.8
34.475
22.6375
32.9
38.225
18.7375
14.4625
18.9171875
26.2625
51.2375
49.4875
42.85
20.9375
15.2375
20.075
36.4625
38.5
15.5375
19.8
45.559375
34.9625
19.725
18.6625
25.1375
17.925
24.825
42.575
34.7875
36.875
38.5875
38.2625
39.55625
55.225
62.125
50.2875
47.7875
25.45
29.6125
31.85
35.9
37.0375
27.8875
17.2125
19.10625
13.9
20.325
27.95
21.1125
20.8625
34.85
38.4125
48.5625
36.9125
31.975
30.45
42.121875
30.5875
34.2625
39.3875
34
17.7
10.8375
11.7
18.5125
23.3
11.575
10.675
12.21875
13.3625
20.2
38.8125
49.475
48.9625
37.9375
34.6
31.9375
18.6625
10.6625
9.8875
12.7734375
15.8625
25.3
36.075
44.8625
40.225
37.275
52.5375
61.1875
46.9125
39.4375
42.0375
56.6828125
45.675
56.5875
52.3375
61.6625
25.775
13.125
15.325
25.775
31.6125
11.0875
20.7375
26.815625
41.65
55.35
47.025
33.9625
15.5
11.2625
13.3625
15.3
16.7375
11.875
10.525
10.9953125
21.3125
23.5625
41.975
53.125
47.8875
46.15
51.475
43.525
32.1
29.1875
21.0875
20.5078125
21.7625
20.65
34.775
43.8125
30.625
24.9125
25.7
44.275
45.175
35.5
50.275
61.659375
65.475
66.6875
71.5125
74.4625
68.475
62.2625
59.875
57.35
49.8875
41.0875
37.0125
39.9953125
43.6875
48.1625
53.7875
49.8125
48.825
42.7
39.125
35.125
37.675
24.45
21.5125
22.1046875
23.1125
38.25
43.7625
55.6
41.175
24.8
33.5125
37.8
60.95
56.05
49.0875
64.053125
63.2375
76.0625
72.6625
61.6125
18.0125
16.35
23.4125
41.025
47.5625
32.5625
25.0375
20.6859375
17.7375
16.9
9.925
5.6
3.675
4.125
3.575
3.3875
3.2875
4.75
5.3125
8.040625
11.6875
45.625
57.3375
46.15
13.8
8.35
8.55
9.325
13.55
10.3125
6.8
6.4984375
4.5125
7.8875
19.825
24.4125
16.9375
18.175
17.25
29.35
31.2125
17.7375
19.725
29.45
34.8
55.8
50.9875
48.0125
29.75
29.1625
53.1875
67.375
50.275
34.3375
26.475
20.1125
19.05
25.825
43.825
34.3875
15.775
8.3125
8.3
13.675
23.1125
12.4375
9.35
9.0234375
6.65
13.05
40.525
44.6125
30.45
25.2875
22.925
29.5375
37.45
20.325
12.0125
15.3671875
27.625
40.925
53.1875
40.3625
26.2
27.1875
35.95
55.1
52
45.1875
47.1875
48.61875
51.375
49.625
28.175
38.1875
36.95
46.4625
59.8375
61.125
59.8
48.1
49.8375
47.721875
43.875
56.325
57.25
56.3875
18.825
14.325
29.825
40.35
40.2
37.3
42.325
41.35
41.9375
55.35
61.4875
52.425
29.025
29.375
41.0875
48.7625
42.2375
29.3625
32.5625
35.921875
36.975
40.3875
47.7625
46.7
15.325
18.3125
21.75
31.7375
38.275
38.8375
41
34.35625
34.45
33.0875
28.475
29.575
24.4125
17.7875
16.5625
21.125
31.0375
13.9625
12.3375
9.825
10.025
19.45
20.225
19.1125
34.85
47.7875
45.25
48.9125
46.3125
30.575
28.1125
38.45
35.0375
31.8875
37.9375
41.8625
30.8
28.325
25.6125
28.025
24.3625
14.7375
13.6375
18.2640625
18.575
29.0875
27
28
37.85
48.2625
55.3625
53.45
41.4875
32.0375
33.4125
39.796875
26.175
28.4125
49.25
29.1
14.325
14.5875
27.7375
40
45.2875
44.9625
46.8125
52.2109375
53.6125
59.3625
54.875
50.725
37.7
30.4125
26.8375
28.2125
41.75
33.2625
27.675
32.74375
33.6625
31.7125
30.175
34.4625
29.4125
26.125
27.275
27.575
31.1375
28.75
25.775
31.7359375
37.5125
42.25
46.6625
39.8875
23.5625
19.9625
23.6
35.225
42.8
45.025
46.3625
47.8921875
48.55
50.2875
52.2875
41.325
19.246875
19.675
22.075
51.7
57.025
50.2
45.275
41.025
44.9
56.7375
69.9375
67.0375
37.825
29.675
47.5375
64.4
52.3375
41.175
34.325
41.23125
47.8375
36.6125
44.6625
33.925
8.7
5.7875
5.4875
6.8375
6.1875
4.85
3.5875
5.071875
7.6375
7.5375
21.2375
17.1
13.125
9.325
12.4125
29.6
30.8875
31.7125
34.2
39.2296875
31.525
35.4875
48.9625
33.9625
10.4375
8.2375
14.2
35.525
42.8
31.075
24.475
25.975
29.425
29.5125
52.2875
31.5375
10.8625
7.525
10.15625
21.375
31.8125
12.3125
16.5875
18.625
43.425
62.375
55.975
30.1875
18.35
25.55
28.825
66.9875
64.0875
57.925
61.8625
69.86875
74.425
82.1125
89.025
80.8875
46.7375
54.575
107.2875
76.275
63.25
48.2875
59.325
58.41875
62.85
73
79.325
48.5375
23.4875
31.196875
65.7
71.8875
54.775
50.6375
51.9
57.284375
64.4875
70.2125
64.7375
23.7375
12.1125
12.35
13.5625
37.1875
40.4625
40.9125
46.875
50.56875
53.8625
56
65.025
29.225
31.2375
21.8375
31.8375
54.625
53.5625
40.075
50.225
53.834375
47.6
46.35
49.1
46.825
35.875
30.175
26.8
37.7375
37.0125
28.0375
24.6
35.446875
42.675
47.7
53.0875
37.2375
13.875
8.85
11.5125
17.15
18.875
10.275
7.1875
10.10625
15
37.6875
42.7375
35.25
15.8125
15.925
18.575
35.4625
41.7
37.2875
26.275
16.684375
29.45
33.5875
53.35
33.0875
13.6625
8.825
5.3375
16.1
38.875
25.6625
11.6375
12.184375
19.7
21.1
30.95
23.7875
12.9625
7.95
7.975
8.525
19.2
12.875
4.6625
3.109375
6.1375
11.2875
17.6
8.325
8.1
5.1625
6.0875
6.925
15.75
15.3125
9.3625
18.325
42.9875
49.4875
66.8375
26.175
10.6375
7.55
13.9
23.825
40.3375
40.725
41.8875
40.309375
53.5625
62.1625
61.15
42.1875
18.8
17.6375
22.75
29.05
50.9125
36.225
15.7125
18.734375
31.2375
33.0375
46.875
39.45
15.5375
13.375
10.125
17.325
37.6125
18.75
12.2
10.603125
18.6125
21.275
50.575
36.1375
18.45
11.45
11.2125
20.825
43.7875
33.5125
16.1625
22.209375
31.6375
29.2625
39.2625
48
34.6375
20.7
12.4
19.775
33.8
30.875
16.4875
21.034375
22.2
28.725
32.9
20.075
19.25
10.7875
9.625
16.5
35.175
26.3375
9.8
7.89375
19.1
19.2125
16.2625
12.4125
5.925
6.5875
7.4
8.2625
6.875
4.425
3.0125
4.409375
7.5875
7.1125
9.4
11.4375
8.8125
7.0375
10.2125
11.6
19.0625
8.275
4.1625
7.6375
14.225
23.75
31.9375
24.0375
16.225
13.9375
15.075
18.725
31.2125
27.925
17.5375
19.090625
21.2375
22.65
35.6375
18.6125
15.15
12.8
12.775
19.1
31.725
34.4
21.1375
14.23125
12.3125
14.15
24.3125
23.875
18.9375
19.4
18.125
39.7
50.75625
36.8625
35.2125
34.315625
43.475
53.0875
55.1625
15.95
9.775
7.6625
11.625
24.1
37.05
30.9625
22.6875
24.79375
30.925
20.525
22.525
60.525
48.1875
21.3625
25.75
33.5625
40.85
37.1375
38.0375
49.421875
50.275
38.6
29.3125
12.9875
6.6625
9.2875
9.4625
30.1625
30.6125
24.925
29.2875
39.190625
44.5125
43.3125
16.0625
9.8125
10.0625
6.6375
6.75
13.175
12
4.05
4.0875
7.04375
16.3125
21.5125
20.8875
18.675
10.775
9.6875
15.8
16.2375
26.325
12.4375
6.5375
6.19375
13.8125
19.1875
24.525
13.1875
12.4625
13.85
23.95
49.9875
50.1625
46.0875
50.7625
60.134375
77.5
71.975
45.5875
35
21.9125
16.1875
17.0625
37.7875
40.6875
36.15
20.875
25.075
44.6875
59.2125
51
32.5375
17.9125
16.5375
21.425
25.75
34.75
25.575
17
12.8125
18.1
29.3375
26.425
15.4125
9.8625
11.2
16.1
29.7375
46.1875
42.1125
27.65
32.5203125
56.5375
70.6125
35.9
9.825
4.325
7.4375
7.325
10.8
15.6875
17.1
15.6125
23.8015625
20.0375
29.1625
32.2375
15.3
6.825
5.8625
5.0625
6.2875
8.275
9.1
4.5375
6.4546875
6.9875
27.4375
26.75
18.4
17.225
13.6125
16.275
19.1625
25.6
17.075
11.0125
16.66875
22.15
30.6625
25.0375
18.6
11.5875
11.8375
14.75
19.875
19.9375
29.0125
34.225
39.0546875
50.1875
61.9
53.45
25.8375
17.7875
10.625
7.0375
9.8875
18.95
21.55
9.05
12.134375
30.3625
32.6
22.925
14.675
11.3
9.5
7.275
14.95
15.7375
12.125
3.9375
1.4984375
3.7125
5.6875
8.7625
9.4875
8.05
7.1875
6.9
4.025
4.9875
4.5875
2.85
3.496875
4.725
7.975
8.1125
6.0375
4.2625
3.3125
4.675
7.2125
8.65
12.4
19.35
21.8203125
26.725
22.6875
28.35
13.3
7.1
6.3375
6.425
13.325
26.0875
33.6875
35.5375
42.3578125
42.9125
44.1875
34.5
6.55
2.575
7.2375
12.4
35.2125
36.225
28.6625
23.85
31.015625
40.1375
42.225
29.575
17.075
8.225
12.925
20.4
20.8125
29.7
34.2125
24.675
20.4296875
27.975
44.85
53.35
23.1875
8.625
7.35
9.1125
10.6625
25.1375
29.4125
17.625
12.69375
30.3375
35.3875
41.2125
34.6
21.4375
14.678125
13.45
19.85
22.0125
21.875
15.65
15.80625
26.05
20.3625
21.825
12.55
9.275
8.375
19.2
19.775
21.8625
14.5625
9.575
17.234375
32.9125
31.975
16.7125
11.9
6.25
6.575
12.05
11.175
7.45
12
17.05
12.3
10.45
24.85
20.8
9.4
10.1
8.5
12.925
48.9375
52.8
53.55
49.6875
47.8890625
22.8625
26.9875
30.4875
27.4125
32.1125
27.8125
23.6875
26.7625
39.6125
23.225
10.275
11.8375
25.4125
16.075
21.725
23.4875
21.75
26.5875
34.7125
52.825
43.425
36.05
23.9375
33.303125
69.55
84.3125
30.5125
27.75
35.875
21.5625
17.7375
29.05
34.8125
27.0875
23
28.8515625
36.3875
35.3
18.1375
8.2875
9.8
11.375
9.9875
8.35
13.475
21
26.55
38.071875
42.2625
36.0875
25.5
14.3125
10.3875
10.8875
10.625
16.125
21.125
20.2
22.625
20.1203125
33.275
23.25
15.0375
9.25
9.95
12.1125
14.5375
14.7625
14.175
13.275
16.6625
15.484375
19.675
22.2625
11.65
7.425
7.95
8.9125
11.2
11.475
13.4875
16.5625
8.0375
7.8609375
12.9875
14.475
11.175
8.9
11.675
7.1125
7.1625
10.5
15.5
13.925
5.925
6.04375
15.15
20.6
10.0875
11.5625
9.771875
12.275
9.9
10.925
16.6875
13.525
10.975
14.9171875
16.55
19.5
19.8875
12.8
8.9625
8.2
12.3375
20.3
25.5625
29.175
19.5125
28.1828125
34.7125
35.625
18.8375
14.0875
12.675
6.875
7.5625
7.65
7.5875
10
10.7875
11.7078125
15.8375
19.175
19.2875
9.8125
7.2125
6.0375
10.4625
19.2625
37.1
45.6375
42.325
36.9046875
33.7375
24.2125
16.975
28.6625
30.05
28.225
38.225
38.9875
33.6125
36.425
33.3875
42.50625
28.7375
28.9125
24.5375
17.4
10.8
10.4
10.8375
13.775
21.8875
28.8625
31.1
36.4671875
33.7375
34.175
27.475
21.9125
16.25
13.7625
12.15
11.4125
17.475
23.9125
25.825
26.825
27.175
50.125
28.975
19
15.8625
15.1625
20.375
16
31.3125
53.4375
67.3375
64.453125
72.075
64.8125
34.4375
16.6625
13.275
11.475
14.8
29.975
46.7875
46.0125
62.8875
65.0921875
72.3
68.3125
33.65
10.35
7.3625
5.7125
6.6375
12.0125
19.25
18.675
20.5125
18.1171875
34.8
52.0625
29.5875
12.0875
7.5625
7.6875
7.475
15.55
24.9875
28.0125
32.2875
36.0328125
40.9875
49.7
49.8125
49.7125
33.6
24.55
26.1625
26.725
31.55
25.3375
28.225
32.9046875
51.125
42.0875
25.3
19.85
9.9875
10.2
8.3375
11.4875
17.55
16.7375
15.0875
13.5484375
15.4375
22.725
13.725
16.2125
17.675
14.9625
17.3875
18.1625
26.4125
26.7
16.975
26.8203125
28.575
21.525
18.2375
13.7125
13.1625
20.6529296875
21.3970817565918
21.3999886006117
21.3999999554711
21.3999999998261
21.3999999999993
21.4
21.4
21.4
21.4
21.4
21.4
21.4
21.4
22.5625
21.25
10.8
5.3
6.053125
10.925
19.125
16.575
10.4
13.1125
17.5
17.225
14.05
11
12.575
7.925
10.846875
20.925
20.9125
18.1875
11.8875
9.25
6.8375
10.1375
10.6875
12
8.8
5.3375
6.853125
13.3375
32.7
36.125
28.8375
18.3625
20.1625
23.3875
24.35
26.8
12.2125
7.15
9.2734375
15.9875
21.1125
22.975
17.7625
10.5375
10.775
10.1125
7.5125
11.8375
10.6375
7
7.8859375
15.9
30.575
32.175
17.85
14.725
21.2625
13.7
15.325
24.8
15.3625
8.6125
16.21875
17.45
24.3625
22.35
13.3375
7.875
6.987548828125
8.725
9.8125
12.3
9
6.025
5.1125
8.6125
9.4875
9.9
11.525
9.1
6.3125
6.975
14.6125
26.4875
9.7125
4.8375
5.48125
8.3
10.8875
13.3875
9.425
6.875
7.2375
6.5875
6.6125
6.6125
13.575
19.9375
24.26875
22.6875
26.3125
14.625
7.9875
7.6125
6.725
8.3
6.3875
7.3
10.3125
12.3
18.03125
28.3125
24.5625
13.825
11.95
13.075
8.9375
12.2125
15
20.4
13.2
7.575
8.23125
14.4125
18.2625
14.2875
9.225
9.275
10.2
9.1625
9.425
10.5
14.3
9.1625
6.43125
9.6875
22.5
19.1125
16.5625
11.3625
9.4625
12.75
18.45
26.7125
28.4875
26.45
25.034375
33.6375
47.825
18.5875
17.3625
15.2625
10.1375
9.725
10.35
16.925
25.45
25.15
25.303125
18.8125
25.475
18.925
8.575
9.25
12.525
7.1
8.375
14.7
12.8875
7.0875
8.084375
13.4125
17.4875
8.975
7.1375
5.3125
4.0875
4.25
5.175
6.4875
12.35
15.225
10.08125
13.5625
13.675
10.6625
11.4875
8.95
6.7875
6.1375
8.8
7.4375
10.9375
11.0625
15.3625
24.975
35.325
22.725
18.475
13.534375
13.25
14.1625
26.25
26.6125
25.875
32.825
48.221875
54.525
48.9375
22.9125
18.2875
19.15
16.2625
47.95
54.0125
48.8125
35.6
40.35
58.071875
58.7625
57.9875
28.375
10.025
10.2125
8.5
13.6
11.95
20.025
21.725
17.2125
25.359375
21.4375
20.2125
12.2875
8.325
7.425
8.75
21.6375
33.9125
22.2
17.225
16.8375
28.315625
34.225
26.675
15.225
14.8125
14.325
11.7
13.425
17.8625
29.3875
29.1875
27.1125
33.675
35.9625
31.2
17.625
18.475
11.775
11.0625
15.4875
14.4125
12.6625
7.225
5.4125
12.446875
12.325
18.8625
16.4625
13.5875
7.525
5.1375
3.4625
6
6.325
8.375
5.1375
3.55
7.55
14.525
21.4875
26.9125
20.9125
13.7125
9.4625
12.875
19.225
11.5625
6.8625
7.371875
14.975
22.4625
22.4125
10.8875
9.925
6.7
9.8375
20.2
26.7125
15
6.525
4.553125
8.9125
11.475
11.025
9.0375
9.35
6.2625
6.4375
7.7375
22.525
26.1125
31.8625
42.375
35.675
24.5625
17.1
13.75
6.725
8.575
7.6875
5.5375
11.8875
14.8
14.875
16.353125
31.1625
17.4
8.8625
3.475
5.775
9.1125
4.4
6.6
9.45
5.825
4.0125
7.484375
12.9
33.5125
11.0875
12.05
9.3625
7.1875
6.8
5.875
6.325
4.7625
6.525
14.725
21.8125
20.7125
29.2625
13.15
14.8375
17.9875
29
37.1125
28
30.9625
45.8375
47.3125
36.95
34.0875
41.1375
28.115625
30.8125
29.0375
31
29.525
30
21.8625
26.4375
37.4015625
45.0375
47.7375
43.1625
30.95
28.0875
24.025
19.5625
20.0375
18.55
15.325
8.525
7.9640625
11.3125
25.05
32.4875
33.675
31.220703125
26.20322265625
16.0125
18.275
19.375
15.0875
24.1
37.371875
54.075
63.3
40.625
24.825
14.9125
5.5375
2.1125
8.6625
20.5625
10.3125
6.7625
11.50625
7.425
4.825
16.525
9.8
4.5125
6.6375
6.5625
7.5125
4.2
3.5
3.1
20.865625
41.9625
38.4875
15.9125
7.875
6.4375
7.325
20.3875
27.95
29.8875
25.025
21.8
19.771875
28.4375
30.275
20.1125
14.9125
12.2
14.075
12.6125
18.45
39
48.7125
46.5
55.321875
66.9
65.25
39.8625
13.75
9.0375
13.15
7.1875
6.775
13.65
14.175
15.275
24.2171875
40.975
28.1125
31.4625
18.2875
11.1875
15.3125
9.825
15.2375
24.35
21.3875
11.5375
15.059375
26.05
15.7125
7.9375
4.5875
3.5875
5.725
5.3125
6.3125
9.3125
6.5
2.425
7.109375
11.9625
22.7875
18.7125
13.55
17.3375
17.1
15.975
13.85
21.6125
17.7
11.4875
23.4734375
37.875
36.15
24.4875
21.8125
16.2125
12.7625
20.0375
23.5
41.9375
34.8625
30.075
28.0109375
41.45
32.4875
26.0625
13.4
11.3875
11.3875
8.9
5.7625
7.65
6.75
5.3
5.2703125
7.025
7.625
10.5125
8.4
6.35
9.0125
4.5875
3.425
3.9
5.3
4.3875
6.140625
6.7875
11.6625
14.1375
10.025
9.175
8.35
6.6125
13.2125
19.45
10.4875
4.45
6.134375
12.925
16
17.0125
12.9125
10.5
12.5125
16.25
13.7
19.1
12.7875
4.2875
4.4875
8.85
15.1875
11.2125
9.8375
12.05
8.4125
5.675
7.1625
14.5375
9.6125
3.95
5.0625
10.0625
23.125
30.5375
20.45
13.6
8.875
8.25
12.775
20.225
14.0875
8.175
13.075
21.05
25.1
20.0125
11.6
10.8125
10.2125
8.25
11.05
21.9
16.525
10.2125
13.375
12.85
15.125
15.7125
7.625
7.5875
9.9375
9.225
8.675
9.35
8.2625
6.7875
10.1125
21.5875
25.6625
11.7
7.4375
6.1375
9.925
10.4125
16.8875
15.7875
9.4125
12.9125
29.11875
23.7875
26.075
26.5625
21.425
19.525
19.95
23.6375
43.3
54.4125
41.075
23.9
27.01875
41.0625
46.1375
64.8875
49.5125
39.1625
32.2875
53.7125
54.1
63.7
48.325
39.45
43.978125
40.2375
35.6375
23.7875
14.4625
11.4875
11.8125
13.85
13.4125
24.025
20.35
12.4125
12.196875
10.8375
11.775
12.6625
9.3125
6.9625
4.65
5.325
6.55
13.675
12.6125
5.425
7.225
18.1875
33.5875
29.8875
39.0125
32.625
26.6375
23.65
27.0125
30.725
21.5875
20.125
23.015625
33.1375
31.425
17.075
12.0625
17.9625
29.4375
51.4875
35.95
22.7125
23.45
22.45
22.06875
24.2125
29.05
30.5625
18.675
12.1625
14.0625
17.3125
18.7125
21.3125
16.0375
18.75
20.496875
22.8375
34.5125
32
24.0375
21.35
22.4375
23.35
26.0625
34.4625
25.125
20.6625
18.565625
34.125
35.7125
25.3
28.75
22.7875
19.121875
17.725
22.4875
25.5875
17.0375
8.3625
8.56875
8.55
16.2875
20.4875
18.5
16.3125
19.475
25.1375
23.1625
30.2875
31.6375
33.0125
25.921875
35.3625
50.0625
45.275
40.4625
28.75
34.1
32.525
31.6125
39.25
23.4
9.7875
14.4328125
25.6
34.975
22.1125
10.3125
10.425
14.4625
9.675
9.2375
8.2
4.5625
1.525
3.759375
5.9
7.3625
5.7625
6.7875
3.9125
4.525
5.1125
1.9375
5.3375
12.4375
15.15
14.7
20.7125
25.225
19.2125
6.075
4.5625
4.6125
5.7625
5.35
14.7375
14.2375
14.775
17.2984375
24.075
48.9875
21.2
15.5875
20.3375
10.1
11.5
18.2375
28.7
24.8125
14.925
19.909375
52.875
58.175
28.8
24
16.35
4.7
7.125
16.375
48.0625
35.325
26
27.8625
48.4375
44.95
27.05
8.95
5.925
5.5625
6.6
9.9625
14.7875
13.1625
11.425
10.234375
16.475
18.6375
30.0625
45.8875
34.675
15.425
14.9625
16.9125
19.6375
11.625
6.775
6.56875
8.625
11.025
7.725
9.4375
5.1375
4.3125
9.85
9.2875
14.425
5.625
1.9875
4.290625
4.2
6.1125
8.325
4.1625
5.3875
3.2
1.8
3.8625
7.1625
8.6625
4.7875
4.25625
7.7625
20.5
17.4
7.4625
3.7
6.15
7.025
8.7
11.525
17.9375
14.8
7.6
5.4375
9.425
7.8625
8.2
8.25
14.2375
30.45
33.1125
36.3375
16.0625
12.4375
16.95
50.525
63.525
37.8875
13.15
11.575
10.4875
9.975
11.4875
20.0625
16.5
18.3125
33.81875
52.4375
59.2
39.0375
20.1125
25.1
32.6875
28.525
24.7125
22.375
19.125
28.925
30.821875
26.65
33.3125
31.15
14.7375
17.2
14.25
27.175
29.9875
43.125
34.375
10.8875
15.059375
23.6375
23.2
17.525
11.6875
12.5125
12.5875
18.35
35.2875
79.8
50.025
36.5625
36.0625
38.675
34.7875
27.225
16.475
13.5125
11.45
13.6375
22.9875
39.4
41.9625
36.5625
56.396875
55.475
45.725
38.6625
27.6375
19.1625
24.6625
37.725
69.75
84.9125
52.0625
58.0875
56.5625
58.4125
65.175
72.95
38.9875
25.15
17.4625
14.3625
24.5
48.2375
35.7375
31.0125
34.978125
63.325
76.65
68.9875
39.4
13.0125
12.5625
9.6875
19.45
35.7625
33.55
18.325
14.446875
24.4625
32.775
26.7
16.5875
14.4625
16.7125
22.8125
52.7625
64.45
62.2125
55.325
61.240625
55.1125
41.2
38.0875
21.7
17.7625
19.625
23.55
60.4875
85.65
59.6375
54.5
61.446875
69.7125
71.3375
60.825
45.975
30.575
23.7875
28.7
31.9125
41.7875
27.5125
17.4875
25.5375
33.2625
69.925
33.775
15.6375
9.925
6.9125
11.1375
20.8875
24.6
20.4
14.7
20.58125
39.5125
23.075
23.525
17.4625
8.2625
11.2375
13.6375
15.2
16.0375
14.625
12.0375
10.8
8.1375
14.275
16.775
16.05
17.1125
17.375
16.06875
30.44609375
32.1125
20.8625
15.5
28.33125
29.05
54.7875
46.3375
25.525
20.3125
16.7625
13.7625
20.0125
41.8625
35.925
15.8875
17.678125
14.525
23.4625
27.2
15.6
12.95
10.95
12.7
20.0875
39.1
24.25
11.175
8.628125
10.225
11.6375
18.2625
16.425
17.5625
18.4125
14.575
20.7
33.0625
34.2
25.025
20.14921875
31.6375
61.7375
64.325
23.2
14.2875
11.7125
14.8375
18.8
45.3875
39.7875
13.925
12.5203125
6.95
12.95
20.2375
10.3625
7.5375
7.825
9.825
9.625
14.0375
11.5875
10.0125
8.2734375
9.0375
13.2
16.85
13.2625
8.0875
9.6875
11.5375
16.2125
20.75
21.2125
18.35
24.0734375
26.4
36.5375
47.6375
45.3125
35.15
34.75
37.5375
38.8125
45.7625
45.85
34.0375
36.621875
60.9
97.25
80.2875
36.3125
29.6875
28.4375
37.5125
33.3
46.3125
51.825
63.6875
73.746875
95.7875
100.1375
105.425
59.5375
34.375
25.6875
32.65
74.6
80.925
65.7625
42.6875
63.83125
79.9375
85.6625
47.3875
33.8875
26.2
32.2875
51.15625
78
84.3375
65.4
42.0875
38.553125
33.125
33.425
29.0875
18.0125
11.4875
11.3
13.05
22.85
24.9125
16.9375
13.375
18.078125
19.5125
28.8125
35.1125
30.125
21.375
26.6
21.45
21.85
36.525
45.1375
60.1125
57.965625
60.8
78.65
50.85
26.1375
18.0125
19.425
38.8375
113.5125
82.5375
73.3125
79.2625
90.9875
90.8375
73.1625
82.5
46.5125
50.4
45.85
60.425
64.2875
68.15
64.675
67.3125
79.00625
81.05
92.9875
70.7125
49.4375
36.0125
38.3625
44.075
62.875
58.9
47.425
46.525
59.603125
61.5125
56.325
70.875
41.3375
28.35
26.0875
27.6375
22.7
54.8375
51.3
44.2875
56.565625
66.775
77.5625
69.1875
24.9875
19.6875
15.625
19.425
24.35
28.2875
23.075
19
46.778125
72.75
63.7375
75.6125
39.025
28.3875
33.15
37.8125
70.5375
78.9125
59.6875
63.95
84.584375
85.0375
68.3375
82.325
33.875
20.55
18.325
18.6375
23.4375
49.3
73.1
73.6875
78.265625
68
41.5
40.35
32.0625
26.2
28.9
32.4
29.05
15.55
11.7
16.5
27.946875
51.2375
63.0875
52.0125
20.025
11.575
11.925
12.85
25.7125
55.025
28.975
17.125
27.59375
38.3625
39.15
44.8125
22.375
13.1
15.2875
22.45
24.8
34.7625
12.0125
12.325
14.184375
13.35
18.3875
42.125
62.2
34.4875
21.9
19.9375
41.375
41.075
17.85
11.1375
13.4171875
30.3125
68.825
61.425
47.3
28.975
19.525
19.5625
35.5125
38.9375
20.1625
15.275
18.740625
16.45
19.825
16.5
13.9875
22.3875
22.2125
31.5
35.2
31.975
25.8875
14.9625
19.3734375
22.8
32.875
28.5
20.35
12.6125
12.9125
13.675
33.4
41.2625
31.475
58.2875
77.2390625
76.0375
84.475
89.2125
61.575
19.0125
18.9625
22.1875
27.4125
36.575
27.725
37.4
77.28125
83.375
83.0875
68.3375
55.3625
48.75
46.2375
42.1625
42.875
41.175
29.8375
29.7625
37.91875
35.775
30.625
30.9625
32.1375
26.75
16.5375
15.0375
16.8375
19.3375
6.9375
6.6625
9.590625
15.35
18.475
19.25
21
18.8125
16.475
16.6125
26.8125
22.6875
8.9875
8.45
17.15
24.7375
42.675
52.975
55.85
47.0125
50.6
50.65
54.0625
66.825
48.2125
45.9875
44.003125
64.35
74.6125
64.2125
36.459375
19.0625
12.625
28.175
65.175
50.175
15.4125
10.4
8.6390625
14.175
13.425
14.95
14.05
16.3625
16.8
12.4625
10.2
20.25
27.1125
35.0625
27.703125
33.2375
31.3875
21.0875
6.5125
4.075
3.1
11.8875
39.0375
54.2875
22.25
3.65
4.8
12.175
20.625
24.1375
17.925
13.625
13
32.0875
52.575
65.45
58.05
64.0625
60.1640625
52.5625
57.1125
40.2125
19.6375
5.9
5.15
5.35
9.4625
25.925
7.875
6.7625
8.259375
13.6625
19.9
25.4625
18.7625
19.3875
24.0375
20.975
22.95
23.725
13.55
10.075
24.9390625
40.6625
53.1875
69.7125
35.45
16.625
10.5375
21.0125
59.85
56.0375
19.5625
42.725
54.378125
46.1125
35.65
38.1625
27.2
22.4375
26.2
19.1875
31.8375
28.8625
12.85
13.2125
39.44375
52.9375
64.0375
53.8625
24.7125
11.6
13.45
13.75
13.7625
28.8875
26.3125
16.625
27.6
43.875
50.9875
35.2125
26.9125
19.325
12.45
18.7
42.925
38.0125
17.3375
21.225
24.24375
43.4625
61.0625
49.0125
30.8125
16.9125
20.125
25.825
37.4625
49.5625
44.3375
41.175
55.1890625
65.525
73.1625
73.3625
34.45
14.1625
10.7375
12.55
28.9
22.9
5.65
4.4375
5.034375
9.6125
17.075
29.8375
28.4125
10.775
7.4
6.6625
12.05
17.8625
6.125
3.8125
4.7671875
9.0375
9.425
24.8
22.6375
14.1
5.375
5.55
7.825
8.6625
1.4375
2.125
3.91875
14.0625
20.475
19.3125
28.5875
26.5875
22.775
15.6
35.2375
31.8
4.4125
4.4625
7.915625
13.175
16.6
31.1
63.4875
33.5375
22.2875
14.7375
22.45
33.6125
16.5875
1.93125
1.4311279296875
1.40012159347534
1.40000047497451
1.40000000185537
1.40000000000725
1.40000000000003
2.8375
3.9375
9.0625
8
4.025
7.775
4.590625
9.0625
11.4625
14.55
10.1875
4.75625
5.2
13.7375
12.6125
12.7625
1.5375
2.4125
4.621875
12.05
25.075
38.9875
41.3625
24.5625
28.225
41.3125
43.7625
31.6875
20.7125
12.825
3.46875
5.025
17.925
18.5125
12.25
7.8125
7.1625
5.975
10.0375
8.5625
5.4625
1.7875
2.5109375
5
12.325
26.45
31.425
23.925
18.1625
9.825
16.3875
17.1125
4.8
4.3375
4.753125
22.2625
36.2
45.3375
29.625
9.5875
13.1375
15
21.9375
36.375
16.8375
23.4625
38.5765625
42.5625
51.2
60.8375
46.725
34.2125
37.6875
37.7625
34.7875
42.6875
43.925
48.25
45.3203125
49.5375
55.075
56.1125
38.4
17.4625
17.25
16.65
34.475
54.3875
36.0375
26.2125
32.0140625
58.1625
58.4625
65.9625
55.6375
27.4625
27.0875
41.1375
52.4875
62.9125
31.275
28.75
28.7921875
35.775
56.625
57.225
36.9875
18.4875
13.15
13.1375
26.1125
25.4625
8.375
5.95
4.2609375
5.6625
14.525
21.15
43.45
33.725
24.1125
18.2375
42.1875
46.4625
20.4
20.7375
18.475
24.75
40.175
53.225
32.5
18.275
11.4375
12.0375
24.65
22.0375
5.2125
1.65
1.09375
5.4125
8
11.525
13.1
12.3875
11.8875
12.25
14.0625
12.925
4.25
1.7
1.3375
7.6125
10.1875
12.6
14.2375
16.1
8.5
10.525
13.8875
9.95
4.2875
2.2125
5.428125
7.7375
12.15
23.15
14.9375
5.45
5.75
7.6875
11.325
8.1625
2.325
2.075
2.759375
7.1625
16.0125
22.025
33.425
37.1
33.5
45.7
55.175
32.2625
15.1625
12.9
9.3203125
10.75
19.5875
38.1375
44.8375
31.375
30.725
39.925
73.1375
65.825
41.15
13.2375
13.890625
18.1375
19.65
24.175
19.1625
9.7125
6.8
7.0375
18.975
43.1875
17.6125
7.0625
10.56875
26.7375
38
46.5
37.45
20.3125
13.175
14.4
35.5625
29.8125
10.5
6.6875
5.025
10.8125
18.15
20.7125
21.975
15.7
14.2375
19.55
52.95
67.6125
45.4875
19.65
9.465625
17.575
12.1375
38.9
53.6625
28.3375
25.225
15.2125
14.0125
13
11.575
16.075
15.06875
26.6875
12.65
15.075
19.5875
14.3125
15.4875
13.675
14.4125
9.1
3.7625
2.2625
3.053125
7.5875
10.225
11.425
13.325
11.625
12.1125
15.1875
22.85
19.6625
10.7375
18.55
24.11875
33.75
25.475
17.1125
19.8
18.45
19.975
35.9125
54.5
42.8
12.9875
4.3125
5.671875
14.475
29.85
30.0125
38.1125
27.85
20.225
30.3375
31.2875
28.175
13.5375
12.3875
20.784375
38.1
44.6875
42.975
47.0125
19.1625
26.1875
45.1875
42.175
35.225
7.9125
4.375
3.965625
10.7875
20.3
19.6625
21.275
9.6375
6.7375
9.1
12.1375
14.9375
4.325
2.5625
3.6
12.3875
10.3875
12.8375
16.8875
22.3
56.4375
44.4125
48.3375
32.2625
13.375
7.5875
9.38125
11.825
16.6875
24.325
24.775
11.7625
10.175
16.05
16.7375
15.725
8.1375
4.975
3.971875
5.1
20
21.025
26.125
25.8
40.5375
46.575
65.2625
65.3
46.1
38.9
52.2625
40.1
30.3
24.575
30.575
19.8375
11.95
14.3625
30.8125
19.2625
8.6375
9.625
7.91875
9.9625
15.575
18.8875
19.5
17.1
19.6125
22
27.2875
21.6375
8.05
4.5625
6.809375
19.1
35.7875
39.1625
34.4875
20.025
11.25
14.6125
27.5
21.0875
10.4375
11.55
10.35625
17.0125
21.125
30.8875
30.3625
22.7375
24.5625
24.4625
27.2625
19.775
6.6125
3.2625
6.721875
17.875
21
14.375
13.1875
17.8375
14.575
12.3625
10.8625
8.85
9.1375
13.6875
22.440625
41.525
50.375
39.7875
25.7375
10.125
8.6375
11.55
18.3125
18.25
8.1625
7.65
17.203125
21.3125
19.8625
29.275
30.75
31.4
40.625
83.95
62.9625
49.025
40.425
40.175
34.796875
28.275
29.125
49.75
56.3375
45.5875
28.425
29.375
38.3125
36.8375
18.15
12.1625
24.228125
41.975
58.175
66.9
69.5
51.45
62.425
86.0875
82.4375
59.725
41.775
40.7625
45.38125
28.425
43.9
54.8125
39.9125
23.85
29.5375
36.3375
46.65
38.525
25.6375
20.2625
27.13125
47.25
39.0625
32.6
45.1125
36.6125
35.5125
32.0875
39.425
42.2
19.5375
18.0625
19.653125
39.7
49.9125
50.6875
52.425
39.7
35.6375
31.1
30.3875
24.525
17.9
16.2375
22.996875
26.9375
28.8
40.5
37.05
27.2
39.675
44.2125
53.0125
41.375
23.375
27.775
48.596875
61.2375
75.325
70.5875
56.425
47.425
43.125
42.9
45.4125
40.175
35.125
32.825
34.375
50.4625
58.7875
61.0875
58.65
48.475
32.2
46.25
56.85
54.075
52.5
53.5625
60.228125
68.65
74.15
77.375
74.575
69.0875
61.15
56.375
63.3125
60.125
48.2875
47.875
46.021875
53.5875
55.025
56.7125
52.55
45.3875
38.9875
41.7375
49.95
49.3875
50.2375
49.65
55.134375
54.35
61.45
58.25
51.6
50.9625
45.325
44.125
42.15
31.175
24
42.45
23.1125
29.175
29.425
33.3875
39.4125
40.05
34.725
37.075
32.2125
34.2375
33.475
33.8625
38.659375
45.15
51.8875
52.8625
56.6875
49.125
44.425
41.8375
45.5625
44.125
40.1875
43.4375
52.403125
59.4
61.825
60.7
59.025
57.775
63.8
61.8125
69.0625
61.8125
61.85
57.55
60.20625
63.125
64.9875
63.325
57.0125
53.70625
51.8625
48.525
59.9375
59.9375
54.0875
56.2625
60.75625
67.55
67.325
67.3375
65.9125
65.55
55.825
56.3125
56.25
55.2125
51
56.5375
75.496875
90.8375
97.8375
111.5125
94.675
80.925
71.1625
79.0875
82.1625
66.0625
57.4625
63.6375
71.96875
