"x"
70.375
63.9375
63.6625
42.575
33.225
27.25
23.475
25.1
22.075
28.075
23.4375
27.715625
34.7
34.1375
25.925
25.425
21.125
21.1625
24.475
25.375
43.475
45.4
61.7375
40.484375
34.8375
39.2125
48.05
36.35
27.45
22.55
23.7875
40.9625
48.0875
60.9875
65.9375
56.678125
30.35
49.725
37.25
21.3875
18.7875
16.175
17.05
15.925
27.15
31.9625
22.3625
29.33125
32.4625
30.55
26.6625
23.25
34.2125
31.7
23.6125
22.925
38.5625
37.1875
55.4875
91.96875
65.8
53.8375
29.5375
33.6125
35.25
23.4375
21.3375
25.3875
29.675
20.6875
27.4
27.890625
33.275
58.05
53.4625
44.12919921875
48.3718505859375
37.3125
38.275
74.0375
58.1875
33.975
31.85
42.409375
61.1125
46.025
35.05859375
34.3038909912109
34.3000151991844
34.300000059139
27.0875
37.6125
92.1875
96.55
110.5375
71.765625
75.1
47.25
37.84140625
36.2085601806641
36.2000334382057
28.7875000983477
21.55
78.0625
81.6125
65.225
76.025
101.19375
134.4624975
170.32499875
63.0625
37.2125
32.5
37.7046875
39.825
35.15
58.2625
63.55
49.975
34.015625
41.9375
35.25
28.9
23.35
19.8875
19.125
19.9875
20.8625
40.3
36.4875
24.675
44.096875
62.7625
75.7
42.4125
47.998876953125
50.8886674880981
54.0499777793884
67.6375
70.625
84.425
84.7625
68.7
35.01875
61.5
46.675
63.325
56.5375
65.71875
61.840625
70.7125
68.675
61.85
62.0625
67.375
50.709375
62.3875
84.5
89.175
89.3375
56.4
47.5875
72.2625
74.4125
73.1125
61.925
61.5375
69.68125
77.725
89.1625
50.9
15.4375
14.6875
16.7875
29.75
50.35
43.2375
45.0125
52.075
58.184375
57.5125
48.3375
19.8625
21.7125
19.675
9.9875
28.275
10.0125
24.975
24.5625
26.0125
27.1875
26.1375
22.175
26.1125
18.2875
20.6375
16.4875
18.075
30.025
32.3625
16.925
7.55
8.475
53.75
73.475
82.6625
81.0875
75.1125
59.275
50.2875
51.1
38.3375
28.15
24.6875
30.265625
42.7875
51.7875
56.25
73.7
70.3375
69.3625
77.2625
79.75
61.425
30.075
21.425
22.0375
25.475
51.925
46.2375
57.45
51.1
53.9625
83.275
67.125
50.4625
42.125
40.675
53.396875
67.175
80.5375
72.125
63.45
35.5125
28.35
37.375
45.775
54.9375
45.9375
49.8375
53.2
76.8125
79.3625
81.7125
60.7125
42.3875
38.975
37.4875
45.7875
32.9125
24.5625
20.6
24.865625
35.7875
34.4
38.875
50.65
36.0875
31.1625
30.05
28.8375
26.8125
23.9625
21.35
22.8125
28.0125
39.175
53.7875
38.025
36.5875
34.95
38.3375
40.5875
39.725
31.7
30.2
37.578125
39.725
45.4125
46.5875
50.5375
47.7375
41.2
39.4875
45.1
33.675
27.6375
25.625
32.49375
44.9375
49.35
55.45
58.9625
59.5625
60.1375
55.775
67.9375
60.0125
38.4625
29.9
44.35625
60.375
79.7
73.7875
63.8625
41.625
35.925
49.45
46.1875
46.5
33.05
24.45
27.34375
47.1625
72.8
75.6875
74.55
84.125
92.5875
92.5875
78.0375
71.5
73.4125
75
79.35
89.5375
111.1875
89.075
79.9625
75.5875
81.8125
81.5375
76.55
72.875
71.675
69.3375
88.490625
88.625
89.1875
95.2875
96.2625
95.8625
70.5625
68.3625
81.4125
78.7
73.1125
69
75.1
81.875
88.275
94.9125
96.8125
72.975
75.975
82.96875
94.725
84.4375
63.625
61.2125
68.821875
84.225
82.925
82.425
80
67.475
63.1375
66.8875
66.95
65.8375
47.1875
40.975
44.33125
57.525
50.55
56.525
53.825
49.0625
43.2625
45.7375
46.075
47.0625
44.8625
40.625
41.5609375
47.1125
51.05
53.45
54.9375
57.1875
60.575
59.575
63.7375
65.425
65.75
66.575
70.10625
74.9625
78.6375
78.575
76.575
70.7875
71.7
70.725
66.8125
65.1625
64.975
64.425
71.1390625
74.4375
73.65
73.625
74.9875
73.475
76.7375
79.1625
81.7625
76.2375
67.9625
66.15
68.3140625
73.475
76.1375
78.2625
84.0875
84.95
89.275
79.9
77.9
76.15
75.1375
77.7875
81.30625
83.4625
85.725
84.025
82.05
74.225
67.325
66.9
74.4625
72.675
68.6875
68.2375
72.590625
74.65
71.925
73.3125
70.9
67.45
63.1
60.9125
62.7875
57.5375
45.3125
37.875
42.68125
60.0875
70.2125
77.375
73.2875
72.025
58.0625
58.275
70.9
61.8875
58.35
56.65
58.121875
54.575
56.275
52.6
50.8
50.4875
54.95
50.7
49.25
38.8
27.3875
26.5625
30.30625
42.975
44.6625
50.175
49.5625
48.975
52.1375
56.7875
53.5875
44.45
27.075
25.95
35.425
44.625
49.7375
49.7875
55.8125
56.8125
58.425
53.2390625
58.5125
50.4
47.6625
49.1625
57.0625
67.55
74.2125
81.3125
76.3375
69.825
62.1
56.1
66.8375
59.1625
33.35
33.825
48.609375
59.7875
64.5375
66.1125
66.125
54.4125
60.4375
62.7875
65.15
62.725
56.7125
56.7125
63.384375
74.0125
81.825
88.5
73.425
62.925
58.8
61.55
69.90859375
57.1782073974609
44.1125
31.575
30.3125
51.075
75.7
86.4875
77.1625
47.875
32.9625
36.9375
43.0125
47.7625
29.6125
19.075
23.753125
31.7625
58.175
58.325
66.2625
59.65
48.9625
39.4625
30.0125
26.25
18.2625
19.575
31.459375
37.4
44.4625
58.525
56.825
51.95
54.1875
57.85
55.85
43.8625
39.475
45.9125
55.84375
55.2625
59.175
60.1375
60.4625
51.6375
56.7
56.95
64.9
68.6375
52.2875
47.0625
59.121875
68.125
74.8875
81.5
69.575
58.1625
31.225
36.625
56.6
52.5125
37.8
37.425
29.446875
38.2125
43.8875
53.3375
52.6875
44.4625
37.3625
43.25
47.5
39.2375
24.625
20.225
36.075
56.9125
68.5875
78.7375
79.9125
49.75
40.225
68.7375
81.475
71.05
61.4375
61.3875
65.471875
64.65
61.6875
63.6625
55.7875
56.3375
56.9
57.2
63.8625
63.0375
65.9375
65.225
66.6625
78.2625
88.2875
93.725
87.7625
72.625
66.075
48.6625
66.625
75.0875
58.0375
56.15
59
71.575
78.425
82.2875
73.175
42.6125
34.05
52.4
52.125
45.525
45.075
34.9625
22.596875
32.025
50.95
50.3625
65.9125
52.5875
41.575
37.06640625
57.4625
55.2625
27.25
15.225
26.71875
53.05
71.7625
76.45
51.625
44.95
51.525
40.4
47.725
38.0375
28.175
27.5375
40.728125
42.2625
42.5375
51.5625
52.2
47.4
48.7125
38.275
45.7125
46.375
28.825
22.95
44.3375
58.2625
67.75
64.9
58.275
47.8375
36.925
44.8
66.5625
62.4125
52.675
55.6625
58.23125
63.75
70.75
92.65
91.5875
86.8
87.1625
106.5625
91.5875
69.525
56.8125
57.8125
74.396875
73.7625
53.5375
46.15
39.1625
35.4375
32.6625
33.8375
40.6375
37.5875
32.525
36.6875
39.046875
46.725
48.1375
54.8875
56.425
61.125
71.025
69.4875
61.75
59.45
58.9625
65.175
54.403125
71.8875
81.475
71.8125
73.25
45.7625
32.3125
44.9625
67.525
65.425
48.4625
37.9
40.828125
67.2875
44.5625
62.3875
47.5625
39.575
24.4125
20.9625
26.6875
11.55
11.1625
8.7875
12.296875
20.8625
30.325
68.0125
68.1625
42.1625
36.8625
54.21484375
75.475
67.9
45.925
26.4375
42.975
57.825
51.825
68.8875
64.875
40.1
30.4125
29.75
33.7875
40.675
21.175
10.05
17.725
28.275
43.725
67.0875
47
40.4375
36.025
45.65
62.7375
62.7875
38.325
21.0375
40.9
50.8125
36.575
37.2375
61.0625
48.5625
34.6625
42.9375
36.3125
23.5
28.925
23.8875
34.203125
62.1125
77.2
76.7125
43.475
18.1
22.8375
24.0375
37.1625
37.375
16.6625
20.6625
24.68125
23.0625
37.0375
46.7125
46.1875
45.9125
35.2875
37.3125
53.0625
56.975
43.4
34.35
45.259375
60.4375
59.0875
62.075
39
22.125
10.303125
12.8125
41.5125
56.975
21.8875
22.5375
20.684375
27.3625
41.6875
55.25
57.925
38.4875
48.0375
45.4
29.85
18.825
8.65
5.25
9.4375
15.8625
22.375
35.0375
33.8875
34.875
32.4
47.5125
68.4625
58.4875
40.35
44.075
59.228125
70.3375
88.0625
88.8375
72.6125
30.875
11.4875
22.725
52.8125
49.1875
41.6125
22.3
33.63125
58.025
72.85
65.45
65.6375
41.775
33.3625
37.025
37.5
34.45
12.6875
8.1
7.2625
25.9125
21.875
32.6
42.45
49.65
41.3125
47.1625
47.925
51.0625
39.9875
20.4125
25.125
49.275
53.025
62.7375
52.478125
30.075
24.875
28.225
46.8125
48.175
33.675
45.675
54.740625
71.325
82.1375
81.6125
85.925
72
77.0375
83
74.325
56.175
51.2
49.4375
55.940625
69
75.8625
78.0875
72.425
67.5875
71.9375
66.1375
62.15
54.1375
31.575
32.725
36.171875
51.15
68.45
70.1875
70.8375
48.7625
30.7875
43.1625
50.2625
49.9375
45.8875
59.025
81.675
91.075
96.9125
111.875
96.7
46.8375
34.95
39.8625
70.1375
82.2625
42.7
31.475
41.18125
69.4125
66.2
21.7375
16.0875
10.8875
17.2
33.975
32.5625
19.6875
11
11.375
12.709375
14.775
49.3875
63.7625
47.0875
53.3625
23.1125
16.175
27.975
45.475
29.2
16.9625
16.225
29.175
58.425
53.575
60.6125
36.3375
55.775
47.5375
51.0625
44.5
27.2875
24.7125
35.315625
56.4375
68.9125
85.4625
80.6
46.0875
45.1375
65.7
78.5875
87.475
68.9375
58.8
45.54375
62.975
81.225
85.025
75.1875
50.75
26.925
23.475
35.1625
64.075
37.9875
21.3875
19.0875
25.3125
42.1625
64.4625
58.1625
38.9125
39.1
38.225
43.3
50.95
31.9375
19.1375
21.225
43.2875
59.8375
65.7125
51.4125
40.7625
43.34658203125
51.8625
63.5625
75.1
62.4
51.4125
47.7125
47.45
54.25
53
77.9
77.3375
80
82.7625
89.2
94.85
73.225
60.2625
70.71875
81.425
96.875
98.3
78.425
39.15
44.1125
51.975
71.7
65.875
51.3125
53.6125
63.775
70.85
75.4375
84.9
68.6125
41.95
44.4875
70.125
75.0625
60.6625
50.075
47.5125
53.053125
67.4125
77.7375
77.8
61.6375
37.3875
33.35
43.8875
51.825
57.1125
49.275
46.55
37.4625
41.4125
46
50.6125
49.625
45.45
39.0625
48.0375
43.625
45.075
32.4
19.8875
19.8
32.5875
47.2125
32.475
25.1
34.35
56
54.375
72.3125
66.225
53.7625
52.2
54.25625
54.8375
59.15
50.7875
49.925
43.175
44.9
43.775
41.2875
35.2875
25.05
27.0375
30.30625
26.7125
35.9375
39.3
39.2125
40.4
63.225
69.85
82.8375
50.35
43.6375
40.5
45.10625
56.2875
63.4875
78.225
36.0375
15.1125
17.4125
28.65
49.7375
51.0875
50.225
48.8875
57.621875
70.4625
68.6625
83.275
79.75
59.35
42.675
39.825
48.75
54.975
46.075
44.55
50.4875
55.625
56
55.475
59.7625
50.5625
41.1125
37.375
46.3
46.25
40.9125
36.725
43.528125
59.8625
68.325
67.2
61.0875
54.1625
43.2375
37.975
48.2125
65.425
58.25
54.25
55.1375
56.9
58.55
67.2
41.9125
28.2875
25.1125
32.0125
60.775
71.5875
57.2125
47.9125
54.45625
51.1875
58.8
73.1625
62.025
38.275
35.575
49.8
71.225
68.8875
54.075
53.675
58.928125
57.7375
52.6
62.625
38.6875
20.5
14.5375
14.2125
18.7125
19.3875
11.0375
12.3625
11.19375
17.65
20.6875
28.525
28.4875
18.6
13.4625
25.525
43.9625
55.6125
48.6875
43.925
50.146875
58.275
71.3625
76.0375
35.4125
15.925
24.4625
54.7625
56.55
41.55
36.9625
36.0625
44.85
58.1
73.975
75.625
34.9125
18.275
10.4
13.775
33.9
48.9875
23.35
27.4875
31.265625
46.25
72.075
78.425
51.3
35.6125
38.175
34.2375
56.2
70.5625
60.3125
60.425
76.45625
89.6125
97.3625
109.0625
100.85
63.725
48.69375
75.815625
120
91.925
77.375
66.8875
79.384375
79.8125
85.2875
82.925
43.725
27.5375
32.4875
36.8875
76.9125
69
51.925
47.925
61.6625
77.25
77.725
70.6
35.6625
18.875
16.6875
17.625
28.8625
34.575
36.1375
43.1375
52.2875
63.45
63.8875
75.8125
42.25
26.4875
24.4625
39.1
61.25
71.4625
56.175
51.9
58.7125
59.7875
60.55
55.275
48.1875
47.4
49.2375
39.55
56.425
62.1875
30.825
37.8125
52.325
71.4125
75.9875
72.8
31.925
12.8
13.1375
12.0125
22.875
32.825
28.5125
17.4375
19.765625
29.6375
59.95
68.95
33.0875
16.4625
13.3625
33.4625
48.5125
46.8125
39.4375
44.525
51.19375
64.3875
70.8625
69.4125
37.7625
27.975
26.8625
23.7875
36.7125
62.3625
56.9625
40.7625
39.690625
48.4125
48.4
46.9125
33.8625
21.1
21.75
16.7125
21.375
42.5125
41.4
17.0625
13.35
19.575
28.1
33.525
27.9
19.0875
13.675
14.5875
16.3
13.9875
15.9
23.8625
51.715625
67.0875
80.6875
93.8875
45.0375
20.2375
17.425
18.375
39.925
56.0875
58.2
62.2875
69.925
78.95
85.525
76.0375
65
54.8
55.0625
57.509375
65
64.0375
48.65
30.1625
53.3625
59.45
63.7375
79.4375
54.9625
40.7875
35.45
34.4875
51.225
58.35
34.6125
15.175
31.59375
56.575
64.5375
70.4
56.8
39.225
32.2125
32.2625
53.075
60.375
37.975
21.85
40.684375
46.6375
50.1
65.825
61.075
56.3125
44.775
39.7125
35.2125
60.5375
61.5875
54.9625
24.253125
28.8625
59.35
60.9125
39.85
32.8125
25.4625
23.575
39.8625
68.275
69.225
61.625
57.903125
46.5125
44.2625
32.7125
31.9375
21.2875
21.8625
20.2375
19.975
25.6
19.3625
7.525
10.96875
22.2875
19.4875
23.2375
26.6625
21.9
18.9
19.775
26.025
39.6875
24.0875
17.325
26.0375
33.8
42.775
69.3125
62.95
45.8625
37.8375
39.1625
41.625
48.575
44.3375
28.475
45.14375
61.4875
52.175
60.25
42.9
36.125
33.075
44.8
46.325
59.25
52.125
27.175
42.6375
32.2875
40.7375
47.8125
49.65
39.625
28.7
38.9125
77.7
52.8
33.9625
41.1375
46.10625
58.15
78.5375
76.1875
32.2875
23.1625
21.0125
25.325
45.4625
66.5375
43.225
25.2125
35.26875
27.5125
27.2875
44.0375
57.725
49.175
42.05
48.275
51.925
58.7625
54.1375
48.3625
50.75
61.0875
53.5
34.95
23.6
17.8
13.65
13.7125
25.7125
40.1875
31
32.7125
40.671875
36.6875
42.3125
58.1125
36.8
24.6625
13.8375
16.75
28.525
32.325
24.4125
18.05
17.61875
22.6
43.6125
43.325
34.8
28.1625
20.7125
23.5125
28.3375
43.225
26.825
20.4625
21.55
27.975
67.475
69.1375
45.325
38.75
38.275
40.9875
62.1
52.8375
47.325
50.5125
73.009375
90.8625
116.1875
63.55
48.1625
42.4125
56.675
42.7375
71.8125
61.9125
49.3875
59.3375
74.2875
92.25
102.7375
103.7375
65.1625
47.85
45.875
60.4625
66.025
59.125
48.7625
33.25
43.984375
56.4875
55.425
64.4
41.0125
33.4125
31.225
44.975
60.8375
67.2625
59.8625
64.175
81.29375
87.3875
79.325
64.375
36.0625
27.6375
29.675
25.275
28.275
36.65
37.275
23.05
37.16875
40.95
38.475
36.025
24.025
18.6125
15.675
15.925
15.475
25.375
39.775
22.875
21.4875
23.475
29.675
32.75
30.45
30.1375
36.25
35.7375
28.4
41.55
33.95
26.7
35.371875
43.2375
58.75
56.95
47.9125
31.675
36.3125
38.5
36.6625
35.75
39.025
48.9875
72.803125
87.6625
102.4375
80.6125
46.2875
43.9
38.5125
31.525
34.5625
59.25
57.4125
30.0625
66.79375
75.6125
81.4875
70.4375
46.15
43.1875
37.4875
34.0875
36.3875
45.0375
30.2125
23.1125
22.4875
29.225
34.7
36.95
38.1
33.275
29.3375
30.375
25.525
25.4875
25.225
21.3625
24.64375
27.725
32.6
30.475
30.275
27.025
27.1375
30.4875
27.0625
31.3875
40.5375
36.2375
34.99375
38.8625
41.8625
41.1
30.05
29.3
23.3625
21.0375
29.4625
41.125
48.25
53.5375
69.609375
76.1875
69.7625
54.2
44.5375
43.8625
39.6625
48.225
64.7
60.8625
49.6375
47.9625
53.121875
46.8625
61.8
55.625
46.4875
41.25
39.15
50.046875
73.3
50.1625
58.8375
61.1125
75.6125
79.4625
93.825
63.8125
40.125
32.3125
25.0625
26.7375
35.2875
42.2
41.9875
36.975
40.49375
50.05
67.3375
54.975
48.9125
44.625
32.1
38.3
41.1375
40.325
44.25
29.5625
55.153125
60.85
49.925
50.675
37.4625
35.5625
34.8
32.7
46.2875
56.025
41.1
34.95
40.934375
52.6375
58.95
58.3625
41.7875
38.5125
40.3125
44.275
43.2125
38.1
33.35
32.25
36.553125
46.375
72.0125
52.4125
51.025
48.875
42.0875
32.8375
44.9625
73.9
61.4625
66.8875
84.56875
38.9125
40.625
44.2
59.6
72.1625
79.7125
79.475
82.3125
65.825
39.5375
34.975
36.578125
42.2375
37.3375
46.4125
46.375
44.025
44.5625
52.6375
80.25
91.8
92.1625
109.9625
134.1687509375
140.78749625
100.3875
85.2125
69.275
43.1
52.45
51.625
63.4
72.325
45.425
37.5875
37.83125
40.9125
41.425
28.3375
28.55
37.925
26.525
23.95
19.1
30.5625
43.8625
49.0625
46.99375
50.225
47.925
34.8625
23.5125
25.15
24.6125
38.33232421875
40.1927043914795
40.1999715015292
40.1999998886779
40.1999999995652
40.1999999999983
40.2
40.2
40.2
40.2
40.2
40.2
40.2
40.2
40.2
40.2
40.2
40.2
40.2
40.2
40.2
40.2
40.2
40.2
40.2
40.2
40.2
40.2
40.2
40.2
40.2
40.2
40.2
40.2
40.2
40.2
40.2
40.2
40.2
40.2
40.2
40.2
40.2
40.2
40.2
40.2
40.2
40.2
40.2
40.2
40.2
40.2
40.2
40.2
40.2
40.2
40.2
40.2
40.2
40.2
40.2
40.2
40.2
40.2
40.2
40.2
40.2
40.2
40.2
40.2
40.2
40.2
40.2
40.2
40.2
40.2
40.2
40.2
40.2
40.2
40.2
40.2
40.2
40.2
40.2
40.2
40.2
40.2
40.2
40.2
40.2
40.2
40.2
40.2
40.2
40.2
40.2
40.2
40.2
40.2
40.2
40.2
40.2
40.2
40.2
40.2
40.2
40.2
40.2
40.2
40.2
40.2
40.2
40.2
40.2
40.2
40.2
40.2
40.2
40.2
40.2
40.2
40.2
40.2
40.2
40.2
40.2
40.2
40.2
40.2
40.2
40.2
40.2
40.2
40.2
40.2
40.2
40.2
40.2
40.2
40.2
40.2
40.2
40.2
40.2
40.2
49.4375
54.1
61.1375
78.321875
92.525
79.8875
17.3125
8.2625
7.95
7.9125
9.0125
17.5
39.825
39.1875
54.6625
70.34375
89.9375
76.9625
17.3125
8.35
6.9
6.0625
13.725
23.7125
23.9625
34.0625
36.3125
42.25625
54.3125
65.15
74
41.35
25.0125
20.1125
19.86328125
22.4625
34.5375
37.3875
29.4625
29.409375
26.3625
41.0625
47.875
31.5375
15.4625
8.6375
13.525
17.375
19.2625
25.625
27.3
27.83125
32.025
45.7625
29.8625
18.4875
31.6875
16.925
13.425
11.7875
18.85
22.4625
23.375
19.909375
34.175
49.225
33.825
24.6
15.2
9.55
16.2625
23.7875
30.2875
22.45
16.425
19.240625
27.675
32.6
26.8125
23.325
24.475
14.75
18.075
26.4125
25.125
16.5125
10.7875
12.25
16.3875
23.45
19.1125
14.025
14.525
27.9375
29.1375
25.575
28.9375
26.25
18.6875
24.9375
45.95
38.875
32.3875
26.675
18.75
21.9
30.7875
32.1375
30.525
33.6125
25.7375
26.884375
40.4375
50.45
45.6125
44.7125
32.371875
31.3031127929688
31.3000121593475
33.9125000238419
40.4375
27.6375
22.1125
25.43125
28.3375
35.825
34.875
37.525
37.3875
27.9
24.65
20.1125
31.2625
37.75
26.9
33.20625
48.7625
56.225
40.8125
46.1
27.4875
32.15
30.175
34
43.525
30.225
24.2875
26.715625
34.075
37.0625
34.5
29.975
40.4
34.15
36.4875
34.6
42.4
35.3625
27.2
25.971875
32.4375
56.7
58.2
48.975
31.725
35.9875
34.45
43.475
46.5375
29.0625
23.8875
20.08125
25.825
50.0875
46.7625
37.75
40.1125
22.45
26.45
29.425
27.1375
35.275
28.325
33.65625
39.4875
39.125
27.7875
22.6375
24.025
33.2625
34.575
31.0125
38.2875
51.5625
44.9
72.803125
82.4625
62.8625
25.825
25.2
25.8625
25.625
26.2875
27.0125
33.575
40.7
36.725
31.73125
43.25
37.425
31.0125
25.175
22.25
24.2
25.275
24.3375
26.975
29.175
24.3
36.98125
44.85
51.6875
34.5375
34.5875
30.35
38.0375
33.45
42.2125
56.7375
47.6
46.7375
62.815625
63.8625
65.7125
34.4375
32.5625
37.2
36.6
33.346875
42.675
57.2125
45.1
35.025
37.23125
36.375
42.4125
26.7375
25.7
25.575
27.75
33.6375
39.55
50.175
44.125
42.65
43.871875
46.3
49.0375
26.6625
36.65
23.225
17.925
22.3375
19.625
23.45
33.675
28.625
28.36875
32.55
36.9375
34.6125
32.8875
27.3
25.9625
27.525
29.9875
29.9125
25.775
23.6625
25.63125
39.7875
47.3875
41.525
25.0625
21.7375
23.5875
25.1375
34.1375
49.1875
44.55
36.675
55.20625
55.9875
42.075
40.375
28.425
21.9625
23.1875
45.10625
63.25
57
50.25
42.2375
40.459375
67.225
73.3
26.2375
19.4
16.4625
17.2875
22.975
27.1375
41.525
44.675
23.3375
18.684375
30.6875
33.45
22.3
23.1875
18.95
16.275
34.3875
48.9375
31.8
25.35
24.225
36.81875
51.6375
42.0125
23.25
17.45
18
20.425
22.5625
27.925
34.35
36.975
31.275
20.7125
28.0125
34.275
23.3875
18.625
15.4
10.85
13.3
14.4
15.5
12.25
9.275
17.915625
17.1875
20.5625
31.1375
23.2
16.5625
10.7625
15.475
14.0625
16.7375
17.875
16.4
11.83125
18.1375
40.875
38.5375
23.77421875
23
15.45
12.7875
11.325
19.5
17.7
11.6875
15.88125
17.075
27.8875
34.8625
21.1125
16.4875
19.6125
16.2875
24.2875
37.825
23.55
12.5125
15.321875
19.1375
34.825
33.525
23.875
17.3
20.0375
15.3875
17.7625
27.125
28.4875
35.75
22.190625
28.3
28.5
33.9875
19.1875
16.3375
25
18.5578125
22.25
26.1125
29.3125
19.9125
21.253125
31.4875
51.7125
45.45
29.9625
26.475
28.05
26.55
17.075
19.375
13.475
7.05
10.484375
15.9
27.0625
48.625
18.475
10.85
12.8375
10.7625
18.675
11.6125
13.1625
11.0875
20.7875
20.5625
22.8375
23.825
27.8375
30.1875
20.9125
25.075
36.075
44.1125
60.1875
45.025
45.884375
39.3125
40.3625
44.85
31.7375
26.375
29
29.1625
29.175
34.125
25.5125
24.5
38.084375
53.2875
55.525
48.0125
44.7875
40.075
32.3625
37.6375
32.85
43.6125
29.975
20.525
20.1375
28.7125
40.4375
48.5625
49.3625
38.4375
33.2875
30.4125
45.85
49.7125
50.175
54.1625
60.70625
66.6
59.5
39.375
19.65
15.1875
29.425
28.7
32.2
32.8375
32.1875
23.075
24.55
28.475
24.3
21.725
20.35
22.625
30.4375
25.0125
31.5375
21.8125
14.8125
15.8
34.29375
47.4625
62.45
41.8125
27.675
24.7125
24.8625
25.625
41.825
49.4125
71.2
63.175
67.95625
79.75
82.0375
68.7625
47.9875
32.5
24.35
25.4375
27.4
43.65
61.2625
54.1125
60.9
74.375
74.4625
46.8625
24.2
22.4875
22.3125
27.075
26.275
37.8375
48.15
34.3375
45.975
58.3125
81.8375
67.8
57.525
36.625
35.475
27.9625
29.925
38.3
36.725
29.5
32.125
42.7
62.3875
31.7625
32.225
33.0625
43.675
46.61875
39.5125
40.825
34.1625
26.1875
28.384375
29.4875
49.8
42.4375
43.7125
33.1375
35.4625
32.0125
31.7375
38.3875
41.6375
31.0625
41.1625
49.475
60.3875
40.3625
32.5125
32.425
24.0375
48.706640625
50.9562744140625
50.8625
56.6125
42.0125
39.975
42.9375
76.575
49.0625
29.75
29.175
33.075
40.1125
24.1
28.325
26.1
19.9125
20.540625
25.0125
25.6375
23.1875
20.7125
19.8
24.05
25.2375
31.575
33.0625
29.2125
21.2125
20.7625
30.2125
31.6875
33.55
26.2125
35.8125
36.6375
38.8
34.6
31.1875
24.7
19.7125
23.425
34.275
36.325
26.3125
23.80546875
21.425
24.7625
29.3375
35.6625
35.225
28.075
18.3
22.9625
26.1625
29.725
24.85
22.4125
19.6375
18.125
18.65
21.3875
24.975
21.45
15.8875
18.975
23.45
47.9125
54.575
35.1375
23.6
19.9125
21.175
25.625
32.6125
30.9625
24.175
22.16875
26.5125
35.875
31.3
25.8625
21.225
20.9375
19.6625
22.675
31.4625
33.7125
22.35
25.803125
25.675
28.6875
28.3125
32.575
24.9875
17.3
16.0375
18.7
22.6
22.2
17.3125
19.975
25.1
29.8625
43.8125
31.1
25.975
31.4125
27.07421875
36.825
25.075
21.9625
19.425
55.096875
83.875
67.575
54.1625
60.2375
53.5625
52.275
72.0625
84.525
92.575
88.775
81.925
79.46875
89.65
104.025
58.825
31.45
28.7
26.9125
33.35
50.375
60.8
56.875
51.25
46.65
47.65
39.125
38.525
24.2875
24.5875
18.775
19.3625
21.75
30.8875
33.6625
23.8125
30.209375
31.625
48.3
51.2625
32.8375
31.3375
27.425
26.4125
34.1125
27.75
25.4625
17.5125
16.3875
26.2625
43.4375
52.1875
38.35
35.2625
36.175
33.775
32.7875
32.9375
25.275
23.05
23.721875
36.5625
38.675
29.8375
18.025
27.175
30.175
53.225
56.075
41.025
40.75
35.8375
47.515625
41.3875
37.1375
28.675
26.8375
18.9625
18.6375
18.8875
19.7
23.6
20.1375
23.4875
39.515625
64.1
52.6625
55.025
36.55
30.2625
29.275
32.35
36
35.2375
31.4875
19.8875
30.840625
40.9625
33.95
35.0625
43.6875
32.425
32.4875
35.7875
46.6375
39.8
29.3875
19.95
19.865625
22.8375
35.5375
36.125
31.275
26.1625
31.1
34.0875
39.9625
46.4
51.6375
53.55
67.434375
87.95
93.6625
91.25
38.0375
24.0875
33.375
50.1125
53.225
52.7
41.75
29.3375
28.828125
43.5125
71.4
47.6875
25.9625
20.5
22.1375
24.725
24.4125
23.8125
20.125
10.3625
11.5
14.4875
23.2125
23.2375
20.2125
16.2375
18.6375
15.85
12.4875
15.1125
18.35
23.15
40.24375
57.775
53.9875
37.1625
20.875
13.5625
13.8875
15.975
20.8125
42.675
47.075
41.2875
38.909375
55
52.95
43.275
40.425
21.775
13.6625
18.7875
21.875
34.225
51.0875
45.375
44.196875
67.29921875
73.1
37.2875
35.5625
14.5375
8.825
14.31328125
24.6125
52.1125
34.4875
36.7625
41.5375
61.2875
68.3375
42.5625
20.1375
19.6
19.1375
26
20.025
35.3375
28.375
17.575
22.759375
20.8625
39.825
30.1625
46.325
33.4625
17.7125
15.8875
19.35
20.225
14.35
8.2375
12.303125
17.2875
39.0375
25.975
19.4375
16.0875
9.325
19.3125
27.8625
39.275
17.225
5.5875
8.340625
13.375
35.6125
50.4375
27.0125
27.8375
17.5125
13.2125
16.575
21.675
17.8375
6.5125
4.065625
8.5875
18.2625
26.9625
26.725
28.725
14.925
11.475
15.9625
28.55
30.95
14.1625
16.15
14.3625
14.35
9.7875
7.675
8.8375
19.6625
25.5171875
30.25
33.5
23.7125
14.25
12.328125
38.0625
75.9
35.4625
8.6
7.3875
6.725
5.25
7.5375
32.5
18.55
13.35
36.05
41.7875
45.8625
54.75
24.475
30.525
50.2
39.5296875
33.4375
25.975
12.5375
18.6625
21.8
25.7875
52.475
36.9
12.65
13.0875
20.6375
41.475
34.975
54.3375
40.925
21.9
17.25
33.8625
22.8
42.4
32.5125
19.5
15.55
24.575
41.3375
62.0125
49.9125
30.175
35.003125
45.65
40.4
28.5375
16.125
13.5625
10.075
12.6765625
19.45
31.8875
39
33.1
48.590625
53.45
48.1125
35.9625
28.3375
22.7625
16.95
34.9125
53.35
86.9875
70.3625
77.2375
92.5625
96.825
90.3125
68.3
22.275
14.975
15.075
21.5
39.125
55.95
53.6125
37.0875
35.784375
64
75.1
70.625
34.125
27.1875
25.825
27.15
32.725
58.575
49.4125
26.7625
19.4875
33.625
36.7125
35.3125
28.0625
21.675
19.05
18.075
54.725
93.8125
76.95
63.5875
70.2125
76.2125
85.9875
56.6125
33.3
27.225
27.4
33.2875
86.075
70.8125
54.55
64.625
61.865625
76.2875
88.05
79.2
47.6125
30.375
33.3
28.9125
34.95
50.8375
49.15
48.8
63.703125
73.0375
82.6125
54.4875
24.4875
22.8375
20.325
31.45
54.2875
71.2
59.4125
64.7375
71.115625
60.8875
45.4
47.8625
29.4375
24.575
30.6125
32.2125
39.475
46.9375
43.0625
35.75
35.840625
38.0625
42.8875
50.65
44.3625
37.125
42.8875
38.3125
54.7
81.2875
89.225
51.825
74.846875
99.0375
83.35
63.175
48.35
48.7875
44.825
41.5
50.3875
78.4375
61.1125
43.975
41.296875
46.45
53.4125
51
42.4625
41.8125
38.25
40.525
54.05
68.375
45.7625
29.2125
32.434375
41.4
44.2375
45.6625
46.225
45.85
42.8875
38.9875
50.7375
69.8875
82.3625
69.325
52.709375
84.7875
103.5625
95.1
50.5625
40.825
38.4375
38.675
51.275
79.175
61.875
43.9875
37.246875
34.2
42.6125
39.0125
30.5125
29.85
31.025
31.2125
32.0125
37.7375
34.6375
31.0125
33.875
39.95
41.35
42.7875
38.4
28.3375
34.8125
35.025
37.9375
45.0875
45.4625
35.95
44.196875
59.2625
77.125
82.1625
78.034375
62
70.275
70.6734375
65.2
64.9
66.55
67.3625
73.10625
102.2875
124.73750125
115.4375
70.5625
56.7625
55.3625
50.1
60.7125
53.3875
50.75
67.625
88.421875
100.075
122.275
96.3625
39.8375
30.7
31.5625
33
64.475
100.2875
85.825
42.45
63.24375
77.625
64.25
50.0875
36.8125
27.4125
32.675
39.15
69.4625
76.025
62.225
33.8625
28.475
41.3125
53.6375
34.4375
25.275
17.3
16.3125
19.2
27.0875
31.625
22.7375
15.55
17.034375
23.3625
28.875
32.875
26.7
29.2625
41.85
32.0625
33.2
48.4125
58.2625
58.8375
49.8375
50.2375
53.7375
46.2625
31.8875
25.9125
22.0375
37.4625
82.0375
101.0125
82.475
82.2
91.35
79.9125
55.725
58.625
40.375
37.5125
54.35
73.2
79.325
75.3125
65.8625
73.5875
83.184375
95.4625
105.175
89.6625
65.7125
65.5375
53.3625
63.0375
69.375
71.7
64.7
68.9875
78.4875
80.4625
85.775
95.6
61.9875
43.5875
37.1125
33.875
52.8
72.075
69.1375
65.8125
66.7625
78.9625
86.975
65.3875
30.75
30.7
23.6625
20.1125
26.975
48.9125
34.05
26.2625
48.453125
37.2
58.85
71.5375
25.275
24.7125
27.7
40.378125
51.3875
58.55
65.3
64.2125
57.7875
72.4625
59.025
46.3125
33.7
19.9
17.3125
20.9375
24.375
48.9
46.175
44.0375
45.45
47.25
51.3375
86.1875
65.8625
35.4
28.5875
31.3875
39.5375
51.725
45.3
41.15
66.528125
78.025
73.95
65.95
35.525
22.0625
19.375
27.7
62.3875
70.525
39.1125
24.4375
38.675
68.4
64.3375
65.4875
34.9125
26.2
27.6375
46.525
56.775
65.875
34.6625
22.675
41.34375
45.925
57.075
58.05
68.525
49.9125
39.975
51.779296875
61.4375
73.3
44.65
28.4875
27.896875
47.875
68.675
69.0875
58.225
54.725
56.0375
46.875
54.975
80.4125
45.8
28.15
33.540625
58.2875
47.175
43.8625
46.175
34.6375
31.4
41.2625
43.7625
48.9
40.3
24.3625
26.81875
32.95
42.025
43.3625
31.225
22.7125
24.425
23.1625
39.525
47.8125
42.65
61.7875
74.89375
75.075
85.175
91.4875
66.775
32.3125
30.2625
29.4375
37.675
44.1875
39.0125
47.45
69.296875
87.85
98.6625
80.3375
65.9125
61.025
58.65
59.0875
59.0875
55.5625
53.675
55.9375
59.890625
61.6
62.0375
62.625
59.575
52.3875
44.1
42.2
41.25
39.3125
21.5625
19.95
26.171875
47.5625
50.1125
50.125
47.9875
51.3125
48.3
47.8
54.6625
45.375
20.05
20.25
27.83125
49.9375
62.875
70.725
63.825
74.4375
77.0125
76.925
82.3125
68.5125
53.8875
56.825
62.7625
72.8375
77.2125
47.75
33.9875
29.1125
35.55
25.25
64.075
54.4375
20.9125
14.0875
13.6125
20.9125
31.3125
30.9375
14.5
14.725
16.7
14.8375
14.775
25.725
33.15
23.7125
38.315625
29.6125
41.2
34.95
11.3125
17.875
34.4875
27.9375
31.9875
51.475
36.2625
13.2125
13.7625
32.3125
46.8625
49.025
46.625
35.775
30.2
32.075
54.475
52.9625
50.35
62.4
72.05625
76.2625
76.3375
75.5375
27.8625
10.0875
7.9625
23.2
39.0125
43.825
15.9375
8.5625
10.40625
26.7625
40.0125
35.2375
38.6875
41.375
52.2875
56.4828125
42.7125
43.125
14.5125
12.475
24.7625
54.225
67.275
68.2375
34.375
26.3125
24.175
45.6875
68.1125
57.2
49.0375
53.2875
62.996875
61.65
51.125
50.325
29.925
25.425
27.8
23.0625
50.325
33.9625
20.3
21.1875
41.328125
59.775
57.175
57.2125
28.475
10.4625
11.9875
13.775
22.6
37.4375
40.875
34.8375
45.16875
61.8625
52.9125
37.7
23.2
11.65
7.925
14.4125
45.0625
50.7625
38.9375
43.6625
59.4125
68.175
75.175
64.7375
46.225
50.0625
47.825
43.425
50.7375
56.425
45.5375
47.1875
52.6125
59.8375
66.025
56.15
38.1375
39.4625
22.2375
24.3375
44.9
51.9125
13.3625
8.7
11.384375
16.25
28.45
30.475
51.7875
17.8
22.2875
21.45
31.875
41.275
11.575
5.4625
10.103125
31.15
40.6125
44.1625
55.725
36.5375
20.4625
17.8125
23.05
22.075
3.75
2.5875
4.9
12.2125
22.9375
25.5125
19.75
26.5375
29.8125
33.975
39.7625
40.075
13.8875
6.3375
10.775
30.4875
47.2875
44.375
50.625
36.4375
23.3
41.0625
45.0375
55.3
28.65
6.6375
6.396875
14.175
15.9125
15.9
10.6625
8.4375
7.025
6.15
21.825
21.725
13.3
6.0375
12.63125
22.8625
19.075
35.625
15.0625
12.1875
23.35
27.8625
50.6375
39.0375
9.225
4.6
9.5
23.2125
38.05
32.2625
40.0625
32.8375
33.65
51.4140625
52.0875
56.4625
38.75
14.9875
12.9375
15.9125
27.7375
26.2875
15.325
17.7125
9.9125
12.825
17.3875
19.9375
11.2375
3.7375
4.8875
17.9375
25.5
44.6375
55.1
56.825
32.5625
23.3375
43.6375
52.3875
15
6.6125
8.265625
37.6
60.475
71.7625
36.8125
9.9375
13.1125
16.6625
46.2
59.8125
28.5875
23.9875
35.0875
49.975
54.1375
62.45
56.475
31.5375
47.85
32.825
39.75
40.4625
44.5
43.9875
53.771875
57.5375
67.125
65.0125
51.7125
28.8875
28.7
34.65
61.6625
55.725
48.0875
51.0125
59.11875
59.925
69.4375
71.275
54.25
31.2375
32.6625
58
66.1125
58.3125
49.4625
53.625
49.690625
59.1
62.5375
62.725
40.6875
21.3375
19.725
21.5125
39.3375
48.7625
26.1125
17.0125
15.590625
15.9375
27.475
43.575
53.3875
39.1125
21.9
35.7375
45.3375
43.4875
38.55
19.575
16.846875
42.25
53.5125
50.0375
58.3375
44.875
34.35
33.5125
44.9125
41.075
9.2375
3.7375
6.396875
17.3875
27.7875
15.3875
18.8375
31.125
36.4375
38.125
33.1375
24.625
6.95
3.45
6.1375
15.025
32.1375
30.9
39.3125
23.7625
16.875
38.9625
50.275
41.7375
9.775
3.725
8.51875
18.775
30.025
33.8
28.0125
26.1125
42.075
39.75
35.9125
16.45
7.225
3.7375
5.88125
23.1875
35.9875
35.375
39.15
34.6
30.7875
38.3
52.6875
49.3625
25.125
14.1375
12.828125
28.9625
37.95
48.1625
42.95
33.3125
26.0625
47.075
62.0875
59.325
51.2
38.9
33.45
61.9375
47.65
30.8375
20.425
15.025
8.425
13.7359375
33.6875
62.75
30.3
18.4125
22.171875
37.8625
37.5875
48.65
46.35
37.525
29.1
22.1
32.1375
20.5125
11.5375
6.9
8.265625
10.975
13.6125
16.4875
14.1875
12.4875
11.35
20.575
42.025
43.375
23.0875
12.95
10.925
46.325
21.35
45.3375
46.625
28.6625
25.5375
14.50859375
12.4625
12.75
11.525
10.6625
17.553125
24.575
15.8625
13.6
16.2
12.175
12.4625
13.95
9.8375
6.925
3.7375
2.3
2.875
3.525
4.9875
9.575
9.8625
8.7
9.575
11.3125
19.1375
15.65
10.375
15.2875
25.29375
38.425
47.275
13.9375
18
20.3375
23.875
35.6625
52.45
58.2375
16.4875
6.325
10.846875
22.6125
44.9
43.325
26.7125
32.45
32.175
32.1875
30.0625
25.375
11.3
9.525
15.840625
29.825
31.5875
27.0125
34
35.025
39.9125
45.3625
50.8875
40.7125
15.6375
6.9
6.696875
16.2375
28.375
24.65
23.775
33.925
28.4375
30.375
28.825
30.2
7.55
3.45
5.03125
10.7125
29.375
36.0875
46.9125
25.925
46.425
45.6625
42.4625
44.3875
21.4
11.6
14.63125
35.475
43.6375
37.5125
38.75
34.6875
20.4625
12.55
11.3375
12.825
9.275
4.025
4.578125
16.2625
27.4125
18.9625
24.5125
22.75
37.5625
44.2875
60.8125
63.775
50.5625
53.45
54.346875
63.3625
53.9375
32.4
33.2
26.525
25.5375
26.95
58.5875
55.9625
20.1375
14.2875
16.6
15.8125
20.05
23.6625
28.7
28.0875
32.3375
35.35
34.6125
29.025
19.125
17.025
21.059375
31.675
46.15
62.05
64.987890625
56.1373046875
38.5125
48.9875
49.5375
45.4
28.4375
24.925
19.465625
24.925
27.8625
37.6875
35.0625
27.7125
29.1625
29.375
31.875
27.1
19.275
15.25
18.234375
24.8625
39.5625
39.45
26.575
38.625
35.6625
35.3
30.5375
24.9875
14.9125
16.4125
23.8625
29.7875
47.2125
54.2125
70.075
38.4875
31.3
39.3625
47.975
44.4375
20.025
16.4625
25.559375
26.3
23.0125
34.3375
37.15
36.275
41.9375
68.9125
76.35
61.775
40.9
45.875
55.778125
57.9625
60.85
66.9125
63.3875
47.9875
39.1
34.40859375
43.175
37.4375
23.65
16.0375
24.578125
34.3875
44.95
67
70.425
62.6
61.875
72.7875
75.7
64.575
48.4375
52.9
59.809375
58.0875
66.95
68.8875
51.85
31.8125
39.15
46.325
50.125
54.25
36.6
23.9625
34.13125
29.9375
35.3125
33.1375
43.5875
41.2625
37.15
42.1875
52.875
41.2125
21.3
17.3125
18.715625
28.5
39.45
45.4625
52.525
37.925
32.4
32.125
33.675
26.5875
18.5875
16.2
23.615625
27.9375
29.3625
41.4875
38.425
30.3375
46.5
54.3375
58.45
51.2625
33.1
27.9625
42.33125
60.725
63.4875
73.5875
52.475
59
56.1375
53.1625
48.75
45.7875
38.8875
42.95
51.38125
56.6875
66.7875
64.5875
64.25
56.125
44.9625
50.9
63.1125
54.0625
47.825
50.8125
66.49375
71.925
72
81.5125
93.2625
86.1875
75.825
63.7875
64.4125
73.35
53.9875
53.1375
53.94375
59.1
63.275
59.625
60.575
57.6625
60.8125
59.9125
68.3
63.4125
60.6125
58.075
51.19375
58.3125
47.05
52.4375
64.65
62.425
60.4
55.2875
42.35
29.75
25.775
15.8625
28.6375
41.8875
41.85
51.5125
49.325
38.625
39.575
44.375
39.6125
33.55
35.175
37.175
40.13125
46.3
53.4
51.375
56.6375
47.6375
38.9625
42.125
45.3375
42.425
40.9625
44.325
49.125
55.525
65.0875
70.0375
65.275
52.225
42.675
75.4875
81.65
73.7625
69.6625
71.0875
76.525
80.3375
78.9625
78.6125
78.1125
75.425
67.025
65.3875
73.7125
76.1875
67.5375
67.2875
79.328125
82.9875
83.6375
84.925
84.475
67.075
60.2
73.025
87.2375
75.0125
66.3875
76.2
86.61875
97.35
92.725
84.925
101.8375
93.85
108.0875
126.60000125
86.2
62.4625
57.45
67.3875
72.34375
