"x"
107.50000125
111.55
112.45000125
152.35000125
127.37499875
124.45000125
116.5375
138.09999625
100.46250125
77.725
29.825
44.2
78.675
67.1875
87.0375
130.85
93.2625
95.79999875
121.17500125
122.0375
142.4000025
100.91250125
39.9875
38.58125
51.675
78.4125
96.7625
116.59999875
71.4125
52.85
64.2125
67.975
100.775
108.03750125
68.475
56.79375
95.6625
95.5625
69.8375
61.425
71.675
54.6875
71.875
115.08750125
136.00000125
86.95
70.2875
89.2
109.6875
93.3875
61.3375
40.45
37.65
27.975
30.025
29.35
47.925
45.6125
28
31.603125
46.1875
51.8125
43.9625
36.7125
33.575
36.4
34.3
33.8625
57.3
78.4625
49.8125
45.29375
56.1375
38.4
50.2875
41.775
39.9
50.2125
46.85
52.5875
60.9125
41.425
23.275
24.3625
32.4
67.225
88.775
60.075
61.75
66.7875
64.61875
49.675
45.4875
30.6125
12.7875
11.2875
24.45
48.0125
68.7
71.0625
60.475
65.6875
50.0625
49.8125
51.81025390625
49.6375
18.9625
22.303125
48.2875
72.2125
76.7375
80.3375
73.5625
58.375
70.3875
85
111.5625
76.55
41.775
37.496875
74.6625
38.2125
81.7125
101.73749875
87.7
84.225
74.325
78.2375
94.3
64.5625
31.525
55.5875
99.625
106.6
120.56250125
84.5625
89.9375
79.95
54.2625
60.375
88.5375
123.4999975
104.725
112.6125
136.9375025
143.41250125
151.9125
134.6624975
92.5875
86.3125
114.05
133.1374975
129.78750125
121.67500125
98.7375
106.03125
136.23749875
145.95
134.91250125
141.52500125
108.2125
107.99999875
123.6749975
120.11249875
133.8999975
96.675
61.8
63.003125
71.45
91.4
102.3
117.73749875
108.05
99.3625
96.3625
101.6
88.2375
65.6375
53.3375
58.534375
68.8
75.75
87.8125
121.875
114.38749875
80.8875
97.4125
94.3375
78.7125
65.3625
58.9375
51.709375
57.4125
72.1125
85.7125
95.725
94.9125
93.675
93.0125
98.725
105.8
76.4
67.025
56.475
74.675
106.8
144.32500125
93.8375
76.55
93.3375
112.075
115.7125
125.01249875
88.5375
79.75
87.234375
105.9125
88.55
86.2875
74.4625
68.1
51.3875
34.4
64.9125
83.025
61.7625
58.5125
85.221875
73.2125
71.075
75.8
55.1875
40.3
35.8625
33.4875
29.275
27.7
17.4375
14.375
29.05625
40.8
47.5125
72.025
55.675
44.95
44.8375
40.975
57.1875
79.625
49.675
44.25
68.996875
84.9625
99.275
101.4
124.4437478125
93.03437484375
82.55
85.0875
95.8625
117.33750125
84.8125
70.475
84.046875
79.775
90.3125
102.8125
87.775
78.05
67.9625
59.7625
74.7125
77.8875
58.275
34.7
34.35625
78.55
84.1375
97.5625
75.65
65.8625
64.35
62.6875
82.7375
77.6875
47.8875
48.1
64.096875
79.4125
88.1375
86.2
91.6
73.4375
67.4875
75.75
89.675
104.925
62.8625
55.925
85.240625
97.9125
96.8375
88.825
56.5375
39.2625
41.1375
35.275
38.8625
52.075
22.45
20.3125
27.084375
33.5625
41.775
60.4375
55.35
56.1125
46.85
42.975
44.7125
42.9875
41.7625
47.9375
66.8625
81.7375
101.5125
73.2
71.525
55.7
79.3
87.05
98.69999875
104.4
90.1125
100.0375
124.42500125
118.02500125
95.5625
79.7875
56.0625
36.95
36.4875
38.9
43.1
53.875
18.2125
12.9609375
15.3109375
21.125
32.175
44.8625
45.7875
44.2375
55
61.65
80.25
78.7125
66.325
65.7375
80.025
87.4375
98.0125
94.4625
102.7625
117.7375
78.175
85.6375
114.8375
105.9125
36.0625
20.775
34.69375
64.95
76.075
81.9
85.925
69.425
91.7625
91.6
133.38749875
156.07500125
77.8375
70.85
86.465625
87.8625
87.1875
70.55
43.925
37.8
36.15
28.5375
28.875
32.65
24.125
20.65
25.215625
32.9625
43.8625
50.3625
72.5375
71.525
56.7875
66.9875
64.2
75.56249875
64.975
53.4125
76.215625
25.3375
19
29
26.825
24.7
25.9
26.4375
37.2
22.2125
9.6875
7.0375
16.578125
27.8375
47.75
108.02500125
134.7625025
147.87499875
160.0374975
161.0625025
156.8625025
103.36249875
33.75
24.6
56.759375
58.8125
62.275
74.025
74.5625
57.175
52.9625
52.6
61.775
49.2
18.5625
6.225
16.96875
36.9125
54.5375
86.0875
88.025
73.765625
69.7
94.13749875
107.325
93.375
47.65
51.025
68.965625
107.7875
114.88750125
150.36249875
163.77500125
116.60000125
98.1375
123.26250125
163.8625
164.33749875
91.7375
85.475
99.69375
140.57499875
151.25
190.7875025
146.7499975
114.5125
114.125
138.675
145.61250125
136.7
106.19999875
72.0625
91.85625
100.75
98.4
103.825
103.49999875
117.08749875
114.43750125
91
73.2375
51.5875
35.05
46.175
68.6625
72.4
89.25
103.1875
142.98750125
123.46250125
123.2125
116.275
114.325
61.7875
52.4375
36.55
67.025
91.225
99.75
137.15000125
144.39999875
111.46249875
145.08749875
166.7999975
159.4125025
123.0124975
61.4
60.0125
92.8875
111.05
100.05
105.08750125
93.625
76.675
77.4375
81.125
96.725
101.625
69.5
51.625
55.53125
87.0375
95.1625
100.6375
98.0125
77.3875
76.0375
71.775
84.25
58.5
19.7875
12.7625
22.671875
53.35
86.325
100.4625
103.4375
82.3625
52.0125
48.4625
68.0375
63.3375
35.2
18.8125
21.934375
31.8375
39.6
52.9875
52.1375
59.125
57.5375
62.825
133.6
172.8875
98.9125
71.5
98.53125
91.2875
44.75
45.425
65.9625
53.0625
53.2875
58.0625
57.05
39.6375
28.225
45.2625
67.46875
68.9375
74.225
74.7125
70.1875
55.525
55.725
53.0625
65.4125
56.6
28.025
38.2125
35.671875
39.7625
41.2125
50.825
53.9
52.1875
48.9125
52.1125
56.05
51.4375
30.4625
25.775
31.64375
39.0875
44.7625
55.7625
73.9125
55.525
59.275
53.45
74.65
56.1375
31.65
20.4375
50.23125
48.1
56.1
74.3375
65.85
62.625
51.175
58.8
73.0125
64.9875
18.925
8.7375
18.175
29.475
42.3875
47.6625
52.6125
54.3
55.9
80.05
103.5125
84.5875
57.825
23.6125
44.60625
72.925
80.825
106.5875
151.88750125
94.5375
76.2
60.8875
48.2125
28.425
10.7
3.85
10.290625
15.975
23.2375
34.325
49.75
54.2125
61.975
52.6875
57.675
49.15
27.75
25.425
37.43125
45.8375
51.8
76.5
61.25
55.95
44.25
35.3
28.5125
17.9625
6.7
4.175
8.8625
14.0625
22.875
36.2625
46.8625
38.85
41.525
46.8875
54.25
40.4125
14.8125
6.775
12.303125
27.15
29.225
54.975
79.3
69.6625
53.50625
74.3375
100.7625
102.92500125
50.6375
26.125
32.56875
33.3375
32.525
58.2625
87.2375
77.0875
93.4875
104.22500125
141.77499875
126.0875
75.3625
58.125
76.828125
75.2625
82.4375
70.725
75.625
60.8125
55.45
49.9
50.9375
37.0875
15.4125
6.025
12.078125
24.0125
34.8
48.325
58.8625
53.6
49.3375
68.9
62.6875
65.4625
27.5125
22.725
38.134375
53.3375
60.5625
63.6
68.475
43.475
41.35
36.5375
35.2625
37.925
19.3375
11.9875
15.540625
23.8125
29.2375
33.3
35.7375
39.9125
48.825
48.5375
53.4625
65.3375
84.625
51.9625
55.0375
97.42499875
104.0375
101.35
73.325
67.35
67.7625
62.4
67.0125
43.7875
26.2375
18.525
30.015625
87.2625
94.2875
84.125
109.075
82.65
82.4625
74.85
84.025
71.95
52.975
51.3125
61.121875
71.65
72.9375
87.9
110.0875
92.0875
89.4125
78.875
104.2875
76.1375
47.0875
35.675
49.04375
55.175
73.45
71.2625
75.325
48.025
28.475
30.3
31.575
25.5375
28.1625
19.6875
18.45625
37.2375
54.7125
102.6125
113.82500125
107.725
115.63750125
92.925
91.825
97.4125
72.3375
60.1375
73.48125
107.35
121.44999875
144.6750025
156.35
137.41249875
128.3499975
115.2375
110.49999875
109.55
81.4625
64.2875
77.05
86.3375
89.0625
93.4875
96.275
99.8375
90.2
83.7625
73.3
75.0875
68.3625
55.2125
65.940625
85.025
98.03750125
102.25
107.525
121.275
148.22499875
163.0750025
182.3375025
153.0125
126.9125
112.4625
126.7125
158.9874975
152.1375
159.55000125
86.9
76.4125
78.3
98.5125
108.9125
119.525
73.7875
61.9
80.496875
97.775
103.625
127.18749875
124.95000125
121.475
121.925393085938
129.626220737305
118.55000125
114.31250125
74.7875
63.65
71.125
104.75
121.06249875
149.7624975
130.13749875
138.0499975
134.20937625
151.325005
155.16249625
151.7875025
113.99999875
94.425
117.1781225
132.2
150.800005
151.6250025
170.2250025
177.25000125
161.7874975
163.2249975
146.81249875
112.275
70.6
66.8125
85.90625
112.35
101
150.2875025
226.71250125
106.14999875
73.7375
101.2625
103.54999875
91.4125
55.2
49.1375
57.38125
82.1875
104.93749875
114.66249875
85.95
78.675
74.525
66.3
78.075
73.9375
48.0875
53.05
55.921875
71.3125
103.71250125
117.0375025
135.81249875
114.78750125
129.3375
136.8375
110.4625
80.6875
76.1
63.1375
99.903125
120.51250125
134.7749975
128.20000125
148.65
142.44999875
117.9625
109.7875
102.875
73.7875
55.5875
59.3
72.3
63.2625
80.575
93.0625
120.05000125
119.18749875
95.8625
132.225
166.22500375
125.7625
105.475
79.6375
102.01875
95.65
81.2125
92.3
90.675
89.05
89.45
104.4
94.3625
79.525
69.13125
76.4125
159.534375
253.5
242.8999975
208.58749625
187.3375
157.72499875
141.7
172.6125025
156.2499975
141.96249875
140.0875025
148.4750025
153.4343790625
181.95000625
212.4
195.37499875
146.8125025
90.475
77.35
79.8125
88.325
59.3875
26.8875
14.034375
21.284375
44.65
44.6
40.225
57.975
56.075
56.8
44.5
55.1
39.3125
37.7375
34.8
69.51875
98.9125
116.26249875
140.26250125
153.72499625
144.4875
90.8
101.5375
99.8
82.4125
70.6875
74.375
87.821875
37.95
53.6375
64.3375
57.7
63.2875
60.1125
77.525
79.5125
97.42499875
44.8375
50.0625
77.5625
79.075
104.5
163.012495
148.2249975
95.7125
69.475
79.8
94.675
101.1625
43.25
27.3
36.471875
41.375
45
62.2
76.575
52.9375
62.159375
64.275
82.675
89.1625
42.825
26.2375
32.121875
42.5375
54.6375
88.5625
125.8999975
116.4250025
124.9749975
154.7374975
121.9875
95.5625
56.8375
30.475
26.065625
46.1625
41.875
74.9625
80.525
78.6625
76.3375
85.4375
113.8625
87.6625
32.5625
22.3
29.4125
52.05
47.375
71.1125
108.55
116.34999875
109.36250125
92.0375
85.9375
63.1
55.9625
53.1875
66.796875
73.1875
66.3125
78.15
84.7625
75.8
79.6
83.6
77.625
81.5375
76.4375
61.25
71.38125
86.2875
91.325
105.7875
104.45
78.275
84.1875
91.55
103.9875
126.5375
74.7125
73.5125
83.2625
92.475
100.0125
135.9
121.67500125
69.4375
70.1375
91.84921875
106.62500125
107.475
61.4375
54.375
85.340625
112.25
117.1625
156.6125025
178.7750025
139.01249875
155.90000125
120.53749875
148.6875025
123.8875
76
58.6625
71.61875
83.625
93.1625
103.975
120.0375
109.1875
111.7
94.05
102.425
78.1375
43.6
25.4375
37.33125
50.4375
68.45
99.9
102.675
99.9125
90.725
86.0125
87.75
77.4625
46.475
48.0625
51.4375
53.375
59.425
74.4125
71.9375
58.825
49.675
48.6875
43.15
38.7375
26.775
39.825
60.5625
84.325
120.05
125.35
124
141.12499875
96.375
118.86249875
117.7499975
108.92500125
103.7125
78.825
71.396875
91.5625
106.875
120.40000125
154.187495
138.625
118.8125
149.15000125
140.8000025
104.775
48.5875
16.4875
32.3
66.025
76.2625
102.6
107.85
112.025
117.01249875
154.35
136.06250125
127.0124975
63.8
24.9375
25.015625
41.475
47.8875
80.175
71.25
102.53750125
71.575
104.5375
90.1875
105.525
79.7875
61.3625
81.6125
66.9
78.2
97.0875
130.7875
94.9
78.0625
71.4375
72.725
71.0875
56.725
46.6375
50.6875
76.4125
103.4
138.27500125
131.3125
102.575
72.4375
71
77.825
104.4125
71.0625
38.7625
62.321875
95.2125
112.6
133.3749975
160.2249975
139.68750125
95.5875
103.875
132.65000125
133.3250025
97.31250125
38.1125
38.478125
49.4125
62.7625
61.2375
72.65
81.4875
89.5875
87.6875
80.5875
75.6875
57.0625
38.3125
41.35625
65.475
82.975
87.125
84.675
77.125
71.809375
65.8625
68.025
82.7125
64.325
38.9375
35.0125
48.4625
68.225
67.7125
61.2
60.5375
53.8375
48.225
49.6
41.5875
40.525
31.3625
30.125
41.075
53.2
59.3
71.5125
57.0375
69.3125
54.3
54.5
55.875
41.85
26.2125
33.715625
54.325
70.9125
80.275
72.375
53.975
60.175
75.975
106.2125
125.025
100.9125
59.95
76.18125
99.2625
132.45
140.0500025
119.2124975
75.625
76.7375
66.275
83.875
117.43749875
73.0375
37
38.409375
63.825
102.5875
95.95
105.49999875
63.4875
59.575
58
64.85
104.81250125
64.2125
20.3875
23.7
43.0625
62.45
112.8875
87.53750125
67.85
97.01249875
88.775
141.7125
166.9500025
102.7625
50.275
59.809375
88.1625
101.0875
131.21250125
108.225
70.15
57.8375
73.325
71.125
76.6375
44.0875
27.840625
23.6265625
41.9
38.65
71.5125
99.25
96.7
128.2874975
115.03750125
96.5
97.5375
66.125
41.1625
30.365625
60.925
86.525
105.5375
98.875
67.675
64.55
75.525
80.0625
72.975
63
35.7125
35.55625
47.0875
69.7625
123.31249875
135.10000375
102.4375
106.47500125
131.8375
130.91250125
134.3875
87.6375
55.3625
64.453125
87.25
88.925
104.9125
81.325
70.2625
68.8375
101.65
150.56249625
123.67499875
75.5375
33.9
43.99375
76.8875
96.875
131.650005
136.63750375
162.23749875
145.42187375
119.1875
106.525
97.3375
67.1125
29.6125
29.234375
48.55
55.85
72.45
67.4125
57.5625
39.325
63
60.7
77
48.4125
22.9
24.39375
49.05
69.0125
88.1375
63.475
74.175
66.3375
74.9375
78.7875
71.8375
32.9125
11.425
13.8125
27.325
46.1625
49.2375
49.4375
56.4125
45.8125
40.15
29.35
30.675
26.375
15.05
15.021875
22.5125
23.875
48.3125
65.8625
57.4375
63.825
67.75
63.4375
53.75
35.7
16.4625
22.415625
55.05
89.3375
129.15
103.3125
84.775
104.3125
137.71249875
136.5875025
141.29999875
105.97499875
89.6
95.828125
120.61250125
127.88750125
142.7875025
134.475
110.6125
100.525
86.225
88.5125
103.75000125
75.6375
52.425
46.878125
49.25
57.1375
78.3625
91.225
64.7875
68.3125
67.7625
69.65
71.35
43.375
21.75
14.996875
28.6375
41.0125
53.825
65.9875
60.625
52.775
56.5
57.35
54.8875
27.9375
11.875
16.0625
25.025
27.275
42.525
49.9
47.975
45.575
56.95
81.0375
97.2625
67.9625
54.475
46.43125
80.6875
92.725
108.05
92.4125
73.4125
97.82499875
96.575
97.825
87.3125
77.1375
66.175
83.6375
104.275
125.125
117.6875
104.8375
62.9875
74.775
80.775
84.6625
75.5375
66.2
53.8375
68.91875
85.5875
97.6875
102.3375
106.9375
100.475
110.725
138.35
188.04999875
151.025
118.4875
88.4875
107.175
137.6125
134.8875
165.9375
189.650005
171.63749625
154.7874975
128.90000125
120.85000125
135.925
115.9875
67.65
80.678125
105.2
117.8875
155.6125
151.56250125
110.6624975
78.925
87.2375
100.28750125
107.425
92.2375
64.85
74.4
98.9875
120.5374975
128.1125025
87.0125
62.575
72.55
84.0125
59.3875
60.2375
56.3125
45.675
41.728125
48.45
51.775
53.225
49.975
40.35
32.9375
30.1625
20.9375
30.2375
25.75
16.3375
22.928125
30.0125
39.2125
43.55
43.8375
45.875
41.675
53.5375
49.3
51.4625
52.1875
46.5
54.375
