"x"
81.9
99.8
89.8
91.9
127
112.5
125
132.10001
110.9
103.2
114.2
129
131.3
117
91.9
94.9
77.7
76.8
77.2
88.5
140.8
133.60001
159.8
145.2
178.5
139.10001
134.39999
143.3
166.60001
194.8
146
116.1
148.2
157.89999
167.5
123.2
115.6
91.3
107.7
107.6
121.3
112.8
105.1
132.2
129.60001
168.3
106.1
120.2
124.4
84
105.3
100.9
133.7
117.1
117.4
149.5
113.7
157
160.5
135.89999
113.5
155.39999
125.9
142.89999
153.10001
79.8
75.2
86.6
107.1
99.5
92.7
109.7
95.5
91.2
95.9
88.3
96.2
68.6
47.8
38.3
31
31.3
33.8
37.5
28.9
21.4
28.5
26.2
25.9
37.4
47.8
45
43.6
42.2
54.1
57.6
63.5
92.2
80.4
72.9
76.4
88.4
78.6
77
65.9
71.3
73.8
61.6
92.1
57.3
55.6
59.9
66.7
78.2
67
78.1
65.9
115.8
107.2
117.4
121.8
170.2
165.5
183.7
126.3
73.4
120.3
85.6
111.6
100.2
111.4
70.5
106.9
106.9
69.1
69.5
79.3
70.9
119.4
154.89999
92.8
92
85.1
72
93.9
93.1
121.1
150.7
111
117.8
119.7
162.10001
115.4
134.5
113.2
141.10001
160.89999
120.2
97.1
93.9
109.7
118.2
128.3
107.2
142.3
201.60001
211.60001
120.3
146.10001
145.5
98.2
102.4
91.6
85.3
73
65.2
80.5
36.6
37.1
34.4
31.8
37.2
32.3
30
36.6
36.3
34
37.5
39.25
41
43.3
40.7
42.9
47.6
51.6
52.4
54.2
57
57.3
50.4
73.6
72.8
79.3
76.7
85.2
81
73.5
85.2
109.7
93.2
110.6
82.2
84.9
85.8
111.6
96.1
117.2
142.89999
108.7
120.6
124.9
89.5
121.1
107.9
103
71.4
72.2
84.1
63.1
58.2
58.5
60.8
57.4
61.1
45.4
48
48
48.5
49.9
64.5
66
50.6
75.6
56.9
75.7
68.8
60
60.1
58.9
59.1
52
63.3
65.3
77
78.7
89.5
112.1
94.9
99.7
96
94.6
74.3
109.2
125.4
130.3
155.10001
128
111.6
97.8
92.7
69.4
79.4
70.2
66.2
71.9
61.6
65.4
74
72.9
65.6
58.5
51.1
60.2
58.5
57.65
56.8
62.5
49.1
66.8
88.8
86.8
90.8
91.5
109.5
105.4
125.7
124.9
112.1
99.8
93.6
92.9
100.1
73.8
67.3
70
81.8
79.8
71
57.3
54.1
65.5
79.2
60.3
65
53.8
48.7
66.6
78.1
58.4
60.5
62.8
73.8
59.2
44.2
50.7
53.6
53.9
175.2
53.6
49.5
44.8
49.8
63.9
70.3
53.9
51.7
54.5
51.9
66.9
72.2
66.8
65.7
69.1
127.9
101.2
98.6
130.5
124.5
136.10001
128.8
103.8
97.2
101.2
154.3
133.3
146
124.5
159.2
144.60001
124.9
105.9
97.3
86.7
79.5
90.5
76.7
89.7
69.3
73.5
61.2
74.4
66.1
65.9
74.8
70.7
75.7
82.7
74.1
81.3
89.5
93.6
97.7
100.4
94.3
112.9
105.5
107.5
113.7
111.7
106.9
114.4
104.9
113
94.8
103.7
87.1
86.8
86.6
90
85.1
81.7
65.4
72.6
59.1
54.2
56.9
59.5
41.3
30
34.5
32.8
43.4
37.7
53.1
48.6
43.5
37.1
40.5
39.2
30.3
46.1
39.8
28.2
40
30.9
34.7
21.1
28.3
28.3
35.1
19.1
26.3
37.8
30.6
28.3
30.9
26.3
33.9
26.7
25.7
25.7
26
24.3
19.4
28
37.5
35
38.9
34.2
39
50.2
56.2
53.9
51.6
49.3
49
58.2
51.4
49.1
47.1
44.7
45
38.1
31.3
31.3
31.3
24.7
29
26.8
27.1
29.1
24.7
24.7
27
33.6
33.45
33.375
33.3
33.7
33.7
37.9
51.7
47.8
45.4
38.5
45.4
50.1
52.7
58
58.3
59.6
42.7
38
45.3
51.8
60.8
36.1
42.7
33.8
38.7
53.3
64.9
41.2
41
36.4
32
37.5
41.6
39.2
41.8
30.7
34.5
39.1
28.2
32.7
25.3
38.3
39.2
35.1
30.7
46.9
32.8
45.1
34.8
37.3
32.8
31
30.5
40.3
33.2
38.2
28.3
23.7
33.4
37.5
39.8
30.8
37.2
30.5
35.5
34.8
30.6
35.4
36.1
43
57.3
51.2
53.5
52.9
69.6
64.2
66.7
73
89.6
72.8
86.9
77.1
100.9
76.2
51.2
46.6
44.3
55.3
52.6
50.4
52.7
49.3
47.3
39.8
39.9
44.5
46.6
47.65
48.7
46.4
48.8
51.4
58.6
57.7
75.8
58.9
62.6
45.1
39
36.7
33.9
31.4
39.1
40.9
42.9
39.2
43.1
45.2
52.3
59.3
52
53.5
48.1
53
38.9
34.9
38.8
56.4
48.3
37.1
37.2
32.7
48.8
37.2
30.3
37.2
39.9
47.9
42.8
45.7
38.2
46.7
49
47.3
50
54.8
53.8
56.7
43.4
43.7
49.5
43.2
38
55.5
45.1
49.8
50
54.9
53.6
49.2
59.9
53
52.6
48.9
48.6
47.6
48.5
67.4
73.8
62.2
81.3
51
55.5
52.7
53.9
46.3
38.6
55.8
32
29.6
22.5
22.2
24.5
24.4
24.1
19.9
29.3
19.9
21.9
24.4
26.5
26.7
24.5
23.4
22.3
24.8
22.3
22.3
31.2
39.2
30
32
29.7
38.7
36.1
40.6
41.2
48.7
66.7
75.6
92.7
94.8
77.5
77
89.8
91.8
97.1
107.9
104.4
79
63.2
53.4
70.7
61.9
73
70.5
54
49.6
47.5
60.1
57.2
69
52
55
47.7
69.8
83.2
55.7
73
54.7
52.6
55.6
57.6
102.9
82.2
64.4
50.6
54.15
57.7
49.9
77.2
77.3
85.7
67.3
53.5
49.4
40
39.6
48.8
57.1
41.7
35
51.1
48.7
51.1
34
46
50.3
47.7
34.5
39
34.6
32.3
29.9
27.9
27.8
18.9
9.8
18.9
14.5
20.1
14.2
9.7
7.5
7.6
7.6
7.6
7.7
11.1
12.8
14.5
16.7
12.3
10
18.9
18.9
21.5
30.3
37.2
35.1
23.7
44.2
41.6
39
53
57.1
50.3
52.6
46.3
52.3
59.3
63.4
63.3
70.7
68.1
81.5
91
70.8
75
66.6
88.9
57.1
59.6
81.9
68.6
62.3
63.8
64.4
53.2
66.1
50.5
65.9
57.6
62.1
69.1
53.4
68.9
103.8
66.6
55.2
46.4
44.3
48.5
60.4
45.5
42.2
43.8
56.1
59.7
55.7
44.7
48.7
51.1
55.4
58.3
53.2
31.4
43.05
48.875
51.7875
53.24375
53.971875
54.3359375
54.51796875
54.7
66.8
59.7
57.8
39.5
59.5
55
30.7
28.1
19.6
17.3
21.7
23.8
13
15.1
21.7
19.5
15.2
12.9
19.5
20.55
21.075
21.6
37.1
30.5
32.7
34.7
48.2
37.3
48.4
63.6
57.4
64
54.9
68.6
97.7
71
77.5
75.2
66.5
66.3
61.5
68.8
57.2
75.1
82.2
95.6
82.2
91.3
95.3
91.2
64.7
93.1
71.3
66.1
87.4
73.6
77.7
82.1
82.1
75.6
82
70.7
62.7
55.6
53.4
57.4
67
61
48.6
58.3
53.9
67.4
87.5
56.3
74.3
80.6
60.7
79.6
59.8
64.3
71.5
72.1
66.7
50.8
86.5
113.3
114.6
104.5
85.6
105
101.2
98.7
108.8
126.7
137.5
129
109.5
99
81.3
70.9
71.2
55
63.8
61.7
63.4
44.4
59.5
34.9
32.4
36.8
32.6
30.2
28
34.5
36.6
35.55
35.025
34.5
45.5
50.3
54.8
49.9
69.9
79.1
80.8
106.8
87.9
68.1
72.1
43.6
48.2
28.3
28.2
32.8
23.9
28.6
19.6
37
50.2
67.9
86.9
122.3
142.7
127.1
122.6
173.89999
102.1
80.4
74
82.9
96.5
81.5
85.4
81.9
83.2
85.5
80.8
93.6
102.7
88.5
103.8
94.4
86.4
77.8
94.8
83
67.2
66.4
71.5
69.3
74
75.4
76
71.1
64.4
92.9
65.1
84.2
100
79.9
72.2
87.9
71.9
64.7
81.2
93.4
74.6
96.4
103.9
121.5
86.9
96.5
72.4
83
70.3
67.3
76.7
49
60.4
37.4
40.2
33.2
28.4
26.2
30.7
30.6
32.5
30.4
52.4
39
48.4
55.4
58.9
62.4
64.3
63.9
66.6
96.4
100.3
95.3
132.7
105.4
97.3
103
105.8
99.5
103
115.4
103
94.1
124.7
107.3
102.3
114.3
116
134.8
107.9
141.60001
122.6
125
91
78.7
106.3
81.8
100.2
78.5
70.2
69.8
83.9
97.5
97.3
65.1
101.6
117.6
68.2
88.3
128.3
117.5
71.3
56.5
65.4
77.4
73.5
49.7
47.1
59.1
65.7
54.8
54.5
47.7
45.7
59.5
47.8
59.3
63.9
80.6
64
61.4
40.6
65.4
65.8
78.8
83.3
78.7
79.5
87.4
122.6
112.2
139.39999
128.39999
129.8
121.6
119.7
126.2
107.5
115.4
92.1
116
92.1
104.6
106.1
101
117.5
108.4
108.9
107
114.8
113.4
112.7
112
109.4
122.7
127.5
145
131.10001
133.8
146
140.2
141.10001
130.8
138.8
144.39999
148.2
148.7
150.60001
135.60001
147.2
133.8
142.60001
153.8
155.7
147.89999
160.10001
153.39999
150.5
151.3
152.2
139.5
146.39999
148.39999
132.89999
117.2
109.1
131.60001
101.3
90.1
93.9
95.2
81.2
83
109.8
86.2
106
76.3
84
88.6
84.7
81.6
91
78.3
96.5
83.7
88
99.1
118.5
148.2
139.7
138.7
130.7
139.2
136
129
146.89999
132.89999
125.4
125
139.7
128.10001
133
126.3
125.9
136.8
125.2
123.3
124.4
129
122.6
128.10001
122.2
113.8
112.1
121.2
109.2
102.7
116
95.3
87.8
90.5
92.9
95.5
97.9
100.3
110.4
105.3
102.75
100.2
118.5
112.9
115.1
129
140.3
145.2
149.8
145.3
133.8
131.39999
135.60001
135.89999
146.8
145.7
154.8
154.10001
140.39999
154.3
136.2
139
137.10001
123.4
134.3
132.89999
132.60001
143.8
125.2
138.10001
163.5
136.7
177.2
138.89999
166.60001
86
106.2
135.89999
136.10001
118.1
110.9
84.9
87.1
86.5
104
84.3
82.9
127.6
117.2
121.9
134.39999
91.7
107.2
150.39999
95.3
109.1
132.5
110.3
109.2
175.39999
111.2
94
114.1
149.89999
122.8
104.2
120
144.7
140
132
132.39999
130.89999
121.3
166.7
137.5
110.4
99.7
86
95.1
94.2
104.8
113.9
90.9
88.8
76.9
67.6
61.6
62
65.8
55.2
50.4
54.9
60.4
52.8
61.3
66.35
68.875
71.4
63.3
59.6
62.3
64.5
64
60.1
70.2
70.9
83.4
96.2
84.4
76.2
71.2
88.2
100.1
120.5
98.6
92
105.4
97.2
93.5
102.7
100
99.7
117
102.9
128.8
140.39999
110.5
98.8
104.2
97.1
143.8
118.3
109.9
105.5
97.2
124.1
101.8
91
110.5
124.4
87.6
96
102.5
109.6
93.5
112.2
98.7
94.8
123.7
81.4
104.2
101.2
98.5
94
81
86.9
76
88.8
126.6
104.2
108.7
93.5
102.4
112.6
72.7
104.8
73
98.7
90.7
82.6
90.5
92.9
75.1
74
72.8
65.1
65.3
60.9
60.2
51.7
54.2
55.4
52.5
53.7
51.7
51.7
54
53.5
56.4
56.8
59.3
58.45
58.025
57.6
60.2
61.5
59
60
65.8
68.5
73.2
74.9
76.3
72.7
88.7
75.9
76.5
72.5
72
73.1
72.4
74.9
73.1
67.1
83.6
88.7
93.1
100.4
93.2
103.3
107
124.3
122.2
125.7
132.60001
113.7
132.89999
116.6
127.8
150.89999
115.1
126
106.2
100.5
102.9
85.7
85.9
72.3
87
89.2
79.4
79.6
72
81.7
91
90.3
107
101.4
102.3
91.6
100.2
95.5
106.1
98.3
88.8
93.2
86.8
89.2
101.1
91.2
75.6
84.5
81.5
82.5
78
88.8
64.1
74.7
64.1
58.8
68.8
67.2
61.5
76.7
62.8
63
59.3
59.5
60.9
60.6
56
60.2
56.6
58.4
55.6
56
57.2
50.95
47.825
44.7
48.6
52.8
49.3
51.9
56.4
59.2
54.8
57.4
68.3
62
57
61
69.3
76.5
79.4
78.3
78.7
76.7
72.1
74.1
87
98.7
83.5
94.6
92
83.7
91.4
85.1
83.1
105.5
87.5
102.4
118.5
92.3
113.3
90.1
94.3
102.8
82.4
90.9
85.6
99.9
80.4
84.6
99.7
89.8
102.9
94.6
105.6
91.8
79.1
84.7
99
97.1
87.5
103.9
98.3
94.5
98.1
81.4
96.4
92
107.4
104.2
99.2
111.1
110.3
114.7
101.1
121.7
115.9
111.1
89.7
81.9
86.3
81.1
72.7
74.9
90.1
72.1
70.9
63.1
67.6
62.2
69.9
68.8
74.7
67
70.5
55.5
57.7
60.7
68.3
55.3
48.8
42.3
56.3
62.4
80.7
59.5
67.2
61.7
69.1
89.5
91.4
78.3
76.3
106.7
105
104.3
107
124.4
126.9
103.8
131.10001
98.1
95.6
126
221.89999
167.3
181.60001
133
109.2
109.6
124.5
99.6
78.9
79.5
64.5
84.9
84.9
87
73.2
75.7
59.8
69.1
76.7
86
104.7
46.9
74.6
120.5
108
93.6
85.2
113.2
87.1
78.5
83.9
154.10001
100.5
113
114.1
165.39999
106.6
106.9
122
103.8
107.1
93.6
152.5
133.2
182.39999
144.3
107.3
117.7
108.8
125.6
94.4
119.6
102.6
95.5
89
92
87
80
78.2
84
80.8
73.6
80.9
75.9
78.2
87.6
85.4
75.6
79.8
75.7
86.9
85.05
84.125
83.2
100.1
103
100
101.2
95.8
94.1
125.6
120.1
108
102.5
82
77.9
76.7
92.3
90.2
104.7
92.4
92.2
96.8
115.7
107.2
88.3
74.7
70.1
64.7
72.8
94.1
85.3
74.7
72.6
71.3
74.1
68.5
55.1
64.3
57.7
69.2
68.7
68.8
74
82
60.1
66.6
56.3
69.2
57.7
47.5
34.2
45.2
34.4
34.5
27.9
28
41.6
37
32.5
39.3
34.4
49.8
49.6
47.5
54.4
71.8
80.6
83
82.6
87.7
85.9
75.4
80.7
86.5
80.3
86
81.7
74.5
63
63.8
72.4
58.9
50.5
60.7
50.3
49.9
49.8
49.9
48
52.4
63.7
73.4
81
75.7
90.2
98.9
87.05
81.125
75.2
81.2
92.4
84.3
87.3
78.5
79.3
65.8
64.9
69.2
56.4
54.3
67.6
67.7
74
73.2
71.7
76.5
83.6
89.2
79.1
78.2
82.4
69.6
69.6
73.7
64.6
65.9
70.2
53.8
49.3
49
57.2
53.4
42.7
42.6
38.2
48
45.5
34.1
36.6
42.6
34.8
34.5
36.1
38.5
34.2
31.8
41.3
38.6
31.9
34.5
32.3
35
34.5
30.3
30.2
36.5
34.6
36.6
34.5
23.7
32.1
27.4
29.5
27.4
23
27.1
31.3
27.1
29.1
27.1
29.3
25.8
24.8
22.6
20.5
20.5
16.5
14.3
16.4
16.4
12.3
18.5
16.4
14.3
16.4
14.4
12.4
10.3
12.3
16.3
16.4
20.5
21.6
22.15
22.7
44.3
68.5
76.3
53.6
39.3
29.1
24.9
31.2
45.1
26.9
31.3
31.2
32.9
53.9
60.2
60.2
56.4
54
62.6
69
78.6
64.8
73.3
75.4
81.7
70.8
60.2
50
39.8
54
66.1
65.1
58.4
51.8
64.8
50.1
46.2
39.8
41.5
43.8
41.9
31.5
35.8
46.4
50.8
45.2
35.5
48.3
48.1
48.6
37.5
40.3
38.1
40.1
42.3
41.9
41.7
45.9
35.9
50
52.1
60.4
43.5
60.4
79.8
75.4
77.5
84.1
91.5
91.9
87.9
98.9
55.6
49.6
73.3
57.6
62.3
47.3
40.8
43.1
36.5
36.5
36.6
36.6
32.6
36.4
48.8
50.8
55.1
57.1
61.4
61.4
68
70.55
71.825
73.1
75.4
70.3
71
80.9
87.9
82.5
88.7
90.9
86.4
91.4
102.7
97.5
100.3
89
100
101.2
101.4
102.1
98.7
103.4
105.3
105.7
112.9
92.6
99.1
93.5
101.1
100.8
103.4
131.8
194
136.39999
118.499995
109.5499975
105.07499875
100.6
109
86.4
87.3
81.7
85.4
88.8
89.3
97
66.9
78
67.2
82.2
88.4
91.4
85.2
77.4
85.5
102.2
85.6
79.4
82
83.4
96.3
91.9
89.5
93.9
83.7
106.2
104.8
100.6
106.6
140.2
140.10001
125.7
103.2
117
96.5
109.4
125.2
106.6
86
72.4
69.9
73.7
73.3
71.4
67.9
69.9
80.2
67.9
70.1
67.3
67.9
72.6
72.7
77.3
79.1
88.65
93.425
98.2
82
81
66.1
61.4
75.6
79
78.4
87.5
92.5
97.7
85.8
91.6
101.2
89.6
98.5
82.3
88.8
84.7
104
102.6
112.7
101.7
105.1
100.3
89.2
106.9
90.4
85.2
84.6
77.4
102.7
97.5
87.4
77
89.7
81.5
66.8
79.9
67.2
70.5
77.5
91.3
82.7
64.6
66.5
69.4
61.3
66.8
75.7
56.7
61.3
57.2
52.3
60.7
54.4
59
56.6
76.6
76.7
71.8
63.4
69.8
72.3
77.9
79.8
86
76.7
87.2
88
81.8
72.5
74.4
69.2
73.3
81.1
66.7
57.7
55.1
55.4
53
50.8
46.4
44.4
40.7
32.4
34.3
44.7
28.4
28.4
24.3
22.3
28.6
28.4
32.5
34.55
36.6
43
48.9
67.6
81.1
79.2
78.7
74.4
78.7
88.1
80.6
76
80.8
78.3
85
93.7
89.3
82.4
87.6
83.2
102
95.9
96.4
100.2
99.1
102.9
100.8
96.2
78.8
79
73.5
83.2
66
70.8
57.7
66.7
60.1
74.6
70.8
67.3
62.2
62.6
62.6
55.8
66.8
56.2
67.4
69.9
66.4
72.1
60.2
67.3
58.3
54.3
57
57.3
67.1
74.8
65.4
72.5
83.8
90.5
90.4
74.6
78.5
85.7
85.9
87.5
92.2
91.8
88.9
72.5
71.1
60
57.5
51.4
51.3
53.5
46.7
44.6
44.6
46.6
44.4
44.5
46.6
46.5
44.6
48.7
48.6
52.7
52.6
52.8
56.8
61.6
64.95
66.625
68.3
71.9
69.8
69.6
73.8
74
78.9
85.3
85.3
78.6
89.8
83
85.6
91
87.5
90.1
94
82.6
91.3
80.4
87.7
83.3
81.3
96
79.9
94.4
86.6
102.2
75.5
79.1
95
92.6
111.5
90.1
86.8
78.5
73.4
68.6
71.1
71.7
73.8
77.1
73.3
64.9
69.1
56.2
65.4
67.8
73.5
63.8
79.2
65.9
70.1
65.5
81.2
72.4
78.2
79.5
93.2
88.4
95.9
90
90.3
88.1
92.9
81.1
90.7
107
111.4
117.2
111.9
96.8
104.1
104.3
86.7
88.9
79.5
74.9
61.9
51.1
47
51
48.6
59.2
46.5
46.6
55
52.6
54.8
63.1
69.6
75.6
73.8
78
80.65
81.975
83.3
99.5
109.1
105.9
93.9
102.7
105.4
95.8
89.7
93.8
96.1
91.3
95.2
95.7
99.8
100.3
99.7
97.9
94.8
93.3
102.4
91.4
97.4
80.2
79
85.8
81.1
65.8
56
73.3
65
51.9
45.6
48.2
46.5
41.6
39.5
41.6
35.7
39.8
40.1
44
31.8
29.3
40.1
39.6
48.1
42.1
41.6
46.1
42.2
41.9
33.9
38.1
37.9
29.5
25.3
35.7
39.9
35.5
31.3
35.4
29.5
39.4
47.5
47.3
45
49.4
53.3
60
57.2
60
46.9
49.1
40.7
34.6
26.7
22.5
20.3
18.3
18.3
18.3
20.6
18.4
18.5
18.3
22.8
20.8
18.4
22.8
22.5
26.8
28.8
22.5
25.85
27.525
29.2
27.1
28.9
28.9
39.9
35.3
31.1
33.3
33
31.7
35.3
35.4
34.9
35.1
39.4
44
47.8
50.9
46.7
47.7
61.5
54.6
47.7
58.7
59.4
74.1
79.8
68.7
52.2
70.1
63.3
46.1
44.2
47.8
50.4
59.1
57.2
61.4
61.6
48.3
60.1
52.4
48.8
47
42.1
44.8
46.6
53.5
58
40.2
42.6
47.2
40.2
40.6
42.5
39.1
45.1
46.5
42.6
48.7
59.9
37.7
40.2
44
44.3
43.5
39.4
43.5
43.3
47.4
45.2
45.1
36.8
41.3
41.3
43.4
39.1
43.4
38.9
38.7
42.8
49.1
38.7
38.7
42.7
50.6
40.6
48.9
51.2
59.6
51.2
55.1
53
57.1
64.9
68.8
72.7
76.9
86.4
76.7
76.9
79.2
78.5
81.3
85.6
85.7
90
88.9
97.2
105.2
109.4
101.8
108
107
94.6
88.2
105.7
78.6
75.7
56.5
63.6
52
65.3
50.3
99.7
78.1
69.2
65.5
79.9
68.2
61.3
58.9
57
56.9
63.1
55.3
50.7
48.7
55
59
84.8
69.5
60.8
90.9
98
86.5
84.9
68
76.3
79.6
91.9
88.5
91.1
105.1
95.9
89.1
136.39999
98.9
86.9
91.5
106.5
94.7
85.6
90.9
111
125.6
123.3
104.6
90.7
90.3
98.8
98.6
83.6
91.5
88.8
85.5
103
83.8
86.1
84.1
93.1
92.5
115.1
109
97.3
100.8
108.4
116.8
123.5
125.8
126.4
126.7
127
134.60001
114.6
117.4
134.60001
127.2
125
114.2
117.9
106.1
101.8
99.5
97.3
99.4
99.5
92.7
96.4
96.1
83.6
85.9
90.5
81.9
73.9
77
75.1
88.1
65.9
50.4
68.8
80.9
68.9
42.7
51.5
44.7
40.6
38.7
38.2
40.4
40.6
34.1
36.7
34
32.9
32
43.6
31.4
34
36.4
32.7
28.1
53.7
26
34.4
46.1
39.6
36.6
39.2
45.9
43.4
36.7
41.2
30.4
51.1
44.9
40.4
47
53.1
54.7
63.1
61.7
65.3
55
50.2
43.9
37.1
27
22.8
18.4
18.4
14.2
16.3
12.3
16.3
14.2
13.2
12.7
12.45
12.325
12.2625
12.2
14.35
15.425
15.9625
16.5
15.5
15
14.5
14.6
15
16.7
18.8
23.1
20.8
22.9
20.9
23
22.8
27.1
22.9
31.2
27.4
29.5
33.3
33.3
52.7
39.6
37.8
41.8
55.6
42.1
53
47.3
41.7
50.8
46.3
41.9
44
44.5
48.1
46.7
44
39.8
46.2
41.5
48.2
40
50.3
46.2
41.7
37.9
42.3
58.4
57.1
61.9
56
58.3
68.1
65.1
68.7
58.3
65.9
60.8
60.3
53.8
60.3
78.1
69.6
62.5
75.8
69.8
92.5
100.3
93.4
92.5
108.3
80.2
73.4
70.1
72.2
67.7
65.3
74.5
67.4
62.5
66.9
62.8
59.9
71.9
64.7
62.6
64.6
66.8
66.1
72.3
63.6
64
65.9
74.9
80
78.1
78.1
78.1
78.1
87.6
85.3
83.5
86.7
88.9
93.4
87.5
85.9
87.6
86
91.5
90.7
87.9
106.3
115.9
115.1
90.1
86.6
93
83.9
93.3
89.2
115.5
84.1
99.5
97.2
91.6
105.1
118.2
117.8
102.8
112.6
90
84
129.5
136.7
142.2
127
106.2
101.1
122.6
76.6
81.3
84.2
63.7
82.6
62.1
80.9
75.5
95.1
73.6
71.6
82.8
100.8
95
92.9
94.6
73.8
101
103.8
123.6
129
104.2
108.8
105.6
142.7
138.3
165.3
143.3
95.5
98.5
81
61.9
63.5
55.9
50.6
47.1
39.5
27.1
22.8
24.9
20.6
24.7
18.3
22.7
20.5
22.7
18.3
16.4
22.6
22.8
27.1
26.9
32.4
35.15
37.9
47
48.3
65.7
64
59.4
71.9
65.3
58.7
65.1
69.5
69.8
77.2
70
68.3
76.8
77
87.4
82.1
74
88
79
65
87.9
90.5
78.1
92.7
103.5
78.7
86.8
88.1
75.6
102.2
78.4
74.1
74
90.5
66.2
60.5
60.1
59.2
70.7
74.2
88.7
65.8
82.3
73.8
105.8
106.5
74.5
136.7
86.1
77.9
70.9
93.8
77.1
92.1
117.8
117.1
116.4
135.39999
165.2
138.2
123
122.5
124.9
141.5
174.8
218
192
171.3
157
153.60001
85.8
96.1
74
82.6
76.2
95
80
69.6
75.3
70
65.8
72.6
74.7
73
69.9
61.3
74.7
74.8
77.1
84.4
82.1
86.15
88.175
90.2
94.2
89.4
81.4
91.1
90.5
85.8
88
87.8
88
90.3
88
94.9
101
90.3
84.8
79.2
77.5
81.8
71.2
77
69.3
68
66.9
75.5
72.9
63.6
55.3
52.8
54.9
51.5
38.2
36.4
27.9
34.4
36.8
47.3
41.4
36.3
35
34.1
34.6
36.9
33
51.3
49.2
28
25.6
32.4
32.5
37.2
24
32.3
35.6
31.7
30.2
21.3
25.6
27.6
23.6
31.7
27.5
27.7
29.4
29.3
29.5
32.3
37.9
27.2
35.7
30.9
33.3
37.6
29.2
29.4
29.4
26.9
22.9
22.7
22.5
25.2
24.9
18.5
22.9
22.5
24.7
20.7
20.4
16.8
16.5
20.7
18.7
22.8
27.5
25.55
24.575
23.6
29.4
29.6
31.7
33.6
33.7
25
33.4
33.3
35.6
37.4
39.6
39.1
41.7
45.9
50.5
44.6
47.1
42.4
42.5
35.8
50.9
55.4
55
62.3
50.1
50.9
84.4
75.5
58.5
75.7
86.8
70.8
72.9
55.7
56
69.1
73.8
66.7
102.4
71.9
64.8
67.5
74.7
54.2
51.5
46.9
46.7
45.3
69.5
65.5
63.3
68.9
72.1
60.6
77.7
62.3
68.8
62.2
63.5
69.9
68.1
59.4
55
73.6
63.2
60.9
67.6
80.3
71.2
132.89999
66.9
65
58.8
61.8
67.9
82.8
68.3
62.6
60
60.5
62.4
55.3
53.6
47.5
51.5
55.6
51.8
47.1
55.4
64.8
69.6
73.1
73.8
77.25
78.975
80.7
80.8
75.5
38.3
44.6
30
26.6
15.1
15.2
17.3
15.6
15.3
13.2
13.1
19.4
15.3
28.3
21.6
25.8
25.7
28
23.6
30.1
28.1
34.2
32.1
30.2
27.8
24
24.1
27.8
26
28.2
32.5
24.2
30.1
22
22
19.7
21.7
28.4
33.7
20
24.3
24.3
20.2
32.6
41.6
26.4
20
17.8
24.3
23.7
24.9
32
25.2
20.1
32.8
28.5
41
36.3
47.1
30.1
36.6
40.7
34.1
31.7
33.5
27.3
21.2
19.4
21.7
23.9
17.4
13.3
11.1
17.6
8.9
10.9
6.7
6.7
6.6
9
6.8
4.7
4.6
6.8
8.8
8.9
6.8
8.9
8.8
7
8.9
13.15
15.275
17.4
34.5
27.6
23.9
35
28.2
28.3
23.9
30
27.6
25.8
32.1
45
38.9
47.5
40.8
49
62.1
66.6
85.8
79.8
93.1
100.3
93.6
125.5
135.60001
150.5
124.8
130.60001
116
125.3
146.10001
158.7
155.3
121.3
138.39999
139.10001
120.8
160.39999
146.8
152
140.5
185
162.60001
157.39999
136.5
174.2
159.39999
171.8
145.39999
173
164.5
189.39999
149.8
160.8
170.10001
147.60001
141.10001
165.2
167.8
190.10001
149.60001
181.5
132.2
163.3
149.3
121.1
166.89999
126.4
109.1
113.2
86.2
69.2
77.6
78.3
74.6
52.7
43
23.7
25.6
14.6
14.6
21.2
21.1
21
18.9
19.2
23
20.7
37.6
35.3
39.9
44.3
46.4
57.15
62.525
67.9
69.8
66.1
63.6
56.3
55.6
58.9
55.9
58.1
65.8
56.3
55.7
62.7
60.3
60.6
65.1
64.9
64.4
64.5
73.5
75.6
74.3
92.1
73.3
73.2
64.9
65.3
76.7
92.6
74.6
75.3
91.3
60.7
62.5
62.8
71.2
61.9
55.7
53.7
60
57.5
49.7
47.7
49.2
43.3
58.1
52.2
58.5
60.9
59.2
42.3
49.5
42.8
47.2
50.5
52.9
49.8
61.2
66.9
51.8
57.9
58.3
71
68.1
55.7
62.6
68.8
60.6
58.6
58
53.6
50.2
43.7
34
34.9
43.9
27.5
23.8
18.9
10.6
10.8
6.5
6.5
4.5
6.5
6.5
8.5
4.6
4.3
6.4
8.5
10.9
10.8
14.8
16.9
17.95
19
25.8
19.6
26
39.1
29.9
32.9
43.2
45.2
37.9
41.1
42.7
49.2
57.9
55.5
48.9
55.8
60.9
65.4
72.3
65.3
81.2
84.2
92.9
95.7
92.8
104.3
102.1
85
80.4
72.4
82.8
108.7
87.2
85.6
71.3
76.7
98.1
61
64.05
65.575
67.1
86.3
78.6
61.2
66.2
73.9
65.1
62.9
70.4
79.3
74.6
69.7
74.8
89.2
104.3
85.2
134.39999
120.9
94.6
105.6
107.9
102.2
120.1
104.4
103.5
120.3
112.5
118.7
109.8
95.1
85.9
81.8
76.6
66.6
80.2
65.5
51.8
44.6
42.2
31.4
34.2
31.3
46.3
49.4
56.5
49
46.2
47.8
57.5
55.5
44.9
31.8
48.5
62.95
70.175
77.4
114
102
107.8
117.5
107.2
101.4
99.9
111.9
112.3
104.3
105
117.4
106.5
99.8
114
104
142.60001
129.8
127.6
132.60001
139
126.6
149.89999
178.3
169.5
179.39999
174.3
192.7
180.3
135.3
143.60001
201.89999
143.60001
138.5
142.10001
125
105.4
112
116.9
100.1
106.6
124.7
87.1
79
97.7
109
127.3
101.5
90
93.5
103.8
104.5
88.6
97.8
138.8
111.5
172
169.10001
163.7
184.5
200.3
120.9
142.10001
164.5
167.39999
167.5
198.8
214.8
182.2
169.39999
140.5
140.8
154.8
113.4
118.5
108.4
98.9
87.7
88.4
81.6
77.3
73.1
88.5
80.4
85.1
81.7
86.3
83.1
92
86.7
99.3
88.7
87.5
91.4
93.35
95.3
117.2
124.8
136.3
146.7
143.8
132.39999
142.3
134
147.3
141.8
154.60001
167.60001
136.5
136.8
154.2
126.5
171.89999
161.89999
180.89999
179.10001
191.10001
190.3
227.5
208.10001
150.8
198.5
136.89999
145
144.5
142
157.39999
158.39999
152.60001
137.2
153.7
133.7
120.9
92.2
124.6
97.6
115.2
78.2
76.7
116.4
100.2
135.89999
103.1
123.6
123
134.10001
140
133.10001
104.9
122.7
137.60001
143.89999
174.8
152.39999
144.10001
169
115.8
129.7
152.8
154.7
147.5
151.3
149.2
148
152.5
167.3
142.3
128
100
106.3
137.39999
147.5
122.2
102.9
92.9
96.3
70.3
80.1
69.2
70.1
85.2
67
76.2
73.7
69.5
65.6
80.1
71.5
81
94.5
101.25
108
101.9
96.6
92.2
91.5
103.8
99.5
105.7
100.2
104
109.1
101.7
104.8
100.8
90.5
107.1
92.5
91.8
98
89.4
91.5
95.7
92.6
110.4
116.5
112.3
122.2
116.7
102.4
96.4
101.6
128.89999
91.4
102.7
87.9
117
102.3
101
166.3
129.39999
79.6
123.8
117.3
122.5
108.6
100.7
94.9
128.10001
107.9
121.1
131.7
106.6
109.9
85
98.3
72.6
65.7
98.4
91.5
92.8
65
71
69.1
73.3
74.5
70.1
70.1
66
52.3
54.7
51.5
50.7
51.4
47.6
38.5
43.5
39.2
36.7
32.4
32.8
40.3
26.9
28.6
22.1
36.8
48.7
44.2
53.3
51.9
60.6
51.8
62.8
63.2
68.4
68.2
68.1
68
79.4
71.2
66.8
82.1
72.9
69.8
73.3
78.3
65.5
70.5
69.9
75.6
110.9
83.8
82.3
102.6
105.4
83.5
100.2
94.5
101.2
99.9
85.6
99.8
144.8
99.5
125.1
113.7
125.5
143.7
158.8
146.8
162.10001
168.2
122.8
131.5
156.2
128
127.3
132.10001
87.9
101.9
95.5
143.60001
120.9
142.2
126
143.89999
110.5
103.1
114.5
123.9
125.4
106.7
114.1
117.2
113.2
115.2
140.3
122
169.2
102.8
84.8
102.4
102.2
90.9
83.2
78.9
65.3
51.6
51
46.5
60
57.8
53.6
47.1
56.3
60.4
43.8
56.2
64.5
37.6
38.9
36.6
28.9
26.4
26.1
37.3
49
49.2
47
66.8
62.1
64.3
65.4
66.5
75.2
88.9
77.5
89.5
105.3
92.6
90.6
93.3
87.4
93.6
73.6
109
93.4
104.5
104.6
92.8
98.2
121.9
104.2
115.2
134.60001
163.5
126.6
160.3
154
138.8
146.3
187.2
141.2
140.39999
128.89999
167.60001
121.6
122
101.5
114.8
93.2
117
129.39999
109
112.3
114.5
124.8
138.3
157.3
148.8
143.3
151
150.39999
146.8
140.8
196.39999
175.10001
186.39999
156.3
135.8
168.39999
175.2
172.10001
194.60001
189.8
159.3
138.7
148.89999
123.8
148.10001
148.89999
163.5
145.89999
127.1
118.9
90.4
98.4
91
88.4
78.2
67.1
55
49
51.6
50.5
51.4
50.6
53.7
58.7
62.8
67.8
58
64.8
63.7
74.6
71.4
69.6
91
101.7
112.4
115.6
106.8
120.4
104.1
105.9
110
115.3
103.3
114.5
114.9
99.4
109.2
125.2
106.6
82
86.6
90.1
101.3
103.3
98.9
87.9
99.7
133.60001
125.7
98.4
93.2
89.7
80.2
88.4
109.1
103.8
96
91.5
90.3
86.8
91.9
74.3
79.8
74.5
80.5
61.4
64.2
68.9
76.4
70.9
72.5
84.1
95.4
79.7
71.6
72.9
76.2
78.9
87.2
84.5
71.9
83.9
93.5
88
92.2
99.9
98.8
93
98
105.6
98.3
103.3
115
115.9
132.8
86.2
78.7
92.1
89
107.4
64.9
72.3
80.6
63.3
55.4
57.2
54.9
60.4
55.8
51.7
53.4
45.1
50.9
51.1
44.6
42.2
46.8
49
54.5
57.25
60
68.4
66.1
71.1
79.2
82.1
81.4
87.5
103.8
98.9
92.3
111.8
94.5
97
81.3
87.6
89.6
94.2
105.3
91.8
99.2
114.4
102.2
100.2
94.9
99
103.4
98
94.6
95.3
112.6
99.9
89.5
104.6
89.6
88.8
71.3
79.5
69.3
63
90
76.9
80.3
83.9
68.8
75.7
73.5
81.6
74.6
80
70.2
65.6
65.3
85.7
67.4
70.5
81.5
72.6
65.6
63.2
79.2
98.2
104.9
75.9
94.1
90.9
67.6
69.6
60.4
74
59.1
47.6
58.1
52
47.2
45.5
28.9
16.4
12.3
12.3
16.3
14.4
12.2
10.2
10.2
12.2
14.3
16.4
12.3
12.2
14.3
10.4
12.3
16.3
21.45
24.025
26.6
33.2
37.1
49.8
52.2
52.4
49.6
47.2
53.9
60.8
60.9
70.2
91.2
80.3
75.4
88.5
84.3
97.8
102.9
91.1
97.7
104.6
96.6
103.3
105.3
100.1
105
106.8
99.9
88.6
108.7
97.8
109.2
116.7
99.8
92.7
103.7
101
65.9
72.4
78.4
72.1
72.7
47.8
48.8
54.2
56.8
50.5
48.6
54.6
54.8
68.6
47.3
38
38
54.8
41.8
44.3
54.9
57
56.9
50.8
57.1
69.9
82
85.2
85.4
94.5
81.4
79
71
53.7
54.1
39.7
33.3
45.3
44.9
40.8
45.8
32.7
24.6
26.7
20.8
18.6
14.5
16.5
18.6
20.6
20.5
22.6
18.6
16.8
18.5
18.6
21.75
23.325
24.9
26.8
24.8
27
31.2
43.3
29
26.9
26.9
35.1
35.3
37.3
34.9
39.2
37.8
39.3
39.3
43.3
45.7
51.7
47.7
45.9
52
54.6
62.6
60.6
48.8
54
45.8
54.3
50.8
52.3
52.8
54.9
52.2
52
58.4
59.8
56.3
68.7
58.7
62.8
56.3
62.5
66.1
61.7
50.9
52.6
48.9
51.1
66.5
74.9
57.5
49.2
42.5
49
59.4
89.5
80.6
95
93
101.7
104.1
145.10001
136.89999
185.8
207.2
174.5
187.5
191.10001
193.8
189.39999
181.3
146.8
118.7
135.8
105.2
112.5
118.4
84.3
86.1
76.5
72.5
69.5
76.9
67.9
61.4
67.7
67.5
72.3
88.8
94.6
81.7
90.3
101.2
106.65
112.1
112.1
89.6
102.5
119.8
105.2
92.9
104.3
75.1
70.7
59.8
51.9
50.1
41.4
50.7
42.2
43.7
42.2
35.8
33.3
47.8
45.9
54.4
45.7
44.2
50.2
41.9
41.9
49.8
69.1
71.3
64.5
75.2
81.8
74.1
56.1
52
65.7
57.7
48.3
48.2
46.1
50.4
48.8
61.1
51.7
40.2
44.5
57.3
57.1
65.6
44.8
44.6
40.1
59.6
66
67.3
65.2
76.9
72.5
54.3
53.8
53.9
64.9
51.7
53.6
51.7
54.2
41.4
39.5
35.3
48.7
37.6
31.2
29.2
25.2
31.6
25.1
29.1
25
29.5
31.2
29.1
31.1
35.1
39.3
45.4
45.6
53.8
55.8
56
53.8
57.7
68.3
69.8
70.55
71.3
78.8
69.5
69.8
80
72.2
67.1
65.2
71.4
64.8
61
56.3
56.3
64.6
69.4
85.9
81.6
91.5
88.2
87.3
85.1
71
72.5
69.8
73.7
65.3
73
79.8
70.7
70.1
72.9
52.5
56.4
88
71.1
57
59.1
62.1
52.4
54.8
52.8
57.7
48.3
65.3
48.7
53.3
57.6
61.8
61.2
48.9
49
53.2
55
55.2
47.6
53.1
50.5
48.5
61.4
64.5
60.7
58.9
73.8
63.4
64.8
64.4
72.8
60.2
64.7
60.3
66.6
61.1
52.2
45.8
41.9
44.1
32
23.5
25.4
23.4
25.3
25.3
25.2
33.4
31.5
37.3
41.4
35.3
41.5
55.7
29.6
31.2
31.7
35.5
36.65
37.225
37.8
39.8
35.5
35.7
44.1
46.3
40.5
42
37.6
35.7
36.2
36.5
34.2
42.3
38.3
35.9
44.9
46.4
51.2
57.3
51
54.5
51.2
51.1
60.9
46.4
34.2
44.5
45.2
61.3
65.3
56.8
46.7
52.5
58.9
57.2
44
54.8
50.2
50.9
58.8
55
46.6
46.6
53
47.3
44.2
46.9
47.2
57
49.1
46.8
55.3
46.7
64.6
51.5
50.7
48.7
52.6
50.3
57.2
50.6
51.2
54.9
58.9
63.6
61.7
52.6
61.7
54.8
50.5
55.1
50.8
46.2
39.8
46.7
37.8
31.5
29.5
29.6
25.5
23.7
19.4
21.5
21.5
21.6
23.4
27.4
29.5
29.6
31.7
25.6
27.6
27.5
31.6
33.65
35.7
35.8
35.7
37.9
40.2
44.2
42.4
42.3
36
33.6
36.1
38
37.8
36.2
38.1
36
61.2
54.4
56.4
56.6
44.2
50.6
56.6
58.8
56.7
67.7
54.9
64.7
79.9
67.2
88.9
93.1
73.4
65.1
59
56.6
50.7
50.5
59
56.5
67.3
53.1
50.5
55.2
59.1
59.4
61.6
61.6
55.8
57.6
63.9
55.1
53.5
55.4
46.7
47
48.6
57.5
63.8
57.2
59.7
63.2
73.8
72
82.5
103.1
85.7
73.9
71.1
58.1
62.7
48.4
42.4
52.5
40
54.4
46
36
34.1
25.7
19.6
19.7
17.7
19.8
19.7
19.7
19.7
17.7
21.7
21.6
23.6
23.6
21.7
23.8
48.7
61.15
73.6
78
71.3
42.7
38.5
42.5
44.4
58.8
54.5
54.8
48.6
48.6
58.6
52.3
56.7
52.3
54.5
58.5
67.3
79.2
72.8
69.2
77.6
75.7
74.7
69.9
75.6
66.8
75.8
61.3
66.9
52.7
68.9
73.5
60.9
59
63.2
52.9
88.9
71.3
58.9
55.5
51.3
61.4
47.1
51.1
44
59.4
47.9
43.1
55.4
51.3
43.3
53.7
66.3
54
58.5
66.6
76.7
89.5
65.6
67.9
68.7
82
67.5
70.8
72.1
72.6
76.6
69.6
80.6
65.8
50.9
48.9
54.9
41.6
32.7
20.6
14.6
8.5
12.5
8.4
12.5
8.5
8.5
6.6
8.5
10.4
8.5
8.5
10.4
10.5
10.5
16.4
18.6
19.7
20.8
22.4
26.5
26.7
26.9
30.9
30.7
26.6
26.7
32.6
34.7
42.8
38.7
50.9
38.4
36.4
30.5
52.9
48.5
44.9
34.9
40.6
41.1
56.8
52.9
54.7
55.4
61.3
49.6
53.1
57.4
46
53.9
47.8
51.8
47.5
43.4
57.8
66
49.5
62.4
53.8
54
47.7
53.6
61.7
47.7
66.6
69.9
44.2
55.8
60.3
51.7
55.7
68.5
90.4
120.1
99.1
94.6
118.9
102
92.9
109.7
123.6
74.4
91
115.6
117.9
84.2
84.4
88.6
72.7
71.6
82.1
75.2
82.3
108.9
67.3
64.5
48.6
44.2
24.5
22.3
28.3
36.5
24.5
20.5
24.4
14.2
20.3
20.2
26.6
20.4
34.5
41.8
45.45
49.1
83.6
55.4
94.1
63.2
67.6
58.9
75.6
71.2
73.2
79.6
88.7
73.6
84
71.1
71.2
79
88.6
90.4
105
108.6
113.8
91.9
111.6
91.4
116
114.4
143.89999
135.3
150.2
165.5
184.10001
168.5
135.5
132.10001
98.2
138.8
89.5
88.9
100
97.3
74.6
69
75.6
89.1
94
72.5
65.8
64.3
67.5
80.8
61.7
66
62.2
72.8
55.8
55.3
55.5
57.8
53.2
57.5
55.1
49.3
41
43
41.3
45.3
36.8
32.8
28.7
30.7
28.6
28.6
22.7
18.5
22.6
18.7
12.5
10.4
6.3
4.4
6.3
4.4
4.3
4.3
2.4
2.4
4.4
2.3
6.4
4.3
6.3
6.3
6.3
9.35
10.875
12.4
16.4
14.4
14.7
12.4
16.3
16.7
12.4
18.5
20.5
16.3
26.4
24.5
18.4
22.6
16.4
24.4
22.6
30.6
30.8
32.7
37
43.1
32.5
37.1
26.4
35
35
28.7
34.7
51.2
55.1
54.8
69.3
69.2
49.4
56
73.6
71.1
42.5
31
53.4
56.7
55.2
44.9
50.7
42.9
69.5
58.9
89.8
83.9
55.1
64.9
42.9
52.9
47.3
36.5
58.7
63.2
65.4
73.8
61.2
50.5
52.4
50.3
67.3
40.5
50.5
44.3
56.5
46.4
60.4
56.6
40.1
38.4
36.3
32.9
30.3
32.1
28
24.1
22.1
16.2
20.1
16.2
20.2
16.2
34.1
34.2
34.2
28.2
34.1
30.3
24.2
32.3
36.35
40.4
46.5
55.3
59
44.6
46.8
52.7
44.3
38.4
38.5
42.4
36.3
36.2
60.8
64.8
44.1
56.6
54.8
60.8
63.3
63.5
85.5
89.6
78.4
75.3
85.7
70.7
85
58.8
46.7
60.6
63
57
46.2
72.7
58.6
68.6
56.7
60.4
50.2
56.3
52.4
44.4
42.8
50.8
46.4
44.4
50.2
42.7
44.5
32.2
44.3
36.5
24.3
50.8
34.6
36.6
26.6
28.7
30.3
26.3
32.3
34.2
22.2
34.3
28.5
20
20.2
14.2
22.4
18.3
18.3
18.1
18
14.2
14.3
8.3
8.2
4.2
8.1
4.2
4.1
2.2
2.2
6.1
4.2
4.2
4.2
4.2
4.1
4.2
4.2
4.2
6.2
8.2
9.2
10.2
18.4
10.3
14.4
14.3
18.3
8.3
12.2
18.3
10.3
16.4
20.3
18.4
22.4
18.3
30.5
26.5
22.3
24.3
32.6
22.3
26.7
30.7
47.6
42.7
42.6
44.9
38.9
40.5
36.5
56.7
40.7
57.3
56.8
47.5
40.8
40.5
34.7
36.7
40.4
46.5
34.5
36.7
40.7
30.3
49.1
41.1
44.8
42.5
44.7
39
43
34.5
40.6
40.6
69
42.7
44.5
60.2
52.8
54.8
63.4
58.5
46.6
48.3
54.8
54.8
42.4
63
48.3
52.9
36.1
32.3
26.1
22.2
20
24.2
16.3
16
14
10
8
10
7.9
8
8.2
8.1
4
6
4
8
8
7.9
9.9
10.95
11.475
12
18.1
20.1
24
21.9
36.7
24.1
28.3
26.1
24.1
32
22.1
24.1
26.1
28.3
26
32.1
32.6
42.5
46.3
34
38
46
64.8
54.6
77
79.1
87.6
87.3
87.4
69.2
89.6
66.7
73.4
73.2
62.2
71.1
62.6
62.4
77.3
73
75
73.7
40.6
13.7
31.45
49.2
95.9
75.5
64.6
57.1
67.7
75.8
67.5
75.7
72.3
69.6
86.2
79.9
91
105.5
89.9
106.9
117
98.7
108.6
88.5
123.8
143.60001
136.8
104.2
94.1
90.1
70.7
60.1
74.9
56
68.6
67
37.7
35.6
31.7
33.6
21.7
31.7
25.6
27.6
29.6
23.6
27.6
21.6
17.7
19.7
29.6
35.7
38.75
41.8
41.6
35.7
39.7
37.6
40.1
31.9
25.8
29.8
31.8
30
29.8
29.9
30
28
32.2
34
32
44.3
34
46.3
46.1
64.6
58.4
71
68.5
77.2
65.1
79.3
85.7
81.4
87.4
90.2
105.7
103.1
73.1
72.9
85.4
62.9
88.2
81
81.4
71.8
87.1
87.9
96.3
92.7
96.2
109.9
88.9
88.9
77.6
89.1
85
80.3
100.4
124.1
144.7
132.60001
135.5
125.7
167.39999
143.89999
129.5
130.3
154.8
147.10001
151.2
190.10001
144
144.89999
109.9
102.6
78.5
87.5
114.9
86.9
80.9
79.9
83.7
62.5
45.8
48.3
48.2
52.1
73.1
54.4
65
51.7
66.2
54.3
54.1
54.1
66.3
75.15
79.575
84
109.4
92
66.3
75.8
75.5
88.6
77.4
73.2
70.5
74.8
74.5
78.8
73.1
76.9
81.4
88.5
96.7
89.6
85.3
85.1
91.6
66.5
52.4
62.3
60.4
62.2
78.9
89.4
67.5
71.3
78.3
69.7
82.1
67.8
67.9
52.7
57.5
77.7
53.1
48.8
61.2
67.6
53.1
68
71.8
51.4
51.5
45.1
51.7
51
49.4
36.8
51.4
47.2
53.9
47.1
53.5
59.9
57.5
55.4
53.5
59.2
46.6
43.2
47
45.1
45.1
43.1
42.8
38.7
39
30.8
24.4
32.8
26.4
18.4
18.7
18.3
14.4
12.4
8.3
6.4
6.4
6.3
8.1
6.3
4.2
4.3
6.3
6.3
8.2
6.3
12.2
12.25
12.275
12.3
10.3
22.8
14.4
24.7
22.4
26.4
26.7
20.4
26.5
30.6
26.5
26.4
38.7
38.5
36.6
32.3
36.7
42.7
38.9
47.1
40.9
43.1
46.9
40.9
65.4
63.4
93.2
71.6
51.4
55.1
42.8
49.1
52.9
54.8
59.1
42.6
67.6
67.4
57.4
47
42.9
44.8
59
44.8
36.7
45
49.3
53.7
51.9
54.3
49.8
59.9
90.9
86.4
74.3
63.5
67.3
59.1
65.3
49
51
64
78.9
63.8
63.6
65.9
97.1
73.6
78.3
81.8
59.1
50.7
42.5
40.6
36.4
34.3
26.3
30.4
22.2
20.2
24.2
26.1
26.1
30.2
22.2
24.3
20.3
18.3
20.2
20.2
24.2
26.2
26.3
34.45
38.525
42.6
63.4
49.4
47
42.5
40.5
73.7
64.8
57.1
52.3
48.8
61.7
55.2
59.3
61.1
65.5
56.9
56.9
67.9
54.9
58.9
52.7
52.8
61
58.7
80.3
89.5
74.9
61.1
65
63.4
65.4
81.4
67.1
69.5
55.2
46.7
47
36.8
45.1
42.8
37.2
37
35.4
41.5
39.2
33
39
47.4
45.6
49.7
49.4
39.2
35.3
28.7
39
39.1
32.9
28.7
30.9
37.1
30.7
37.2
30.9
41.3
30.6
43.4
35.4
30.4
38.5
40.3
50.8
38.6
34.8
34.6
28.8
28.7
22.6
24.6
10.5
10.5
12.4
16.6
8.6
14.6
10.5
12.4
12.5
12.4
12.4
12.5
12.5
14.5
14.5
14.55
14.575
14.6
18.5
20.6
22.8
20.7
21
25
22.8
24.7
24.5
29
22.7
20.7
32.9
42.6
32.6
26.7
24.9
30.8
34.7
33
38.7
34.9
38.8
34.8
26.8
24.7
35.5
31.6
39.7
35.3
35.8
33.5
35.9
38.6
35.9
33.7
38.1
31.4
33.3
50.1
56.3
40.5
40.2
38.2
46.1
44.6
52.7
48.4
58.7
61.7
40.3
33.9
55.3
47.1
56.9
54.4
50.2
50.2
55.3
52.5
45.7
58.3
50.5
41.1
58.2
66.1
53.4
76
70.3
59.3
51.3
65.9
64.3
82.2
83.3
123.4
86.6
96.8
82.3
62
72
70.6
66.8
51.7
40.7
53.6
53.9
45.1
48.9
55
47.3
49.9
51.7
53.9
55
56.1
62.7
63.7
70.3
70.2
91
133.89999
86.6
87.6
124.7
115.1
100.6
123.4
98.9
109.6
113.4
94
97.7
94.7
104.8
104.7
120.3
104.4
115.8
105.7
78.3
76.8
74.4
70.6
88.2
81.5
80.1
79.9
61.2
50.7
52.1
56.4
56.2
81.5
77
88.4
64.4
62.8
64.5
58
66.2
77.5
64.7
62.2
70.9
78.1
67.2
62.7
88
57.8
52.1
52.3
58.5
60.6
67.5
72.2
94.6
65
64.6
54.8
65.6
51.8
53.8
49.9
46.1
41.6
43.7
42
37.8
35.4
31.5
33.4
39.6
37.9
20.9
16.9
14.9
14.8
12.7
22.9
15.2
12.7
21
25.9
19
18.8
25.1
14.8
18.9
27.15
31.275
35.4
35.5
52
52.2
62.3
85.1
112.6
110.5
98.1
77.7
99.6
107.5
109
92.3
88.9
90.8
87.6
85.3
92.9
93.8
77.8
94.9
89
84.6
83.2
72.5
77.2
90.8
113.4
101.8
116.5
123.4
113.5
114.2
99
78.8
107.7
80.1
85.8
85
85.5
62.9
75.4
114.4
93.6
85.3
67.3
75.7
75.8
74.4
73.2
74
65.6
69.4
76.2
80.7
95.8
67.7
69.4
84.5
94.5
73.2
94.6
85.3
80.8
87.2
72.1
71.6
68.3
82.3
78.5
74.1
77.8
62.5
60.5
69.4
64
67.5
59.1
41.6
45.9
37.1
39.2
37.2
40.9
37.1
41.3
53.6
88.5
51.3
60.6
56.3
57.5
73.5
66.25
62.625
59
54.5
59.3
52.6
62.2
70.9
75.3
94.1
81.2
71.3
65.6
63.2
58.5
78.2
71.5
69.2
87.6
81.2
74.1
90.3
68
76.5
89.6
90.7
85.8
95.6
106.7
106.7
109.6
97.8
124.4
104.5
123.3
122.2
92.2
111.4
92.6
119.9
87.6
91.8
76.9
76.6
79.9
99.5
101.6
92.4
96.6
82.1
75.1
90.8
77.2
78.1
80
77.5
78.3
74
77.7
76.5
88.9
122.9
95.1
117.8
106.3
116.7
88.4
91
96.1
83.6
82.1
83.9
74.7
72.4
79.1
70.2
63.1
66.7
54
50.2
43.3
43.3
41.2
39
39
31.1
35.2
37.1
39.3
45.3
35.2
33.1
29.1
31.1
52
43.4
50.9
54.65
58.4
54.1
47.8
56
49.8
56.1
62.5
58.7
47.7
47.8
62.8
75.7
81.7
81.2
71.1
73.5
69
66.7
68.7
81.5
73.2
64.5
67.4
73.4
69.2
75.6
65.3
82.3
84.4
86.8
79.9
73.1
80.4
77.5
38.2
57
54.7
67.5
50.9
53.1
38.9
30.2
31.9
26
30.8
36.2
24.1
24
26.3
30.3
30.1
32.1
28
27.9
28
30.1
32.1
30
34.2
40.2
50.6
29.8
29.9
27.7
25.4
25.6
23.4
23.4
27.5
23.4
27.5
46.6
19.3
17.3
19.3
19.4
15.3
25.4
33.4
37.6
35.6
29.2
29.4
25.1
27.1
37.3
25.1
21.3
7.2
7.2
7.2
11.3
7.3
9.3
15.6
18.75
21.9
30.4
33.1
28.2
30.3
33
39.2
45.4
33.7
45.2
42.9
43
42.8
70.2
51.9
55.6
53.2
54
67
86.5
87
84.6
91.5
114.4
122.1
119.2
115.6
91.3
102.3
123.1
102.4
128.3
116.6
129.10001
117.5
99.7
95.2
127.1
120.8
90.3
111.8
112.3
104.6
116
129.10001
119.3
113.8
114.4
115.4
98.9
118.2
106.9
98.7
86.1
95.8
98.6
86
92.2
79.1
86.9
94.1
71.7
96
121.9
92
86.8
85.2
102.7
84.7
89.5
103.9
110.2
107.7
90
90.6
93
78.5
82.8
82.9
80.9
52.8
54.9
52.9
52.7
59.7
58.6
63.6
61.7
58.7
59.2
66.9
65.4
63.7
64.4
65.9
66.65
67.4
99.3
95.1
112.3
110.6
118.5
102.7
90.7
106
106
112
135.7
138.39999
112.9
125.7
114.2
113.1
111.1
120.5
122.4
141.10001
122
139.60001
153.39999
159
165.3
154.60001
132
153.3
141.7
143.8
171.10001
161.10001
181.39999
166.39999
171.10001
154
130
103.6
139.39999
119.9
125.4
155.89999
148.7
156.39999
109.9
102.5
144
129.39999
97.2
138.7
106
137.7
97.8
108.6
89
119.5
113.8
149.5
119.1
107.7
136.39999
110.1
92.2
94.2
123.7
100.6
134.8
110.8
127.6
101.3
97.1
90.9
113.9
100
95.1
91.2
90
85.8
72.6
76.8
71
69.2
64.1
59.9
61.4
65.9
67.7
65.6
65.8
63.9
64.4
64.9
75.2
79.2
81.2
83.2
82.1
86.2
80.5
81.3
93.3
83.7
94.1
84.8
91.7
81.3
93.7
88.9
85.4
82.6
76.2
95.2
88.2
102.3
91.3
94.2
90.7
92.5
90.1
103.9
89.4
95.8
89
92
84.4
96.4
103.4
95.8
113.7
95.5
94.9
96
106.6
91.3
96
97.4
129
87.5
79.3
115.5
116.5
82.2
78.7
77.6
85.9
85.9
87.6
86.7
94.4
76.3
85.9
73.8
82.2
83.2
71.9
75.5
70.4
71.4
72.9
77.3
70
77
73.4
77.4
73.4
70.7
77.6
73.9
72.8
81.5
79.8
81.3
69.5
67
68.8
62.6
60.6
57.3
54
58.1
50.6
43.6
52.1
55.7
67.4
60.2
57.6
57.1
62.6
64.65
65.675
66.7
75.8
77.4
86.7
83.3
74
76.2
105.4
80.5
85.5
88.6
89.8
84.4
133.10001
107.9
95.9
95.1
92
86.1
104.5
100.5
104.7
86.1
93.1
96.7
117.3
115.1
119.9
94.3
109.1
111.2
105.3
91.4
119
110
99.2
98.2
132.60001
115.1
114.6
114.5
120.1
175.89999
164.7
164.89999
154.39999
141.3
161.2
139.5
125.7
134.10001
133.60001
133.8
162
175.3
145.8
171.3
188.2
194.60001
202.8
210.89999
180.10001
187.10001
162.89999
170.7
168.10001
176.10001
139.3
181.39999
161.7
159.2
152.3
133.60001
150.3
146.3
167.39999
144.2
137.8
136.10001
97.4
98.9
118.1
115.4
100
90.8
112.1
123.7
122.4
125.3
109.6
115.8
122.3
131.5
116.4
124.2
128.1
132
121.5
137.7
140
155.89999
158.39999
157.3
156.3
167
166.10001
170.89999
185.60001
165.3
164.2
164.60001
148.89999
128.89999
145.5
114.1
131.10001
149.5
196.3
156
178.10001
181.7
149.3
134.39999
84.4
99.5
94.5
105.2
75.8
89.1
70.2
76.5
76
76.9
87.1
74.8
71.7
74.9
73.3
76.6
75.3
80.7
79.2
83
75.5
70.4
73.7
88.6
85.3
91.5
88.9
110.4
120.7
95.5
90.6
105.2
92.9
114.7
106.8
98.3
111.1
113.1
119.2
115.2
143.7
131.8
118.7
140
105
121.4
99.9
95.7
111
90.3
84
58
64.3
59.6
71.2
51.9
57.6
53.7
61.2
60
67.3
67
61.7
66.7
64.7
97.8
80.3
80.05
79.925
79.8
76.5
84.9
87.5
96.3
102.3
109.7
111.5
85
89
100.9
118
87
95.3
103.9
110.3
92.8
109.1
112.6
102.2
142.3
112.9
126.8
113.3
143.39999
122.6
154
135
124.8
143.60001
137.3
114.1
111.9
110.6
122.3
113
115.6
124.5
126.4
119.1
118.9
130.5
123.8
127.4
115.3
137.10001
125.950005
120.3750025
117.58750125
116.193750625
115.4968753125
115.14843765625
114.974218828125
114.887109414063
114.8
137.5
155
135.2
149.5
130.60001
121.3
136.8
113.7
108.2
102.7
115.8
119.3
107.9
114.8
133.2
130.10001
138.8
97.1
99.3
93.3
99.2
75.1
76.9
92.9
84.8
67.6
56
45.8
44.7
53.5
69.9
74
64.7
73
66.2
63.2
65
68
71.8
69
67.6
66.2
74.7
86.7
94.8
90.4
94.4
100.9
123.7
120.4
112.6
100.8
139.5
125.9
139
130.39999
112.2
108.7
107.7
105.1
115.3
126.3
163.5
150.3
150.39999
143.2
182.39999
166.7
123.3
125.9
134.89999
135.2
143.2
132.89999
130.10001
115.6
170.39999
92.7
123.5
159.5
118.4
168.5
137.5
133.89999
176
110.2
121.7
124
133.15
137.725
142.3
128.60001
117.2
146
175.3
154.60001
136.60001
140.10001
178.60001
162.2
136.39999
150.2
160.89999
134.5
166.2
156
172.89999
164.2
172
164.60001
186.10001
156.8
151.3
139
117.8
126.7
129.5
141.89999
123.8
126.9
113.5
92.9
94.4
89.1
93.1
96.9
87.9
88.6
90.6
96
101.6
100.7
109.6
96.5
100.5
112.95
119.175
125.4
137.39999
135.89999
125.3
88.8
106.8
163
153.5
138.2
150.2
131.8
136.60001
143.3
144.3
144.2
177.60001
168.10001
143.7
148.60001
152.8
151.7
161.60001
127.6
139.5
162
180.7
137.10001
133.7
137.3
153.60001
184.5
181.7
156.60001
209.7
204.7
159.3
170.60001
187.3
164.5
190.5
185.5
173.3
187
166.7
179
153
180.7
156.89999
148.89999
166.3
142.8
158.39999
169.5
175.2
169
137.39999
137.5
180.3
178.5
175.5
177.2
190.5
127.4
120.2
147.89999
100.3
135.5
133.2
120.6
138.7
142.7
115.5
99.1
73.8
74.6
83
75
75.9
74.5
65.7
53.9
68.8
68
65.3
61.3
77.4
65.4
64.4
68.4
70.6
61.7
62.6
60.6
75.6
88.9
95.55
102.2
100.5
101.3
102.3
104.4
112.5
113.6
112.3
121.1
115.8
116.8
83.7
92.5
100.9
94
105
113.6
99.7
118.6
148.60001
124.5
172.10001
163.8
167.2
161.3
135.3
129.5
149.10001
166.8
149.10001
104.8
252
344.79999
335.39999
311.70001
316.29999
86.1
83.7
71.8
77
80.5
76.7
57.1
66
55.2
61.6
61.8
76.8
83
79.9
105.6
93.2
86.9
103.2
91
98.1
124.3
107.5
105.9
94.5
107.8
141.2
145.89999
81.2
99.3
76.4
82.1
87.5
94.3
93.6
129.3
85.3
94.1
74.3
72.9
76.6
70.2
71.2
40.9
48.3
49.9
43.6
40.9
45.1
49
45.6
50.4
50.6
44.2
55
53.2
51.2
51.4
52.1
56.2
58.25
60.3
63.6
66
67.9
73.8
74.7
98.5
83.9
85
81.3
92.4
110.2
99.6
80.4
80.6
106.8
133.89999
121.5
106.5
116.7
107.5
95.6
97
131.39999
116.5
116.4
136.2
111.4
91.9
96.4
78.1
74.7
86.6
72.3
76.2
73.5
78.7
77
71.5
78.4
83.9
86.7
79.7
75.1
85.2
77.8
69.4
78.2
68.3
72.9
69.3
74.4
69.8
59.3
66.3
61
56.8
63
79.8
70.4
69.4
85.6
76
74.3
72
86.1
90.8
78.7
69.8
70.6
82.5
87.8
62.6
64.9
74.6
58.5
60.1
53.2
45.1
40.7
38.6
42.9
45.6
43
38.6
52.7
60.2
70.5
56.8
53.1
49.5
47.5
53.8
56.5
56.65
56.725
56.8
61.2
58.2
63.7
67.1
70.4
60.7
61.5
67.5
90.6
89
74.2
88.8
94
89.9
98.4
118.3
123.5
142.60001
125.5
129.10001
111
136.10001
121.9
100
87.7
125
156.39999
144.5
110.3
129.5
120.9
165.39999
124.9
134.60001
128.3
110
129.60001
113.1
114.9
114.5
120.4
87.5
127
135.39999
105.9
106.3
135.60001
132.2
141.3
151
163.89999
122.9
120.8
162.89999
111
139.10001
134
140.10001
150.2
189.3
98.4
86.4
78.9
100.9
89.4
90.2
78.1
65.6
84.9
82.1
74.4
77.3
69.6
113.5
83.3
88.4
91.2
90.6
54.5
63.4
64.1
73.3
82.4
59.2
56
64.3
55.4
63.6
60.3
63.9
77.1
70.6
94
106.45
112.675
118.9
109.5
110
117.7
110
91
137.3
125.3
115.9
132.8
134.10001
126.3
124.2
136.89999
137.39999
142.10001
102.2
144.2
164.89999
131
107
113.7
108.1
108.7
124.5
146
186.60001
145
135.7
152.8
146.2
151
146.10001
150
162.39999
171.2
173.2
156.3
139.39999
111
112.3
142
134.2
104.4
110.3
119.6
124.8
101.9
125.8
119.9
137
112.3
114.2
94.9
96.2
115.3
121.7
121.3
102.4
98
99.3
103.9
92.5
93.4
126.5
96.7
112.7
100.9
67.4
72.2
78.2
75.8
61.4
69.7
64.7
58.9
57.8
54.8
55.4
53.1
54.6
54.8
55.3
55.6
59.4
58.6
55.9
58.4
58.5
66.1
61.9
59.3
58.4
67.9
71.5
73.3
75.1
92.2
80.7
75.9
65.7
55.5
54.9
62.8
60
57.6
73.7
65.4
66.9
68.7
75.9
84.2
85.3
92.5
105.7
89.9
103.8
95.8
98.4
97.5
84.1
84.1
90.9
91.3
94.1
110.7
109.2
126.9
131.2
124.9
172.10001
144
136.2
130.39999
116.6
103.5
119.3
111.9
91.6
81.1
87.2
94.6
93.8
88.9
103.5
109.9
107.9
110.3
117.2
107.9
96.2
151.7
150.3
171
153.2
191.10001
144.5
148.10001
193.10001
181.5
158
166
147.5
120.4
123.4
147.3
107.9
121.3
116.9
149
119.9
141.8
143.7
114.5
99.3
98.4
83.7
84.1
78.3
78.2
79.4
87.6
78.5
83.1
79.7
74.3
76.3
95.3
82.1
98.6
100.1
100.85
101.6
123.3
114.3
106.1
89
112.7
92.6
99.1
85.4
95.2
85.1
79.9
78.2
84.7
82
80.8
76.7
82.8
84.6
100.8
113.1
99.6
94
80.3
81.3
87.7
81.6
90.8
87.3
89.3
106.9
97.8
88.3
86.6
78.4
78.8
77.2
80.3
93.7
112.4
99.3
77.7
93
75.8
87.8
97.1
84.1
92.4
94.7
101.4
82.3
97
84.2
115.1
103
105.5
104.1
115.5
110.8
95.6
100.8
89.6
101.6
94.3
94.9
91.6
86.5
95.1
86.4
77.5
85.9
78.7
76.7
71.9
64
73.1
69.8
80.9
71.1
65.7
63.5
64.15
64.8
70.9
71.9
75.9
68.5
65.3
70.3
84.6
103.9
131.8
147.5
150.5
153.65
155.225
156.8
181
199.8
226.5
235.39999
261.79999
261.10001
291.20001
255.5
247
249.5
251.3
259.89999
272.10001
262.89999
229.39999
248.3
217
202.3
202.5
213.89999
178.3
169.2
215.89999
226.7
225.39999
236.8
188.2
194.2
184.2
190.60001
200.8
181.89999
197.5
161.3
163.5
205
155.39999
169.3
133.39999
143.10001
146.8
145.3
129.5
134
147.5
176.39999
154.8
114
137.60001
139.8
139.7
148.3
169.60001
188.7
171.10001
173.7
192
197.8
182.60001
178.5
163.10001
156.89999
152.89999
133.89999
133.7
148.39999
156.89999
183
139
130.5
130.2
141
122.8
132.3
130.3
128.7
138.89999
164.89999
137.60001
144.60001
139.10001
136.60001
149
148
150.3
145.3
158.2
148.10001
146.10001
142.8
153.10001
159.89999
157.7
151.650005
148.6250075
145.60001
151.3
159.60001
147.7
168.60001
167.60001
186.10001
210.10001
191.7
193.60001
190.2
193.60001
215.2
222.3
224.89999
228
208.2
202
205
223.39999
202.5
272.5
187.7
194.8
191.3
144.8
146
153.10001
132.7
172.2
179.3
166.10001
138.5
120.7
111.9
105.4
96.1
87.4
85.8
91.6
101.3
76.6
79.6
73.1
86.8
67.2
82.7
87.1
75.4
70.9
75.6
80.2
72.3
96.2
74
72.7
80.6
75.7
86.8
99.3
101.8
95.3
93.3
79
81.2
76.1
80.6
68.1
74.7
72.2
72
53.2
53.5
42.9
38.5
46.4
36.5
30.7
30.3
28.1
18.3
11.9
12.9
13.4
13.9
13.85
13.825
13.8
13.8
13.9
15.8
13.9
13.9
17.8
20.95
22.525
24.1
28.6
28.5
32.3
34
40.7
38.6
45
55
57.1
54.5
50.7
59.8
46.7
40.4
43
38.8
38.7
38.7
41
44.7
43
36.7
36.7
41.7
38.9
39.1
40.8
45.6
72.6
70.5
69.4
58.9
62.8
43.2
47.8
52.2
50.1
56.4
66.8
49.3
60.6
65.4
61.1
54.6
58.6
49.9
60.4
62.9
52.3
54.6
37.5
45.9
43.6
55.8
40.4
37
41.3
54.5
53.7
58.8
53
54.9
55
54.7
52.4
58.3
65.2
51.2
53
31.9
32.2
30.3
30.6
20.1
20.3
46.5
45.2
42.5
42.3
38
30.7
36.4
28
34.2
36.4
30.6
34.6
38.7
37.1
38.8
49.3
64.5
55.7
69.4
76.25
83.1
66.3
91.6
80.8
92.1
100.4
100.9
97.6
93.9
116.5
109.1
108.4
95.2
119.4
118.5
135.7
110.4
112.6
129.89999
135.8
130.2
147.60001
146.3
114
127.2
177.10001
143.89999
159.2
136.2
165.89999
146
137.89999
178.7
153.5
152.39999
139.39999
148.10001
132.8
155.39999
156.8
141.60001
170
111.8
113.6
96.6
76.2
86.1
85.5
95.3
79.5
93.6
97.8
101.3
134.7
88.3
87.9
109.1
92.5
100.7
121.9
94.6
89.4
95.7
92.5
85.6
102.4
116.3
102.4
84.3
76.4
85.6
84.9
79.1
68.8
77.8
67.1
71.3
81.8
78.7
66.6
65.7
75.3
59
63.6
60.9
79.4
64.6
82.1
80.6
76.9
86.9
78.5
75.1
86.3
93.85
97.625
101.4
81.3
88.5
36.2
40
30.6
33.7
36
28.1
47.5
51.5
53.2
51.7
49.2
47.6
43.8
50.1
73.1
60.4
52.3
56.4
68.3
74.3
81.3
63
66.1
53
45.8
66.6
41.9
60.8
56.5
56.5
65.1
68.4
63
67
50.5
60.8
60.8
65.4
60.8
78
68.4
72.3
57.1
60.7
46.3
53
62.1
61
73.5
69.8
74.7
65.6
64
80
111.6
81
63.7
76.8
69
73
61.6
79.5
91.2
121.3
91.7
138.39999
111.5
100.6
114.9
78.8
76.9
66.6
70.2
49.9
40
40
35.8
44.8
38.3
39.7
44.2
44.5
52.5
42.2
49.4
48.9
54.1
64.7
57.3
68.2
79.2
80.6
81.3
82
88.5
83.4
99.4
79.2
70.4
66.6
79.6
74.7
79.4
83.3
99.2
83.4
81.1
88
94.6
124.5
121.5
143.7
154.89999
194.89999
185.39999
160.8
142.8
165.2
148.2
151.89999
143.7
138.39999
145.89999
160.8
152.5
147.5
151
146
115
114.2
100.2
73.8
97.6
100.8
87.7
76.4
73.1
73.8
63.6
62.7
65.8
72.8
73.2
70.8
75.7
76
72.4
60.5
75
92.4
93.1
93.3
108.5
106.7
90.8
79.6
82.5
87
96.4
105.9
109.4
114.7
127.9
115.4
116.6
93
71.4
60.9
58.2
50
39.2
47.5
39.3
41.1
35.4
35.3
39.1
29.9
25.3
25.1
21.1
23.2
27.5
27.2
25.2
29.2
31.1
36.05
38.525
41
45.2
45.5
39.4
43.6
41.6
44
39.5
41.5
40
41.4
37.8
41.7
35.7
41.8
44.6
43.4
57.1
57.9
54.7
50.4
54.4
60.1
66.5
66.5
77.7
67.3
77.5
94.4
72.8
82.2
80
72.9
67.6
65.2
53.1
52.9
52.9
58.3
63.6
42.5
46.5
53.7
61.45
65.325
69.2
63.4
59.3
51.5
57.4
69.7
60.3
58
57
54.7
85.5
60.2
70.6
67.9
73.6
81.7
84.9
72.8
75.7
81.9
98.2
92.6
102.4
86.3
92.2
92.8
87.4
80.4
87
84.8
70.7
50.4
46.7
41.6
33.4
37.4
33.3
29.1
31
29.2
27.4
27.3
23.2
25.2
25.2
21.4
19.4
23.5
27.6
31.55
33.525
35.5
42.1
43.8
46
42.3
40
40.4
42.1
43.9
43.6
42
50.5
46.4
47.9
50
51.9
51.7
66
72.7
87.9
96.5
97.4
104.1
88.5
71.8
86.7
75.6
82.9
108.1
124.4
134.39999
146.5
144
137.89999
129
153.60001
123.9
137.10001
116
110.2
103.6
87.4
99.6
94.2
89.3
124
136.89999
139.8
145
118.7
151.89999
109.5
137.3
138.2
122.4
182.89999
170.39999
189.2
188
152.7
145.3
128.8
127.6
91.4
99.3
119.5
111.3
126.6
111.3
118.1
109.2
76.7
71.4
75.3
75.9
68.1
61.5
65.3
65.4
49.9
55.7
45.7
43.1
31.3
31.3
37.4
25.1
31.1
31.1
25.2
31.3
27.3
19.4
21.5
21.55
21.575
21.6
33.9
41.7
42.6
38.3
37.7
46.6
63.1
52.7
42
46.3
42.3
39.6
35.7
33.4
34
46.1
47.8
56.1
63
68.3
69.1
69.3
83.1
86.9
85.1
74.9
86.2
81.4
66.2
88.7
80.5
91.9
70.2
79.1
95.1
86.3
97.3
99.4
70.5
64.2
58.8
57.7
69.1
79.3
84.4
69.3
65.7
79.9
79
84
81.5
93.1
76.7
76.7
74.1
81.5
100.1
99.8
118.4
109.4
92
119.6
109.7
125.7
126.8
109.3
127
129.5
74.8
115.4
80.8
63.3
58.6
51.9
49
44.8
37.9
38.1
30
23.5
19.6
17.6
15.5
21.3
21.4
25.1
27.1
23.2
23.4
21.4
21.4
23.3
23.3
28.7
31.4
34.1
41.5
31.6
41.7
47.3
55.7
63.8
72.5
47.5
39.4
48.5
35.9
34.3
52.9
47.1
47
55.4
55.2
51.2
53.4
51.1
61.6
76.5
87.2
77.8
78.2
83.1
90.7
65.4
101.3
130.3
99.4
102.3
147.10001
131.89999
81.6
138.89999
114.1
141.3
128
95.4
120.8
110.7
85
125.4
113.8
115.9
124.1
136.10001
76.8
97.8
102.8
108.3
100.1
110.8
73.7
64.3
76.9
99.4
103.2
88
91.1
81.7
84.5
81.5
87.5
70
77.4
65.3
69.9
53.6
65.5
62.6
57.8
52.7
52.5
55.1
51.8
66.2
65.2
47.1
58.5
51.3
55.5
52.4
71.3
54.9
55.2
50.7
40.5
45
59.1
61.7
60.1
65.05
67.525
70
69.3
81.6
74.5
61.7
60.5
61.5
88.2
77.3
79.8
82
67.7
60.9
71.2
66
70.5
60.5
64.4
69.3
80.5
76.5
82.9
76.4
78.4
86.5
74.3
69.7
85.4
79
76.1
79.1
73.1
96.1
97.3
92
79
75.4
81.6
74.7
65.4
69.2
72
89.1
66.7
79.4
71
85.7
96.5
74.2
84.7
78.6
77.3
88.4
80.2
84.7
78.9
92.7
82.1
84.5
75.4
76.7
74.5
76.3
71.9
75.8
88.5
81.9
74.5
75.9
92.5
78.8
101.7
81.6
62.4
84.9
86.4
97.7
82.8
82.6
71.2
62.4
64.7
63.7
57.6
60.1
61.9
66.3
59.2
67.7
59.2
58
63.7
68.3
62.2
67.9
70.75
73.6
81.3
83.3
88.1
87.5
85
85.9
84.2
82.3
87.5
89.8
92.4
93.5
90.8
90.5
93.4
91.5
88.1
90.4
95.7
102.7
105.2
109
104.9
104.3
107.4
117.1
115.2
101.9
106.2
105.4
105.5
101.2
105.2
95
102.9
68.5
78.3
81.8
79.1
72.4
72.5
70.7
71.8
68.9
118.6
85.2
79
80.6
85.4
84
99.9
90.3
89
86.4
99.7
94.3
83.2
89.6
95.3
100.8
97.5
103.4
100
97.1
111.4
126.4
142.5
154.39999
163.10001
122
131
108.2
104
87.1
70
69.8
84.8
74.2
72.6
65.2
83.4
77.7
78
83.8
70.7
73.6
75.9
60.9
71.6
73.6
74.8
70.7
73.8
86.6
93
99.4
81.1
86.7
94.2
87.2
101.9
97.5
90.7
94.2
90.1
84
93.8
91.4
91.1
87.6
100.2
113.5
113.8
108.7
109.7
137.60001
139.8
133.39999
141.10001
150.89999
150.3
124.4
139.10001
168.3
124.2
113.5
102.6
131.2
107.9
86.6
79.6
87.2
90.3
79.2
66.5
46.5
54.8
51.4
59.1
61.1
56.7
58.4
84.3
71.9
75.9
93.7
92.05
91.225
90.8125
90.60625
90.4
82
105.8
91.9
103.3
100.3
112.4
99.4
105.1
129.10001
96.7
106.7
130.5
145
106.4
117.2
99.1
84.9
78.5
98.2
111.8
80.2
98.4
60
38.4
38.7
28.6
35.4
47.5
46.4
57.1
46.5
50.6
60
56.9
70
61.9
59.6
69.2
84.05
91.475
98.9
103.4
114.2
111.9
115.3
110.2
91.5
117.3
115.6
119.7
116.5
119.7
112.6
97
121
107
123.7
125.5
130.8
136.3
138.2
167.7
142.10001
177.7
131
172.3
187.60001
167.39999
202.10001
199.7
176.10001
177.3
180.60001
176.5
150.5
150.10001
137.8
160.2
145.89999
107.6
154.8
126.8
128.89999
149.2
167.8
159.7
151.10001
154.10001
123.9
182.5
158.89999
103.8
121.4
95.3
107.7
85.7
132.60001
164.89999
152.89999
133.10001
120.1
152.39999
142.60001
151.39999
149.10001
147.2
193.60001
177.2
150.7
120.4
101.2
109.8
127.8
98.4
105.6
85.8
94.8
95.1
96
55.8
68
62.5
50
52.1
50.4
56.2
56.1
65
60.5
65.3
63.7
71.4
57.7
64.2
71.5
75.15
78.8
79.1
75.1
82.8
82.5
73.1
87
96.7
83
79.2
84.7
81.1
80.2
91
85.6
86.3
107.2
100.6
113.3
86.8
103.9
111.5
109.6
101.3
106.9
105.7
106.1
106.9
117.9
109.7
108.4
109.4
190.3
100.3
117.4
100.5
128.2
105.2
122.4
91.9
104.9
122.9
97.5
125.8
110.2
116.6
117
85.2
116
116.3
106.5
92.2
77.5
78.4
90.6
94.1
104.3
110
105.3
92.6
102.5
102.6
104.8
102.4
113.9
101.5
99.1
97
103.3
99.8
80.2
67.8
58.8
66
52.2
62.8
53.6
59.6
46.1
31.9
34.7
32.2
27.9
23.6
21.5
21.5
23.7
25.6
25.6
36.6
25.4
25.5
29.9
34.5
39
41.25
43.5
43.2
41.8
49.2
43.5
47.7
64
46.1
50.9
49.6
52.5
54.2
61.4
63.3
63.9
76.9
70.4
72.7
84.8
79.1
93
105.6
98.4
112
95
110.9
105.2
96
100.6
91.5
102.8
115.5
101.1
104.6
109.3
92.6
117.1
90.2
109.7
102
83.6
101.2
102.9
85.4
93.2
83.7
77.2
91.2
94.3
99
101.8
80.9
90.5
74.3
82.7
97.7
85.2
91.5
85.3
71.8
81.5
95.9
77
92.1
97.8
97.5
88.4
82.2
92.5
85.3
72.2
77.3
67.1
72.2
70.9
63.2
68.4
56.6
48.2
35
29.7
32.1
38.6
34.1
40.9
58.3
49.1
49.4
40.3
53.6
58.8
50.1
38.2
45.3
51.1
54
56.9
54
61.9
60.8
54.7
54.8
61.8
52.8
45.8
46.4
49.9
52.3
58.9
59.1
52.1
57
65.1
58.2
72.7
79.3
72.3
62.4
69.3
71.6
77.3
85.2
77.9
86
78
67.5
69.4
64.5
55.5
72.5
82.1
51.1
60
70.4
63.1
43.2
66.6
53.9
62.3
47.9
48.1
58.8
49.9
56.9
48.7
42.5
44.6
40.4
45.5
42.2
61.1
54.8
46.1
45.7
53.7
44.8
46
37.9
42.6
45.1
47.9
42.2
38.7
37.3
32.7
30.2
42
34.5
41.8
45.8
45.6
27.9
32.5
28.2
23.3
25.5
28.1
23.3
25.4
25.5
33.9
34
40.4
41.1
43.5
42.8
57.4
50.7
47.7
49.3
57.9
62.2
66.5
72.3
77.9
79.6
83.6
75.5
83.7
75.4
83.5
92.2
101.1
102.8
118.7
120.8
119.7
136.2
121.8
118
122.4
115.3
102.5
132.60001
134.89999
128.2
124.1
120.4
144.8
122
137.3
130.10001
129.89999
115.4
99.8
106.7
150.8
144.7
136.89999
172.5
135.7
176.3
139.8
89.9
133.2
87.2
84.6
85.3
94.3
98.6
83.8
111.3
125.9
89.2
118.2
125.4
131
113.1
123.9
129.89999
120.2
124.1
134.89999
128.39999
109.7
109.3
111.5
95.3
128.8
111.9
94.9
131.60001
108.9
108.3
111.1
106.3
98.4
106
104.9
98.8
100
114.4
100.1
108.4
97.1
72.5
67.8
90.8
77.7
78.7
89
75.1
79
69.4
66.2
71
71.35
71.525
71.7
62.9
87.1
77.4
80.9
87.4
91.7
98.1
90.1
108.7
98.2
97
98.7
98.7
110.7
106.2
113.6
127.7
102.4
114.2
109.7
116
121.1
127.6
114.5
138.60001
121.5
149
122
132.89999
149.89999
150.2
150.89999
173.39999
205.2
129.7
150.5
191.7
182.8
91.2
129.5
135.2
98.4
123.7
97.2
125.6
127.6
126.1
124.9
99.7
125.7
154.10001
190.89999
189
118.5
116
147.60001
123.6
153.5
122.6
142.2
170.60001
131.2
165.2
125.4
114.1
155.10001
125.4
97.6
89.2
103.2
106.1
125.6
101.1
90
62.5
56.6
74.7
50.4
44.8
48.3
27.9
23.5
21.6
16.8
12.5
17
13
21.6
14.7
14.7
18.8
35.9
25.2
27.6
28.8
30
40.6
51.5
45.5
52.3
61
54.9
85.6
63.7
77.2
88
98.2
94.5
80.1
71.4
69.6
65.2
65.4
65.7
63.1
90
95.5
114.7
108.9
120.3
102.3
126
85.1
123.9
117.2
97.3
98.2
106.9
110.9
123.3
166.5
130.2
108.2
87.3
122.5
80.6
89.8
111.1
85.5
98.7
141.2
124.3
91.6
157.39999
125.5
111.9
147.8
92.4
149.3
238.7
179.2
156.7
134.2
136.5
114.4
140.60001
144.3
138.3
152.10001
153.39999
130.3
115.1
143.39999
124.5
133.8
135.7
121.4
132.39999
105.8
119.1
104.1
87.6
75
51.6
65.3
43.8
41.7
41.3
34.3
27.7
23.4
25.2
25.5
23.3
23.5
16.6
23.2
19
23.4
24.45
24.975
25.5
27.8
31.8
25.7
36.4
43.2
47.7
46.8
46.7
41.1
44.2
47.8
49.9
41.5
49.5
41.3
54.2
49.5
49.4
85.7
73.5
84.8
67.5
76.2
77.7
81
95
103.2
62.1
63.7
59.4
76.1
61.2
59.6
84.7
85.6
105.3
105
108.9
75.8
102.7
97.9
139.10001
75.1
55.6
87.4
79
81.2
79.5
47.3
67.5
77.6
87.7
82.6
81.6
124
146
119.9
116.9
89.3
85.1
82.1
73.3
79.7
111.2
104.2
96.6
105
100.9
108
97
116.7
110
97.5
109.1
98.4
84.5
75.7
79.6
85.5
69.6
77.5
67.5
71.7
67.3
62.9
56.1
58.5
53.8
62.7
57.9
60.2
71.4
75.2
82.2
85.7
89.2
86.8
102.2
49.2
67.5
68.9
66.4
62.6
62.6
71.5
86.5
76.9
74.6
75.5
84.5
72.4
76.8
76.4
88.5
97.9
83.3
86.6
91.3
100.9
96.4
124.5
95.8
149
132.7
97.6
85.5
143.89999
148.60001
141.5
147.5
117.6
98
90.7
82.3
76.4
84.8
121.8
87.6
75.9
71.3
84.8
89.8
81.8
80.6
71.4
68.9
70.2
62.8
75.3
75.4
73
79.3
67.3
68.2
68.3
82.1
79.7
72.7
68.7
65.9
71.3
73.1
79.7
65.1
76
72.6
77.9
63.7
68
65.7
61.4
54.4
59.1
61.4
58.2
49.6
53.8
55.9
43
44.9
49.6
49.1
47.2
45.3
44.8
49.2
53.4
51.2
47
48.2
48.8
49.4
53.8
53.7
58.5
77.2
71
83.4
82.1
88.4
78.1
72.6
77.4
82
91.8
89.5
117.3
129
125.5
114.7
129.89999
125.2
122.9
138.5
168.10001
131.10001
159.89999
130.60001
148.8
166.3
166.89999
91.1
92.8
119.5
132.10001
133
164.5
95.4
115.1
119
107.6
64.7
91.8
62.5
79.8
77.7
71.2
50.4
79.8
83
65.2
72.4
67.5
65.8
74.5
63.4
80.4
81.1
63.5
71.8
88.4
75.8
69.2
77
83.7
88.3
69.1
71.1
80.5
100.7
107.1
114.4
112.9
107.5
108.5
103.7
78.1
91.2
82.4
77.3
75.9
64.5
62
37.1
40.9
34.6
41.1
32.8
30.4
49.1
42.7
38.5
49
49.1
67.9
61.65
58.525
55.4
73.9
83.1
72.2
86.6
91.3
84.5
105.9
97
113.4
110.8
97.4
106.3
109.1
116.3
120.4
121.7
115.5
114.1
108.6
118.8
130.5
123.9
137.39999
128.89999
151.7
167.2
159.89999
174.3
171.89999
166.89999
142.10001
145
164.2
157.5
158.10001
171.2
156.3
174
118.2
110.6
109.6
119.5
125
96.1
92.4
78.3
87.9
96.5
98.6
89.9
130
87.8
92.2
98.5
101.7
96
102.5
122.3
94.4
102.8
126.1
143.39999
145.3
153
153.10001
143.10001
133.10001
165.7
155.60001
130.7
133
129.7
111.3
107.5
113.2
128.60001
102.3
95.3
83.8
87.4
90.6
77.3
51.3
48.5
52.4
28.9
32.9
30.9
31.1
28.9
35
34.7
39.3
40.35
40.875
41.4
36.9
39.3
39.7
48.9
47.1
42.8
49.5
56.6
53.5
57.2
63
59.5
67.3
57.4
57.7
68.8
70.1
58.3
56.5
60.4
55.8
67.1
61.2
65.8
63.8
59.3
74.4
75
64.1
72.3
59.7
57.7
83.5
94.5
68.1
79.1
83.5
76
90.6
89.5
76.4
88.7
84.5
86.8
92.1
92.5
91.5
91.5
88.5
89.3
89.8
79.3
89.9
81.4
87.6
86
93.9
93.6
80.8
84
91.7
76.6
76.1
76.6
78.1
80.8
80.1
80.3
73.9
76.4
85.1
69.8
69.1
70.8
57.6
61.5
56.8
56.4
74.8
58.9
47.6
42.9
38.9
45.6
42.8
38.6
40.8
35
32.4
32.4
34.7
34.5
34.5
39.6
42.15
44.7
49.2
51.5
55.2
59.9
64
62.1
68.2
70.3
72.8
71.3
72.6
78.8
76.9
81
90.3
83.6
92.3
88.3
90.4
84.2
82.1
91.1
92.6
93.4
84.6
78.6
78.2
83.6
89.5
74.3
80.4
82.4
103.4
85.6
74.4
80.3
91.2
70.2
75.3
74.9
82.3
68.4
70.8
68.6
73.8
71.6
71.95
72.125
72.3
73.3
67.7
56.1
64.7
74
67
69.1
64
64.3
60.7
65.4
72.4
70
67.5
72.3
67.6
68.3
74.2
77.3
87.5
85.4
91
82.4
84.3
79.6
74
71.8
67.5
71.8
71.5
58.5
56.2
43.3
45.5
38.8
38.7
38.7
38.9
37.4
38.8
34.7
34.7
32.6
32.6
33.6
34.1
34.6
38.9
39
37
43.2
49.7
52.4
45.5
51.7
47.4
60.8
56
58.3
85.4
68.8
64.4
68.8
73.2
70.9
62.3
67.1
73.5
71.4
64.5
68.8
71.4
62.7
64.9
65
74.6
61.1
55
59.1
57.3
52.6
50.5
63.8
66.6
55.7
59.2
67.4
59
62.1
37.8
51.1
44.2
75.7
63.2
56.9
50.6
51.2
48.3
56
36
51.1
42.3
50.5
53.1
48.5
46.9
57
56.4
50.7
48.7
44.4
46.7
46
43.8
43.9
45.8
39.3
37.5
43.7
41.5
37.2
41.5
41.8
43.5
41.2
33.1
43.1
41.1
38.9
36.8
35.2
28.9
32.7
37
26.7
28.9
24.7
24.7
31.1
28.8
30
30.6
31.2
33.5
31.1
37.3
33.2
39.8
37.6
44.5
44.2
46.1
45.9
53.4
52.7
61.5
50
50.1
55.5
54.5
47.9
58.6
52.6
52.9
61
65.3
68.5
52.3
63.2
78
79.1
68
83.7
79.4
81.3
53.8
48.8
61
68.6
64.1
44.3
53.9
59.9
51.5
53
81.3
69.7
101.5
65.4
62.1
64.9
47.1
62.5
61.6
58.4
56.1
47.4
60.4
48.5
47.6
54.4
52.3
51.5
49.3
51.6
54.1
53.9
63.5
59.8
60.1
61.7
59.1
64
54.9
52.3
50.7
44.2
43.9
54.6
50
44
39.8
35.5
33.6
33.4
29
25.1
31.1
22.6
25
27.1
22.8
27
29.5
33.6
26.8
31.25
33.475
35.7
37.5
41.9
39.7
41.9
48.2
58.7
59.1
63.5
60.3
63.2
58.5
61
73.6
67.5
71.9
78.7
76
80.1
72.1
80.5
80.2
81.3
77
89.8
83.5
77.8
70.8
71.3
68.9
88.9
67.4
68
78.1
65.6
79
56.8
49.7
53.5
38.3
47.4
52.4
54.7
48.1
54.4
58.9
58
51.9
54.3
81.7
74.1
69.5
79.5
75
68.6
75.3
80.2
75.4
84.3
108.9
103.9
110.4
97.9
105.7
114.3
108.9
99.7
93.8
111.9
120.6
136.2
147.7
158.7
122.8
108.5
126.2
105.2
119.3
103.1
113.5
83.6
89.4
67
61.9
64.6
54.2
56.7
60
57.6
64.2
60.4
68.7
76.4
66.4
72.7
75.85
79
88.2
82.2
76.8
98.2
81.5
81.1
103.7
108.6
116.9
127.3
119.3
131.5
136.2
131.89999
136.8
130.3
137.10001
136.5
131.60001
143.10001
132.39999
191.60001
118.1
143.39999
140.10001
120.1
133.39999
158.8
193.89999
131.2
94.8
76.4
77.3
87.9
73.4
92.2
72.7
63.8
74.7
76.4
79.5
72.3
77.3
63.8
74.7
81.6
62.1
90.7
88.2
75.5
77.5
64.7
64.8
55.8
70.8
67.3
66.8
62.5
67.2
64.4
80
60.6
83.1
83.4
125.9
106.4
82.1
129.3
109.5
105.2
102.6
147.2
134.39999
129.2
77.2
68.3
62.1
83.5
108.5
79.5
64.8
40.4
42.1
33.8
42
49.2
34.4
35.6
31.8
27.1
27.1
31.4
33.5
36.65
38.225
39.8
46.9
53.7
42
44.6
46.4
67
76.8
55.2
94.1
84.5
92
97.2
113.4
105.5
111.5
122
96
83.1
84.7
85.7
83.9
69
103.2
119.8
102.2
119.1
142.3
123
105.5
89.5
94.5
134.89999
85
69.3
67
66.7
75.9
74.3
71.4
55.1
45.6
51.9
51.3
51.8
52.1
69.8
73.9
59.8
51.3
66.6
69.4
56.5
54.3
69.2
63.9
43.7
46.2
60.8
52.3
58.7
61.7
63.5
68
63.2
74.4
77
84.2
94.9
92.7
103.7
99.7
137.60001
105.8
119.9
101.8
93.2
64.4
56.5
60.2
51.8
56
29.8
25.5
19.3
17.2
19.3
19.3
24
17.3
21.2
21.3
19.3
30
24.6
21.9
19.2
27.9
25.4
31.9
32.2
47.8
38.8
48
45
51.5
49.3
53.7
67.2
53.8
55.9
66.6
64.6
71
66.8
76.1
88.2
101.9
118.5
96.5
128.3
150.3
143.3
145.60001
116.7
95.8
86.8
78.3
64.5
62.3
50.3
75.9
62.6
45.9
57
69.6
72.6
69.4
89.8
69.4
80.7
93.5
89.6
143.89999
103.9
87.5
107.6
77.4
82.8
75
76.5
120.3
94.3
83.9
100
117.4
109
102.4
122.3
154.89999
176.3
199.60001
151.8
139.2
192.7
161.2
215.2
184.60001
156.60001
171.2
114.9
119.6
104.1
123.3
118.1
102.6
86.5
82.4
85.5
64.2
46.9
43.3
42.8
46.7
48.6
55.7
54
58.2
44.2
63.6
59.35
57.225
55.1
69.4
71.4
78.5
85.9
114.5
82.9
89.4
89
79.7
85.4
86.4
78.8
102
84.6
115.7
110.4
104.9
125.9
144.10001
114.3
147.5
134.8
128.2
115.1
123
142.7
127.1
159.3
137.3
120.2
81.1
89.6
86.3
64.9
75.2
94.6
77.6
72
69.8
60.8
54.3
56.9
65.8
49.6
63.8
71.6
56.4
49.5
60.6
45.4
49.8
56.4
65.1
75.7
71.1
89.4
89.4
89.7
98.1
105.5
61.9
59.4
68.8
53
65.4
56.9
53
79.4
109
113
89.7
52.5
47.9
68.6
70.4
55.4
41.6
49.9
41.3
32.7
28.7
32.7
30.3
29.1
28.5
28.2
28.05
27.9
25.85
24.825
24.3125
23.8
21.9
23.1
23.7
24
24.3
23.9
28.8
37.1
45.5
50.1
39
47.8
43.3
43.6
37.6
33.3
35.2
33
30.9
39.1
45.5
54.6
67.9
52.6
57.3
61.7
71.1
100.9
70.7
89.9
65.8
90.7
104.5
85.3
88.9
122.8
106
130
91.7
76.8
96.8
95.1
93.8
136.5
96.2
86.7
83.8
79.6
138.89999
153.60001
189.89999
170.89999
94.3
115.3
120
119.4
136.60001
165.5
89.7
87.5
96.9
104.7
97.4
100.6
109.9
92.2
98.6
99.8
89
84.5
103.2
102.9
107.5
98.4
98.8
102.2
84.9
82.4
80
77.2
72.5
79.6
81.1
60.9
32.7
45
45
52.4
46.7
41.3
41.6
41.7
28.2
32.4
24.4
30.5
34.7
31.55
29.975
28.4
30.1
33.3
34.8
34.5
41
49.7
64.8
76.3
102
84.3
62.6
78.2
74.8
96
108.4
84.1
93.4
94.7
103.9
104.6
105.9
123.3
106.9
107.4
96.6
95.7
89.2
91.9
95.9
97.1
103
107.9
96.2
109.8
95
94.6
47.3
73.5
61
68.4
48.5
53.1
61.7
59.7
53.1
60.3
64
92.1
52.9
72.6
59.1
64.1
68.1
81.3
69.3
89.3
74.2
98.8
79.1
76.6
81
80.6
66.2
86.9
80.4
89.7
98.8
57.1
77.5
90.5
71
82.2
58.9
47.8
64.2
48.5
49.1
49.9
81
93.9
63.3
54.1
59.1
43.5
39.2
36.8
26.1
34.5
24.3
22.2
24.2
24.2
35.1
36
36.45
36.9
47.9
43.7
36.9
48.4
50.1
48
52.4
54.7
46.7
39.5
56.1
66.2
57.5
47.4
39.7
108.1
92.8
90.3
113.1
104.2
131.89999
98.6
133.7
160.8
117.2
127
157.60001
120.8
122.5
161.60001
127
150.10001
123
118.2
93.5
104.1
77.9
93.7
107.3
114.2
114.6
114.2
75.1
66.2
83.3
138.39999
107.6
148.10001
131.10001
102
85
118.7
147.39999
143.2
145.8
137.5
135
142.10001
158.39999
137.60001
121.7
121.9
115.6
139.8
133.10001
119.2
117
125.5
165.8
135.5
141.10001
135.3
115.5
139.39999
104
84.4
83.6
100.5
104
96.4
64.5
63.7
66.2
64.5
49.7
59.5
53
46.7
50.4
52.9
53.5
60.3
52
58.65
61.975
65.3
78.1
85.8
83.8
96.5
99.6
75.2
94
74.3
83.8
90.8
110.1
104.2
91.6
89.8
78.1
75.6
79.8
82.2
82.1
88.6
101.9
114.3
86.4
131.7
123.3
111
94.5
83.8
81.7
86.8
84.3
63
67.8
88.7
90
74.4
71.9
50.4
63.8
57.9
64.7
89
69
88
71.1
62.2
59.2
77.5
57.5
66.2
69.6
111.4
76.8
84.7
105.6
95.2
149.3
120.6
152.8
101.5
152.39999
164.5
148.89999
168.89999
165.39999
150.10001
147.89999
141.5
121.3
119.5
95.2
132
123.2
108.8
99.2
91.1
69
76.2
92.8
65.3
54.4
56.3
40.1
35.9
31
31.1
28.9
33.4
35.2
35.6
35
32.7
36.9
41.8
44.25
46.7
53.1
61.5
51.4
65.7
69.3
75.9
79.7
84.7
98
90.4
89
91.8
98.5
91.2
96.8
102
102.3
103.4
101
115.8
134.60001
128.2
154.3
128.10001
139.10001
152.10001
142.60001
134.10001
144.60001
142.7
121.2
115.4
157.2
135.3
176.39999
156.2
162.8
147.2
160.8
192.5
131.60001
170.39999
191.39999
165
126.5
150.7
151.8
138.2
123.55
116.225
108.9
134.3
120
134.8
121.5
106.5
127.7
99.8
131
110.7
78.6
87.4
112.1
122
114
96.4
115.9
107.4
88.6
100
89.1
93
90.5
94.2
85.8
72.9
73.1
81.7
81.7
53.2
53.6
34.9
30.3
28.3
28.6
26.2
34.5
32.5
28.2
28.3
28.4
26.4
31
29.75
29.125
28.5
30.3
30.4
32.2
50.8
50.9
52.8
50.8
51.1
50.8
49
51.2
57.4
51
52.8
57.2
67.1
57.2
52.9
52.9
61.1
74
78.3
76.2
78.1
78.4
80.6
65.9
81.5
72.5
59.9
66.5
68.3
64.5
60.2
73.2
77.2
60.1
47.5
58.5
53.7
52.5
37.8
52.1
43.6
42.3
40.5
27.1
44.2
37.6
27.2
50.5
67.3
59.3
64.4
53.2
50.4
82.4
76.5
66
54.1
68.1
59.7
62.3
69.1
57.8
48.5
59.5
68.6
75
88.3
94.1
68.4
81.3
80.8
74.7
57.1
41.4
54
56.5
37.6
22.6
43.4
41.1
24.3
43.4
16.3
14
15.9
16.3
11.9
13.9
14
18.4
21.5
23.05
24.6
40.9
38.8
44.2
60.2
42.1
56.8
52.7
56.8
48.3
31.3
47.6
58.5
70.2
65.6
54.2
54.5
64.8
136.7
83.8
102.9
110.2
91
87
93.6
82.6
54
39.4
58.2
48.2
62.8
59.2
82.3
96.6
61.1
61.2
91.4
85.7
97.8
79.8
60.4
61.4
55.7
72.6
76
53.7
71.1
53.8
73.1
66.8
63.6
82.7
76.5
98.6
67.8
52.9
72.4
72.4
76.2
68.4
67.1
80.9
91.9
89.3
75
68.3
89.4
80.7
52.2
79.5
77.7
76.7
65.7
65.4
76.8
50.8
43.5
41.7
28.7
31.1
28.7
22.7
16.1
12.1
11.9
12
9.8
16
10
11.8
7.8
15.9
20.1
13.9
11.9
10.9
9.9
16
11.9
15.9
26.5
22.3
26.5
28.6
24.3
32.8
41.7
39.6
41.1
30.9
37
37.1
58.6
60.3
64.7
51.7
45.8
34.9
45.4
49.6
62.8
56.1
47.6
48.7
62.5
49.6
43.4
47.6
41.5
45.6
56.6
42.1
35.2
49.6
73.4
77
39.5
85.2
49.3
56.2
39.2
47.6
54
49.5
43.9
41.1
35
50.3
37.2
47.3
49.8
32.9
37.4
26.8
39.5
24.5
24.7
35.3
29.8
27.2
37.6
35.3
20.4
28.7
33
27
33.5
26.7
32.7
33.1
30.7
28.4
26.3
28.5
35.3
34.8
17.9
19.8
20
13.8
15.8
11.8
15.7
18.2
13.7
15.7
15.7
13.7
15.7
15.9
14.85
14.325
13.8
15.9
16
20.1
20.2
26.4
24.3
22.2
22.2
22.3
22.4
22.3
20.2
22.2
22.4
20.3
26.5
32.7
24.4
24.3
54.3
43.2
55.5
51.8
45.4
58.1
53.9
60
60.8
71
51.6
54.1
63
91.2
75.2
67.6
53.8
65.2
66.6
56.5
56.9
49.5
43.4
47.3
68.9
61
72.3
64
67
62.9
67.2
53.6
62.6
72.5
68.5
79.1
71.7
61.6
72.4
70.8
66.3
68.7
60
56.4
55.8
69.2
60.3
62.6
62.2
68.8
55.7
57.6
37.1
43.2
42.8
36.5
42.5
46.9
34.2
41.1
28.2
34.3
21.9
15.8
17.8
17.7
11.6
21.9
13.7
15.6
17.6
17.6
21.9
25.8
22.85
21.375
19.9
30.2
19.7
30.2
36.8
45
40.8
65.9
66.9
77.7
77.1
85.7
80.9
72
86
91.8
99.8
83.8
114.7
147.10001
111.3
143.3
137.89999
131.10001
101.8
134.89999
125.8
143.5
113.2
117.8
84.6
106.1
102.5
86.1
72.7
84.2
76.4
86.5
93.3
103.2
74.8
72.4
87.4
78
108.4
91.5
125.9
107.4
114.4
113.9
95
95.1
100.4
149.10001
171.5
155.39999
161.5
132.3
136.39999
143.60001
97
114
130.7
132.60001
181.10001
158.8
134.89999
132.89999
136.5
183.3
150.89999
138.10001
119.4
144.3
125
131.39999
115.1
104.8
102.6
103.8
110.3
90.3
89.5
85
85.5
87.8
89.2
94.1
90.3
94.5
90.4
97.2
96.1
96.7
94.35
93.175
92
96.1
101
94.9
92.8
123.9
129.5
136
132.10001
128.3
127.4
130.2
132
129.5
137.60001
139.3
125.9
115.1
113.5
115.3
140.7
119.4
157.10001
152.10001
149.2
154
154.5
132.10001
134.89999
131.8
135.7
124.6
121.8
154.7
140.2
146.8
127.9
112.3
102.6
85.1
106.5
101
102.7
94.5
109.2
119.4
98.9
102.9
88.9
101.9
88.5
88.6
84.9
78.8
88.8
107
81.1
74.5
86.1
70.1
94.2
91.7
93.3
87
84.1
94.8
92.9
86.9
96.1
128.10001
107.7
99.8
98
118
95.4
83.5
85.1
82.9
71.7
80.5
68.5
70.3
62.6
58
47.5
51.6
47.6
57.8
53.7
53.7
49.5
51.4
49.3
51.3
46.35
43.875
41.4
47.8
43.6
41.6
47.9
53.8
47.8
54.2
52.3
47.9
48.5
58.3
49.8
54.2
50
53.8
54
62.2
74.8
68.8
76.7
62.5
74.9
79.7
77.1
95.5
91.7
142.3
87.7
96.8
98.8
68
78.1
88.5
69.6
67.8
61.2
63.4
57.7
54.9
67.4
76.2
69.7
72.2
63.1
82.4
66.4
55.5
74.6
71
61.3
66.1
65.6
74.1
64
64
62.4
61.7
84.2
65.7
74.2
73.2
74.3
64
73.2
68.1
64.5
79
79.9
70.5
76.1
66.2
70.4
63.6
65.1
61
56.7
45.9
42.2
40
36
35.9
29.3
27.3
21.2
25.2
21.1
21.3
19.4
21.3
17.2
17.2
15.2
13.3
13.25
13.225
13.2
17.3
17.3
17.1
25.7
21.2
33.7
23.4
31.7
36.4
39.9
33.7
31.9
37.8
42.1
39.8
50.3
44
48.5
56.3
38.1
48.9
46.1
62.5
71
48.5
59.2
67.3
55.1
52.4
73.4
60.7
68.9
79.2
70.9
44.3
78.8
65.4
65.1
61
56.7
46.6
67.1
58.7
48.7
65.4
42.5
52.5
48.7
59.4
46.3
63.1
52.8
63.1
67.5
59.5
47.4
51.5
47.1
49.2
51.1
61.5
55.6
63.6
67.6
49.3
60.9
46.3
65.6
55.5
65.1
56.1
46.4
59.7
44.4
46.2
34.1
27.7
25.7
29.7
23.5
19.3
17.3
11.1
11.2
13.4
13.1
11.1
11
11.1
13
13.1
13
15
15
15
15
21.3
21.1
19.1
23
29.3
25.6
25.3
25.2
27.5
25.2
25.3
25.2
29.6
27.3
25.6
34.1
25.5
25.6
33.5
31.6
35.6
41.6
38
52.1
56
51.8
44.3
48.7
48.5
42
52.6
62.2
56.9
44
46.7
50.4
50.6
50.1
37.8
50.5
52.9
44.8
59.2
50.3
42.8
61.1
38.5
38.2
38.4
36.1
70.1
55.4
51.7
40.7
44.7
54.8
62.7
75.5
68.8
75.3
70.9
78.6
95.3
77
90.7
91.7
98.4
99.6
91.5
95.8
115
97.6
96.9
83.3
72.7
68.7
53.9
58.2
80.8
75.5
74.4
59.5
47.1
52.9
48.9
75.1
87.4
50.8
38.9
34.7
36.8
44.7
46.9
44.8
43.75
42.7
51
60.8
52.7
64.9
101.7
83.2
89.9
91.2
75.8
86.1
83.7
79.1
77.6
97.3
89.5
114
109.6
91
109.4
102
104.1
101.8
117.7
114.2
105.6
109.6
108.4
110.6
93.6
93.4
83.1
97.6
75.3
77.3
61.4
79.2
72.1
75.2
67.6
65.7
78
88.1
87.8
72.2
96.7
134.39999
97.1
82.6
120.2
91.6
104.5
92.9
84.1
105.5
90.6
98.5
113.9
82.6
106.7
97.3
104.3
101.4
100.7
101.2
93.2
77.8
98.3
101.9
93.4
88.2
72.8
79.2
76.3
88.4
80.2
92.2
81.6
78.4
74.2
59.8
78.3
72.4
68.4
59.3
71.9
65.4
65.6
59
69.8
70
75.9
73.8
86.3
86.5
86.6
86.7
80
93.3
98.1
88.5
112
115.4
109.7
108.3
108
94.2
90.6
105.1
114.6
110.7
128.8
138.2
140.60001
172.39999
125.1
123.2
120.3
113.1
115.1
105.6
124.2
114.9
93.4
108.2
137.7
95.4
125.5
117.2
62.6
98.7
69
76.5
55.9
82.7
54.3
49.5
52.1
63.9
94.8
70.1
60.7
81.5
80.9
72.6
72.7
64.9
68.6
60.4
103.8
89.3
60.1
72.9
107.8
83.3
77.2
68.9
47.9
106.4
116.7
83.9
89.9
86.4
74.6
69.6
101.8
82.9
79.1
74.9
52.3
69.1
81.3
81.3
82.9
66.8
57.3
53.3
59.6
47.1
45.4
43.2
68
53.7
55.7
58
51.4
55.3
65.9
61.6
68
71.1
72.65
74.2
64.8
73.1
93.3
105.5
91.2
82.3
75.7
89.2
74
73.5
60.7
77.4
96.1
114.9
116.4
98.3
116.8
100.9
106.9
102.8
95.2
104.8
115
102.9
108.5
82.6
93.2
94.9
109.4
113.7
127.5
103.7
87.3
125.8
122.9
130.8
102
90.2
77.4
93.5
75.3
111.7
83.8
89.9
104.7
156.7
81.6
104.3
127.6
137.2
175.60001
142.89999
120.1
76.4
145.8
133.60001
148.39999
164
179.60001
174.3
159.8
201.89999
206.2
220.2
203
159.39999
127.9
131.5
163.3
154.60001
155.89999
176.8
159.5
138.7
160.2
135.3
122.4
117.6
107.2
97.1
112.9
95.2
78
84.8
83.3
88.8
88
82.1
107.9
95
103
101.9
103.1
104.9
105.8
106.7
108.7
123.3
121.8
126.5
145.3
133.89999
138.3
130.60001
145.3
159.2
136.89999
137.2
133
139.2
141.2
128.3
132.2
131.10001
144.39999
152
145.10001
158.89999
211
158.60001
172.5
185
195.10001
177.3
171.60001
226.5
183
196.10001
215.5
152.10001
202.8
163.5
179.5
188.89999
193.39999
145.3
126.8
172.89999
171.3
159.2
167.89999
146.89999
145.7
144.3
142.89999
160.10001
113.6
132.7
141.10001
114.4
131.3
133.2
125.2
139.7
101.9
101.8
105.9
143.2
132.5
110.6
133.60001
137.3
137.89999
133.5
147.5
141.5
130.7
141
137.10001
118.2
141.3
123.4
142.3
112.7
123.3
94.3
103.4
87.2
82.4
70.4
65
68.4
66.3
62.1
64.4
62.2
76.2
68
84.7
82.55
81.475
80.4
84.7
87.4
90.2
89.5
95.4
111.5
132.3
102.1
106.2
114.4
103.9
107.9
116.7
143.5
115.7
122.3
114.1
119
119.9
149.3
135.39999
164.8
140.60001
148.3
197.8
188.8
183.89999
146.3
210.5
126.1
147.60001
117.4
123.6
157.10001
184.89999
133.89999
123.8
128.2
44.8
126.1
90.7
52.9
46.9
65.3
49
90.9
104.8
84.7
94.2
95.6
65.9
61.8
100.9
115.7
65.7
102.8
90.1
95
96.2
128.10001
81.2
125
67.8
102.4
100.2
101.4
118.1
116.7
92.2
97.4
107.2
122.3
102.6
102.9
119.1
105
102.2
80.8
88.9
78.3
84
79.6
72.9
58.4
62.5
62.8
73.2
57
67.1
64.9
68.5
68.5
73.2
72.6
72.3
72
76.3
91.8
72.7
84.9
101.3
100.5
106.6
109.6
111.8
104.5
112.8
120.3
113.1
108.3
109.8
135.39999
128.39999
136.2
129.3
144.5
118.8
139.5
130.60001
115.2
150.10001
96.9
102.5
107.8
68.8
88.3
86.8
63.9
102.5
75.5
69.4
64.7
52.9
75.6
55.1
53
64.1
65.8
68.1
57.1
59.5
75.4
76
71.7
88.2
84.4
94.3
75.1
106.5
91.3
73.5
73.1
81.5
76.8
80
68.6
60.6
58.8
63.7
50.5
43
49.9
53.3
51.1
52
66.7
64.3
66.2
66.8
61.5
59.7
61.4
58.8
51.4
55.1
50.5
63
50.6
46.3
40.2
50.8
40.5
52.5
40.9
42
52.2
50.5
44.4
40.3
41.15
41.575
42
38
35.9
41.9
40.1
46.2
54.3
56.6
50.1
54.4
44
52.6
52.1
62.2
52.2
40.2
46.2
50.2
58.5
48.2
54.1
70.5
57.1
59.3
44.6
52.9
39.1
46.9
50.5
58.8
35
48.9
62.9
53.9
42.9
55.3
46.8
32.7
40.8
30.6
36.6
37
43
43.1
38.6
24.6
26.5
30.5
28.4
35
36.8
26.5
42.6
32.6
28.9
32.6
26.7
24.6
26.8
22.6
28.6
18.4
22.4
18.4
26.5
12.2
18.4
22.4
28.4
38.9
32.4
26.4
36.6
28.5
28.3
32.7
28.4
30.1
24.1
26.1
26.1
20.2
18.3
20.2
16
16.1
14.1
20.1
14.1
14.1
16
18.1
24.3
26.1
22.15
20.175
18.2
26.2
28.2
28.1
28.1
30.2
30.3
30.7
28.2
34.3
30.2
32.3
44.1
38
36.2
46.3
50.5
32.2
34.1
46.2
44.4
46.6
44.5
55.2
40.4
36.8
34.3
34.5
42.5
42.5
40.6
54.6
44.6
44.6
46.8
46.8
40.3
48.6
47
51
50.4
40.6
42.3
38.4
48.2
44.4
52.4
28.3
32.6
52.7
36.4
42.7
46.9
40.3
44.8
44.7
61.2
62.7
85
53
53.1
42.8
48.8
65.2
50.7
42.5
38.3
34.3
34.5
51.4
60.9
67.1
66.8
52.5
44.2
52.4
63.5
54.1
52.7
56.9
40.7
50.7
46.5
38.1
66.1
38.8
43.9
46.4
39.8
44.2
54.7
60.2
36
48.3
52.7
54.9
57.1
62.9
62.9
