"x"
25.575
25.3
24.05
17.3375
17.5875
12.8625
16.825
16.0375
12.825
7.8875
5.6875
8.9
8.65
11.15
10.1375
10.625
12.1
11.825
11.05
12.775
14.25
13.1125
15.8625
23.1625
25.5125
24.275
16.05
18
18.225
19.6875
16.6875
15.7
25.3
34.675
25.6875
31.74375
18.0375
30.65
20.75
16.7375
12.2875
12.05
11.3
9.825
22.6625
17.7625
14.3
15.4875
14.825
17.0375
22.725
39.4375
52.875
42.85
42.8
32.2125
50.8375
53.4375
30.5875
28.271875
19.2625
20.975
20.975
23.175
40.6625
37.175
30.0375
28.2875
22.6375
14.2875
14.0625
14.7375
19.7375
33.525
78.125
80.2875
82.2
73.5875
62.4875
42.5875
37.4125
20.4375
11.3125
13.3
17.2375
33.475
29.5375
31.7375
28.0375
37.6
48.1875
57.7875
60.7
61.1125
64.825
48.075
84.325
66.15
74.975
58.475
44
41.7875
65.325
83.475
72.275
53.125
44.675
42.390625
31.9625
39.8
45.9375
31.9375
43.2125
38.05
44.15
35.575
43.45
40.8625
22.0875
23.3125
24.05
39.5
26.7375
22.575
38.0375
48.575
46.575
41.425
37.725
24.275
19.875
35.1375
46.825
66.6875
70.8375
65.425
68.85
80.375
75.7
67.375
56.5875
47.7625
28.6625
24.059375
32.0875
35.9875
26.675
35.2625
33.5375
21.3125
36.225
56.3
34.7375
22.0375
13.45
16.953125
20.575
33.275
62.6125
51.6
32.775
27.375
29.8125
39.375
44.9875
26.15
23.4875
31.525
41.325
32.475
35.425
20.75
27.6125
41.3125
46.225
49.8625
52.6125
32.55
36.4
41.60625
67.5625
57.875
57.625
36.9
34.2
31.2875
35.975
25.4375
27.875
37.25
35.8875
38.75
26.3625
32.2625
38.1625
42.6125
49.95
41.6625
44.5625
50.6875
60.8375
35.475
9.2875
10.571875
32.35
53.8375
48.1
35.3375
23.6
21.525
17.925
20.3625
17.4125
11.0375
7.5875
8.575
10.7875
14.0125
17.9375
24.9375
39.9375
45.2125
71.3625
90.15
43.6125
15.875
12.225
15.74375
13.65
20.05
23.175
24.725
28.725
60.9375
50.5
29.2875
45.75
28.825
43.3625
42.6875
39.3625
49.8125
57.9875
55.575
41.5625
42.8875
50.75
52.65
53.0375
49.1
60.2
58.3875
56.6
73.775
76.1
62.725
57.575
53.6625
39.9625
38.45
22.025
9.7
6.5
9.703125
21.5
26.2125
18.425
19.1875
18.1875
20.675
18.6125
11.9
9.025
18.8375
16.5875
19.0125
29.1
32.05
42.0125
41.1625
37.8375
44.275
48.2125
37.5875
29.35
15.1125
15.8
22.815625
29.15
46
49.225
48.025
48.675
42.6625
42.725
44.7625
33
16.925
11.275
23.209375
37.7125
54.925
57.925
57.2625
59.425
63.1
68.8875
64.9125
60.55
38.2125
32.8125
37.109375
76.025
72.7625
71.8375
66.4
52.6875
40.2625
53.0625
33.225
24.55
20.0875
10.8375
20.3375
50.2875
49.925
46.5875
44.4875
46.175
47.15
53.2125
49.8125
49.425
50.9
53.4
53.084375
55.325
58.675
78.85
87.7125
116.975
116.675
110.5
71.95
64.1875
51.8875
62.3125
66.6625
69.25
75.075
73.4125
72.65
66.35
52.6875
50.1375
60.0625
62.95
57.1625
47.6
54.56875
63.25
55.1125
69.5875
75.3875
44.025
28.1375
51.25
60.5
45.3125
20.5875
13.45
22.571875
38.275
37.05
50.2
53.075
44.9
36.5875
38.4
46.9625
41.3125
19.1125
11.4875
16.934375
23.8125
26.3875
42.05
47.4
42.225
38.55
46.7375
51.4125
49.9
31.9875
27.8375
31.46875
37.1375
43.65
43.5125
43.8125
42.9625
38.55
38.2875
37.125
44.8875
50.9625
52.9375
50.875
58.4125
62.975
60.6125
58.3375
46.9625
44.6875
44.9
49.3
53.2125
51.5875
49.4375
51.509375
56.1
55.0875
57.5125
60.1
57.3375
53.075
56.5125
53.0625
52.4625
51.2625
48.25
44.83125
46.625
62.8875
60.375
64.3375
64.825
62.4125
67.5125
69.725
64.325
59.2
60.975
63.928125
66.875
69.55
68.7875
62.1125
55.475
48.675
41.6375
45.775
50.5375
51.375
51.175
55.659375
57.95
50.5375
43.425
40.2
37.95
37
34.5625
31.6375
27.0375
21.225
23.6875
34.009375
40.8
40.9875
51.125
47.9875
46.05
35.0375
30.65
36.7375
30.925
22.2
25.6125
30.121875
30.9625
30.4875
28.025
25.3125
25.3
27.25
28.675
33.0875
22.9125
13.1625
12.45
16.434375
20.7
19.9625
29.9125
27.5
29.175
35.25
37.95
42.325
29.2375
11.475
9.7625
16.896875
20.7375
27.55
28.975
33.35
33.1
35.5375
37.4875
39.65
32.875
22.2
24.15
37.646875
47.2375
49.4375
58.4125
60.625
46.7375
36.2875
41.15
55
45.5375
23.6875
28.525
37.690625
40.6625
63.9625
73.925
73.45
79.525
77.1375
84
106.775
90.075
61.3
60.75
72.428125
97.1375
111.3875
149.85000125
168.6625
144.2249975
134.6000075
132.6750025
131.51250125
103.1125
42.4
22
35.96875
61.2625
72.675
89
96.5125
83.75
56.20234375
65.025
67.3375
54.5
19.325
5.7375
7.940625
12.95
20.175
34.375
40.8
38.1875
48.65
33.2375
24.2375
17.775
17.775
17.7375
23.559375
26.1875
36.6125
58.2875
59.5875
63.2375
62.55
65.7
64.4125
53.5625
49.725
56.775
56.709375
56.375
53.875
59.1375
68.275
69.9625
62.1375
89.375
118.325
76.725
48.9875
45.2
58.8
69.175
72.0875
87.425
67.825
65.4
49.5375
60.2375
81.6875
69.25
42.5625
27.3
29.946875
33.4375
36.75
50.825
58.1875
49.5375
45.425
48.5875
55.6875
44.15
22.575
14.575
21.73125
49.9625
65.4375
84.3625
90.05
68.35
44.4
60.825
56.3375
58.675
56.275
62.075
61.284375
59.4
64.15
60
52.6375
46.725
48.0375
49.5625
44.2125
41.5875
40.15
40.0875
37.203125
44.7625
53.3625
64.3
65.6875
62.7125
53.55
35.475
55.2375
39.6
40.5625
47.525
45.95
52.175
62.05
70.5875
70.5625
55.025
40.0125
43.1
62.6125
50.5875
51.675
41.075
33.478125
32.95
68.1625
64.0125
89.6125
60.15
48.2
47.9875
70.65
74.0125
32.4
18.9375
36.246875
59.625
82.85
82.825
81.775
71.6375
62
62.175
68.7625
61.375
48.025
45.3375
50.784375
53.9875
49.9625
56.725
60.2875
57.25
46.825
43.0125
54.075
50.4375
39.175
23.6
31.04375
39.975
49.3375
56.9125
65.7125
73.175
58.85
63.55
54.275
32.5875
27.6875
29.2625
30.8375
37.4125
48.45
56.5
69.825
73.0625
81.375
84.5625
63.6
47.9375
34.3
38.9875
54.440625
58.075
53.1375
45.6625
38.8375
53.175
47.4375
38.8875
41.1875
47.2875
37.7875
36.3125
41.490625
43.575
50.0375
51.7375
52.6125
58.925
73.675
56.575
46.375
43.575
40.375
42.3125
45.528125
52.175
60.8125
79.3375
96.2625
94.0375
80.1125
69.2
91.25
74.275
58.6625
43.25
46.24375
69.3875
78.4
83.3375
56.0875
57.3125
53.7375
44.7625
46.65
27.5875
17
27.05
28.890625
38.9625
45.65
83.9625
94.35
76.3375
54.25
66.4125
87.975
78.275
33.3125
37.3375
42.075
63.3125
72.475
77.3125
77.2375
56.975
52.8
38.3625
64.9125
63.2
22.7625
17.6
17.321875
32.15
53.8
58.825
70
55.675
46.5
51.45
62.4
56.7375
23.825
27.525
59.86875
61.25
43.6375
63.0125
57.0875
53.2375
49.925
52.3375
33.05
31
26.9375
45.6
54.584375
64.475
69.3875
68.075
57.325
35.1375
34.6
33.45
38.0125
39.5125
21.7875
20.275
26.05
47.7
50.575
44.4875
39.5375
40.9625
48.5
61.225
74.4
58.975
34.4
39.625
67.303125
58.4625
63.4
70.9875
59.7125
43.45
34.8
32.45
68.975
74.1625
40.9125
31.775
27.621875
42.1125
64.7625
69.25
64.5
47.2125
56.5
49.2
48.4
44.3875
23.7625
23.8375
20.35
30.2125
46.35
64.5125
81.8875
76.4375
72.5875
88.15
108.1375
92.1125
55.45
54.9
58.703125
77.45
96.5
121.225
87.95
50.6625
36.6625
47.225
77.2875
71.975
38.85
37.225
53.315625
64.425
66.1625
78.525
62
35.125
33.425
39.5125
26.3
25.1
19.4125
20.125
20.90625
27.7625
34.7375
48.7125
62.7875
68.225
65.7125
71.875
79.2875
68.45
40.7875
33.775
34.490625
41.45
44.325
55.2
55.1875
62.225
48.825
62.45
78.125
65.9
52.6375
50.9125
56.45625
62.65
67.25
69.7625
70.175
63.8375
63.6
64.175
60.125
57.525
43.925
42.925
43.71875
48.075
59.7
59.7
56.35
50.8375
46.15
42.925
38.375
39.975
27.0125
31.8125
46.396875
48.425
59.7
76.2
84.6875
70.0375
62.0125
57.8875
76.9625
73.7875
63.5375
61.025
66.728125
78.55
90
106.1625
104.95
88.7125
74.2
78.9625
80.7
71.225
28.15
29.1125
34.9
40.5875
40.6375
29.3625
21.5625
19.075
18.75
13.575
10.2875
7.525
5.2
8.35
10.234375
23.0625
61.025
72.4875
66.3875
42.2125
31.875
37.15
34.0875
30.9875
16.9125
12.3625
13.146875
14.8
24.05
35.475
54.825
39.05
41.1875
32.9625
42.75
48.1375
32.25
27.35
34.634375
47.3375
55.4625
75
80.775
65.5375
64.125
73.675
91.7125
81.725
57.65
29.425
35.984375
50.7625
55.625
62.175
68.3125
50
46.625
42.2125
55.6625
68.925
42.7
19.8375
12.2
24.05
53.8
64.55
71.7625
62.4625
47.5
50.15
45.7375
52.075
34.7625
16.575
19.928125
46.4125
63.3
71.125
68.9625
45.125
44.7625
69.1875
69.525
49.575
40.15
34.9625
28.56875
29.3625
26.2875
22.25
29.85
33.3875
42.675
56.1125
58.4625
55.3125
47.975
43.1
54.521875
68.25
80.125
92.4875
81.9875
53.05
52.925
58.8875
74.8875
68.7125
61.0375
61.125
62.4
58.675
67.1625
63.4875
48.4625
38.1875
49.4375
67.0125
79.275
75.9875
56.35
48.675
55.2125
74.3875
76.5
75.6
66.725
49.225
42.025
55.7125
53.975
59.5
44.5875
28.8125
26.7125
39.175
28.2625
30.8875
29.725
27.2125
24.425
30.125
26.125
46.6125
41.1375
19.3625
18.553125
20.4
20.4625
24.1875
35.5
46.7625
40.7
39.5875
48.65
50.725
28.425
31.175
35.909375
44.525
61.5625
57.1
49.0125
42.075
31.65
40.3625
51.275
51.8625
23.7
24.0125
21.3
21.4
20.0625
27.2625
24.775
36.65
48.9
49.875
49.0375
36.65
30.55
38.7625
62.5375
72.575
82.15
77.8875
47.7375
28.75
36.0875
46.6875
45.95
48.8375
45.7375
43.4
50.0625
54.075
57.3
55.35
47.1
39.775
32.75
28.6875
27.4
35.6375
33.3125
26.225
30.4
37.45
39.9125
36.425
36.05
33.65
32.075
26.7625
31.0375
31.7
31.225
28.9875
28.1375
38.7125
49.5875
47.75
45.4125
31.95
29.25
29.6375
34.9875
42.1875
43.5375
47.925
49.375
48.9875
45.2625
46.3125
44.775
60.1125
55.4125
51.55
69.1
57.9875
49.025
43.2875
51.559375
60.625
73.625
72.5875
68.4875
55.7
54.0625
43.9
63.2375
57.6
35.8
37.875
42.66875
47.4375
55.6125
49.6125
35.675
17.25
15.5
16.15
15.075
13.8875
10.8
10
16.5
23.525
19.5625
50.275
52.25
32.65
39.6625
58.1125
63.9375
51.6875
54.725
61.3625
70.4
75.425
81.225
72.2125
42.7375
35.1
43.6625
78.6875
98.8125
105.625
57.5375
57.7125
66.090625
66.6625
66.3375
63.1625
41.775
30.15
36.95
51.9125
76.1375
73.175
52.275
28.2625
28.421875
40.6875
77.8125
87.15
84.8625
70.3125
73.925
83.85
80.4625
70.1125
62.475
63.7875
64.225
74.9625
87.55
105.35
114.2
109.75
94.675
84.1375
76.725
63.2
53.85
56.625
61.43125
63.45
81.2125
88.25
91.7875
73.4875
69.2875
77.35
75.325
55.8125
42.55
41.5375
46.28125
54.2125
68.15
79.175
53.3875
37.9125
36.025
35.05
41.8625
35.775
34.075
37.3125
42.08125
46.7375
54.55
60.4875
55.225
53.9125
58.1875
66.35
79.9375
53.55
37.3375
42.225
51.96875
64.8
65.2875
72.6125
62.8
39.5375
39.0375
49.075
71.9875
104.7125
64.975
38.225
51.165625
62.2875
61.675
68.6
32.1625
21.425
16.475
16.6625
27.55
68.625
47.5875
25.6125
21.059375
23.775
49.2
55.0625
38.8375
40.8
41.0375
39.2375
57.5875
69.825
59.05
34.6125
38.028125
46.5625
56.725
58.625
34.025
22.4
17.65
17.95
24.8375
42.375
28.1125
14.525
15.4
16.9
25.6
31.375
23.9625
21.025
21.75
21.075
20.9625
25.7375
19.2125
9.4
9.8
15.0375
19.4625
20.825
15.9625
11.225
13.2
14.2875
14.3625
19.675
15.1125
17.5125
53.175
65.55
75.2
60.9
27.3
20.125
22.1
21.9375
33.825
41.7375
46.175
39.3
61.99375
71.6875
66.9625
59.375
33.55
27.6625
23.175
28.575
36.4
46.425
33.5375
21.375
26.821875
32.4875
59.5625
66.1125
34.125
31.525
26.4375
27.2375
31.45
41.6875
25.5875
14.7125
15.51875
21.8
31.775
51.6375
36.325
28.5375
24.7125
26.575
33.1875
39.1875
36.325
15.95
18.625
23.575
26.6
33.225
48.4625
40.05
27.3625
25.3
30.75
46.675
38.275
24.75
18.809375
16.1
25.65
31.7875
28.6375
30.65
28.0125
26.0375
37.7875
59.7125
28.0125
16.525
15.20625
17
18.4
19.6875
17.25
14.3
16.0875
16.4375
14.7625
13.275
11.7625
9.325
10.925
13.1375
16.15
20.6
20.7
20.575
22.725
22.325
24.4625
27.075
18.8125
14.2125
15.259375
21.3
29.6625
35.925
31.5375
30.95
25.45
28.1375
35.0375
39.775
29.3
18.8875
18.796875
24.0625
28.575
27.4125
26.8875
23.6
22.5125
26.3625
32.15
37.7375
40.6375
23.375
33.58125
24.125
25.4375
31.2875
32.475
33.7375
33.3
29.1625
73
87.2
43.4125
27.625
33.73125
61.15
80.35
84.8875
47.2625
62.4875
53.425
57.975
77.825
81.3625
57.3375
30.975
30.06875
37.1625
24.225
24.9625
50.5
69.7375
65
37.6375
36.925
41.3375
31.1
28.2
35.865625
46.05
51.775
55.6625
35.5375
31.85
36.675
40.6875
42.95
39.0375
33.0125
29.975
38.1671875
44.9875
43.575
34.825
35.1875
33.125
34
44.2875
56.9375
56.725
27.15
20.325
16.696875
22.2625
22.7625
33.4125
31.85
27.7625
31.7625
36.4125
49.575
56.5875
32.35
19.8375
20.165625
30.625
38.1125
59.3625
56.2125
61.45
58.0875
70.225
69.025
82.875
62.5
61.9875
75.2375
86.1125
94.325
81.475
85.9875
69.1375
46.40625
56.6375
53.53125
53.8875
47.3375
32.9875
45.70625
62.5125
36.525
43.275
48.0375
28.2625
18.05
19.9
32.4375
35.6
26.45
17.475
12.84375
15.05
19.4375
22.7625
20.4
17.75
14.0125
15
29.6625
43.0875
48.1125
33.9125
21.171875
29.4125
44.425
34.225
18.725
16.3875
17.5625
16.3125
16.8625
21.3
31.725
22.6875
20.725
19.85
27.9
20.625
10.5375
5.6625
5.3125
7.55
7.25
11.3875
17.225
9.7
17.96875
11.8125
18.4375
25.2625
29.3625
30.3375
28.9625
27.9
32.575
47.675
36.9875
19.65
20.83125
33.3875
45.85
46.375
46.725
45.6125
43.1375
45.5375
61.475
59.2375
64.7375
47.075
54.4375
68.6375
83.675
65.075
28.6375
26.225
27.5125
23.45
24.5375
36.0625
19.375
20.1375
14.8875
16.05
26.0375
19.2125
15.6125
15.85
16.1
17.1
20.6125
16.2125
10.55
2.975
2.975
4.25
6.75
9.2
8.7
8.55
11.4125
12
10.8
7.4875
6.2875
3.4
4.78125
4.1
7.9
6.9875
12.8875
12.025
10.2875
13.5375
15.7375
14.9
21.7375
25.7
25.8375
34.5
30.9125
39.375
21.825
17.4
27.975
28.975
35.3875
37.6375
39.3375
41.6
42.63125
44.7375
64.5625
61.5625
31.425
70.1625
62.9
64.875
56.4125
76.9
60.5125
31.6625
52.75
57.825
49.2125
59.9
60.8125
67.8
68.5375
56.1
58.575
43.3625
37.3875
34.275
20.54375
26.8125
43.7
42.3625
20.8125
18.7625
14.2125
11
11.7625
23.4
19.3125
12.275
16.975
25.025
27.2625
36.4875
31.375
34.125
32.0125
46.75
54.2625
55.1125
40.9875
16.1625
15.575
30.0875
37.6125
43.1125
32.7625
37.0375
49.35
69.575
62.775
64.8625
54.2
45.875
53.15625
56.7125
62.575
64.8625
54.4625
42.5625
37.5375
51.975
33.3625
24.8125
49.55
47
59.828125
60.8
69.5
87.6625
63
39.925
29.325
36
60.375
41.975
32.15
34.3375
44.9875
31.875
47.025
44.55
57.5
77.5625
46.425
62.675
46.675
43.175
31.0625
33.275
29.89375
44.2625
42.075
52
91.625
116.075
140.4249975
114.89999875
87.6
79.975
81.875
66.0125
54.50625
70.5
79.275
49.7125
49.2
46.225
68.625
74.5625
66.375
60.475
50.575
44.2375
56.36875
56.6625
60.9625
50.6
90.6625
72.35
63.075
57.9375
54.9375
60.825
55.4875
55.6125
65.01875
72.05
75.875
65.8
42.9
32
34.725
39.5
43.525
41.0875
35.425
33.825
39.278125
49.8
54.775
49.15
55.8875
52.275
46.6375
54.575
49.15
54.5375
45.075
41.1625
43.94375
45.275
45.6875
47.4125
48.7375
47.1625
44
50.8875
58.175
57.275
50.6625
44.2375
36.728125
33.8375
30.9625
38.275
39.55
47.2875
41.9
38.7375
30.55
28.7625
21.5
20.625
18.2
40.375
46.3375
40.1875
37.625
37.2375
34.9146484375
31.175
34.9875
47.5125
44.55
35.9875
37.9625
48.7
54.75
47.9375
46.05
50.6
52.4
57.925
72.2375
71.7625
43.875
29.3375
31.9625
40.3125
40.05
20.8625
16.8875
15.35
14.3
12.3625
14.6875
17.525
23.75
25.25
21.640625
24.9
21.7
22.7875
22.925
20.9875
33.975
75.7375
64.4875
52.6125
45.675
49.85
55.440625
63.15
64.4125
47.775
50.675
54.25
50.5625
55.15
44.9125
52.2375
39.4875
25.2875
35.675
34.1875
41.7625
35.65
34.1375
37.15
32.0875
25.825
25.375
32.425
28.9125
33.0375
24.359375
27.625
37.9125
34.175
32.025
34.0375
36.4875
36.7125
42.9125
36.525
31.7375
32.9125
32.5375
55.9375
61.3125
44.4
52.15
37.625
31.15
39.7625
35.2
61.175
53.1625
50.8625
45.634375
57.8875
47.275
40.55
44.8875
39.3
31.8875
26.975
29.5
61.075
56.3
48.0875
56.071875
69.0375
59.8375
37.35
23.375
17.225
13.1
13.4875
18.0375
24.575
33.6125
40.0375
46.303125
40.45
42.5625
29.75
17.1
10.9875
12.075
14.8875
22.1125
25.0875
32.1875
38.675
43.40625
46.6875
50.4
38.225
39.7125
50.9
49.1625
61
60.2125
71.5125
52.1875
32.35
38.7625
38.3875
46.5625
41.45
41.5875
32.65
35.2125
36.5125
37.1125
45.575
43.0375
26.175
23.921875
30.3875
37.8625
36.625
36.425
60.675
55.2
39.7375
40.5125
43.85
49.6625
27.8625
22.228125
29.0625
33.3625
28.6375
32.175
33.375
37.125
37.1125
39.3875
53.1375
36.2375
21.8875
22.8
30.7375
31.375
35.8375
29.4125
26.1625
24.425
26.8375
33.3125
34.75
23.2
7.375
6.375
12.55
15.8375
19.375
18.825
17.4875
20.4375
24.825
21.675
20.5
19.225
19.725
24.175
28.3
32.8875
62.3875
52.85
40.7875
44.25
27.8
18.9625
18.9625
13.7125
9.625
11.6
44.8
51.8625
57.225
45.6375
49.1375
57.675
56.025
52.4875
51.975
43.5875
20.925
11.15625
13.425
24.3375
30.6
44.4
51.4875
45.5625
42.95
37.6625
50.0625
55.9375
26.15
36.221875
59.2375
72.125
71.475
51.7125
35.6
23.5
24.4875
37.8125
57.6
27.475
12.2625
15.88125
21.4875
25.225
25.525
29.5125
32.9375
32.275
30.3
31.6875
36.0875
26.9125
11.1625
9.634375
16.2125
28.1875
29.775
39.4
31.45
41.475
38.575
39.4375
41.95
24.55
7.45
5.15
11.55
17.675
17.4875
15.5
16.75
18.1625
22.2125
23.6
24.075
32.4
45.125
53.15
39.35
35.35
39.4375
36.2
32.7875
30.475
39.775
34.4125
25.95
30.0625
30.4125
41.878125
45.775
39.3875
26.775
26.3625
24.5875
17.85
18.3875
18.525
37.2625
42.5125
21.8375
16.803125
24.5125
21.0625
17.825
21.5375
20.125
27.1125
23.25
19.9875
22.15
15.825
9.4375
10.6
20.15
43.4125
50.55
50.95
52.0375
48.3125
49.075
58.1875
73.425
65.2
66.85
75.65625
77
61.3
62.3875
36.6875
43.125
46.1125
70.7875
66.775
47.0625
57.9
53.475
40.040625
38.25
48.675
49.2375
56.7875
57.55
56.375
56.475
52.9375
45.1
45.075
43.5375
27.959375
31.8
28.075
21.1
25.525
29.5
24.725
28.325
30.4125
25.65
24.775
29.475
33.515625
31.5
28.475
27.175
33.075
25.4125
24.675
24.1375
24.875
21.875
21.325
18.3125
25.65625
43.65
37.375
44.45
46
45.45
36.6125
39.475
55.0125
60.0625
57.025
36.7
39.609375
48.65
51.15
58.475
60.4125
72.325
72.1
98.7625
99.8875
76.375
43.95
35.3875
43.65625
63.6
78.1
59.3375
67.1875
57.1875
53.3375
43.35
58.5125
81.7375
73.325
44.4625
39.490625
48.4375
59.7625
59.1375
47.5625
47.8875
56.725
87.7125
77.4
49.325
40.05
49.075
56.590625
61.2125
59.675
50.8375
43.175
44.6625
41.8125
42.875
51.5625
61.9125
57.0375
36.5375
24.553125
31.7375
45.225
40.5
25.4625
23.0375
19.75
23.175
22.5875
14.5875
13.125
11.1875
17.36875
32.275
35.225
28.8
25.3875
21.925
16.7875
26.1125
29.25
23.6375
24.775
11.775
14.959375
28.275
34.0375
56.4125
61.6125
74.4625
43.1375
34.875
35.3
44.4
31.8
15.925
13.315625
19.2125
28.2125
45.425
47.3625
40.9125
37.2125
46.0125
57.9375
74.25
47.8875
18.95
14.39375
21.2125
33.375
32.425
46.65
43.8625
49.7125
53.3625
46.9625
39.225
32.85
36.25
29.146875
28.225
42.8625
35.125
34.025
45
47.575
33.65
40.6375
46.1125
43.1625
32.075
19.484375
34.5375
30.85
28.1
33.6125
40.5
40.8375
32.575
35.1
34.95
25.5375
10.5625
15.15625
12.6
31.575
39.3625
23.7375
23.15
24.6125
20.3375
18.7
15.35
29.0375
34.8875
31.634375
48.4875
53.75
58.025
43.45
42.325
34.625
43.3
46.75
37.675
29.85
27.2625
35.56875
60.1375
59.8875
50.875
48.4625
43.025
41.5125
51.5375
62.7125
54.9875
41.85
25.8625
26.10625
35.5875
55.8625
67.2
85.7875
69.55
60.65
39.4625
33.8875
28.0625
29.525
22.95
22.64375
26.6875
35.35
39.1375
24.2125
26.325
25.575
24.3625
22.8625
27.2125
21.2375
12.4625
18.86875
24.0125
45.375
46.1875
41.0625
42.8
37.9
35.175
27.5375
31.225
28.7375
18.4125
23.828125
30.9875
25
24.8875
23.55
22.425
26.025
32.85
31.55
30.825
24.15
33.725
50.09375
63.3375
70.975
71.4375
43.05
28.8875
41.775
52.8875
46.7125
44.7875
32.4375
22.6
24.94375
35.325
37.1375
41.9125
33.775
21.9875
25.0125
37.375
55.425
60.9
57.375
49.75
67.35625
77.925
86.4625
44.375
47.3
51.6125
57.5625
50.3875
51.1125
59.525
41.2625
19.1375
24.71875
36.875
38.7875
52.175
44.9
41.8
44.5
37.55
38.1125
47.575
46.8
18.925
22.475
31.475
42.3
41.7875
43.975
35.5375
42.1
38.3125
35.2875
45.2125
29.525
10.6875
5.83125
10.35
20.2625
25.325
32.875
53.3625
36.225
41.9
45.175
52.7125
54.7125
31.0875
18.15
29.35
48.1875
49.5875
50.7625
54.7875
54.25
57.1875
76.05
78.075
48.4
38.3625
20.14375
35.7
35.675
36.8
41.6375
28.3625
31.95
23.15
23.5375
17.175
14.0625
8.85
7.3
16.6625
18.7875
25.8125
22.3
15.75
16.55
20.2875
26.8625
20.8875
17.9875
11.575
7.49375
14.65
21.1125
24.3625
27.525
27.8875
28.3875
27.6
29.05
47.9625
33.7125
14.6125
18.25
23.8125
26.5875
28.8375
32.6
33.5625
42.975
36.55
36.4
43.3875
34.2625
8.375
7.75
26.9375
40.8375
35.6625
40.225
35.0375
35.7
34.625
38.6125
47.6
35.6125
8.8375
8.725
15.2375
36.2125
63.8625
66.125
57.6625
44.75
43.25
49.775
59.75
62.425
18.2875
16.725
35.0125
36.6375
58.4375
48.9
48.1
38.65
39.6375
48.9875
58.675
60.8875
29.85
24.56875
24.075
39.9375
35.025
26.5875
23.2375
24.5125
32.6125
31.825
21.6125
18.5125
10.625
12.8125
29.8125
24.6875
30.05
32.9375
28.95
29.8875
37.375
35.3625
38.175
28.825
19.2125
31.775
28.45
29.8875
36.45
42.5125
41.55
41.8875
50.0875
66.975
65.625
56.9625
34.375
34.7375
61.3625
65.5625
63.5375
69.35
64.2296875
68.9
73.175
80.325
91.7375
68.4125
60.3875
56.946875
58.425
63.425
53.0625
50.7
46.25
40.85
38.3375
37.1125
47.7125
64.05
29.0625
27.3375
27.425
34.6625
38.625
46.1375
44.35
37.9625
43.5375
37.175
42.275
32.15
14.3375
13.596875
26.3
54.475
59.8625
70.125
64.475
50.0875
45.475
56.3875
56.6625
72.8625
42.525
49.66875
51.8375
50.1625
69.675
46.25
44.0375
48.15
62.425
47.775
45.55
43.275
47.675
51.31875
53.1
44.0125
47.5375
38.8625
37.625
27.2875
29.35
34.1375
34.575
33.1625
29.35
63.765625
82.75
78.5875
83.1
77.5625
76.4625
65.575
56.3625
52.375
42.8625
27.9416015625
25.8083656311035
25.8000326782465
25.8000001276494
25.8000000004986
25.8000000000019
25.8
25.8
25.8
25.8
25.8
27.125
23.175
13.375
14.925
15.575
25.3375
31.275
28.55
29.0125
24.5625
31.825
33.4125
41.225
42.75
46.2
48.29375
40.2125
58.9
57.5125
57.0125
60.8875
69.0125
70.6875
38.775
48.2
31.825
21.225
21.925
32.4625
37.5625
44.7625
28.575
22.8375
24.4375
24.05
21.3
18.05
14.8875
9.45
7.9625
8.75
10.85
13.9125
12.825
12.0125
9.6625
13.7
11.0625
14.6
16.35
19.325
28.55
35.725
36.8
22.2125
15.2125
13.8125
14.1
16.0375
15.9125
22.4
26.3125
20.5
22.859375
37.4875
63.7625
43.6
37.2625
43.9
33.4875
32.8375
41.075
45.45
63.4625
66.5
81.915625
85.6375
89.775
93.2125
71.225
46.8625
22.5875
25.1875
46.6875
60.7375
70.675
47.1625
57.909375
79.2625
82.475
56.575
40.6
48.4125
41.7625
39.55
45.0375
47.1
38.0875
14.75
11.496875
18.525
22.025
35.5
57.125
30.5625
31.575
28.1625
30.3625
40.05
40.75
20.1875
11.45625
17.2
32.45
31.325
35.925
33.3375
36.55
41.5375
41.8125
44.025
21.1
7.2375
5.39375
12.6
19.8125
28.7
25.475
25.6375
20.9875
22.85
21.4
15.8875
14.45
4.65
5.478125
13.8125
24.2875
36.525
33.3625
28.1625
34.2625
39.6625
44.0875
35.4625
34.775
28.05
29.58125
31.975
36.35
32.65
24.8
28.9625
47.95
43.1
50.7875
57.0625
38.5375
32.4375
68.434375
87.0625
75.9125
64.2875
50.3
46.5
43.0875
37.0125
35
44.925
55.7125
43.7875
55.671875
73.5625
85.5375
96.825
95.15
100.175
93.35
92.5125
76.725
75.325
76.7125
73.575
76.41875
84.9
98.6625
89.4
93.025
87.7625
84.6875
84.7
75.8
93.8125
75.075
60.975
52.49375
53.9625
51.7875
55.65
60.45
55.2625
54.15
51.2875
67.6375
106.8625
90.8375
52.175
49.60625
69.05
79.1125
61.475
44.9125
39.15
36.25
40.95
48.425
52.8875
39.9125
43.675
53.959375
62.6
64.1
63.15
61.175
50.9625
52.4375
53.175
76.225
82.3
54.15
48.4
58.875
61.625
71.975
62.3875
41.0875
34.0125
39.7875
64.4
66.2625
86.975
74.525
47.575
51.446875
72.3
84.875
65.95
47.75
45.0125
39.8
45.4375
53.55
74.725
67.65
36.9625
27.4625
37
59.1
74.6375
57.2875
59.25
60.7875
65.75
80.6375
106.25
87.3625
66.3375
65.20625
74.35
79.275
72.7
74.4
67.075
74.55
65.925
93.15
114.58749875
59.2875
50.1875
60.575
85.575
93.2625
66.55
45.0625
56.9
31.5625
30.3
39.1375
53.55
68.725
70.6375
76.25
88.1375
74.075
50.075
32.75
26.25
23.075
26.4125
37.4
52.0875
49.3875
42
49.6125
47.125
31.175
33.2875
19.1125
17.5625
16.925
18.15
19.525
20.6125
19.7875
13.075
13.7
20.7125
24.6875
27.7375
27.3
27.1875
22.375
24.1375
29.275
32.1875
24.0375
17.375
19.928125
26.825
51.4875
47.775
32.0375
26.2625
20.4875
21.975
25.2
40.2625
33.7
16.7625
16.8125
19.875
25.2375
32.4125
28.875
21.9875
17.55
18.1625
27.9
31.175
26.8125
13.1875
11.4
14.0625
19.8
24.55
24.7375
26.4625
24.1
25.3
33.2375
52.625
80.6625
51.3375
29.940625
25.775
41.0125
54.2
36.3625
27.05
25.5125
25.4875
28.4125
35.775
30.6375
16.5125
18.7625
16.8125
20.9375
30.1125
19.4375
16.7125
15.4375
18.6625
17.2125
18.15
16.4125
13.5875
16.5
17.0625
15.6125
18.5
20.25
17.2625
19.325
20.225
20.5375
24.1125
23.8625
21.8875
22.1125
29.45
35.275
43.7125
48.9125
48.8125
46.075
47.3875
46.3625
51.9125
59.175
53.5875
67.965625
79
83.1125
94.2
78.1625
60.325
48.05
55.4125
56.875
63.3125
71.5375
71.55
81.428125
94.0875
104.125
117.85
81.6125
59.2375
71.2875
74.3625
74.1375
72.15
73.7375
51.4875
50.00625
59.0125
85.85
80.975
69.1625
74.9875
81.1875
79.225
68.775
73.6
61.3375
54.5875
57.5625
67.925
75.15
57.6875
42.85
34.8375
31.1
40.1
37.8
43.725
31.0125
14.2875
15.86875
22.5125
36.3125
42.475
38.5125
33.125
30.2375
33
29.6625
47.5625
64.85
60.2125
65.728125
80.55
92.7125
97.05
48.2125
40.875
46.3875
60.325
86.0125
85.7
67.6625
72.0375
76.134375
81.4625
90.2375
91.0875
65.6
46.475
50.8375
67.2875
92.1125
86.6625
65.025
45.425
53.321875
62.825
83.225
82.625
52.1875
41.5375
37.3875
42.05
58.4875
56.7375
43.225
39.8625
38.85625
52.625
68.65
63.6375
50.5625
38.325
36.9
34.1625
34.45
35.2875
19.5875
25.9375
43.68125
53.2375
61.75
56.5
33.825
24.45
19.5
23.075
26.2375
31.875
20.95
25.5875
60.05625
82.175
96.8375
90.1875
66.2875
69.7625
64.225
72.3625
92
77.025
47.0125
45.15
48.059375
57.625
58.95
51.3125
39.8875
32
46.3375
42.525
52.0125
57.175
51.725
48.4625
46.690625
53.275
54.8875
49.7375
33.7875
27.575
26.225
26.7375
26.2375
30.25
15.425
12.1875
14.35
27.5125
57.6
67.7875
40.6375
33.6875
30.725
52.25
73.9625
85.5
54.2375
36.7875
61.896875
74.45
72.825
84.9
49.35
49.3875
64.35
69.7
66.975
67.225
33.775
24.7125
26.65625
41.4
35.35
55.9875
96.5625
71.7625
61.55
71.35
75.575
77.0875
42.65
28.0625
24.678125
31.5125
68.8875
79.1
82.85
87.45
58
60.9875
87.9875
80.575
35.9375
21.4375
28.8
41.5375
36.575
33.25
36.525
34.725
36.075
53.7625
59.275
71.6875
47.1375
17.9875
20.340625
29.475
36.3625
43.15
38.025
25.275
30.7875
29.825
40.9875
51.3875
48.5
49.2625
55.7625
67.6625
81.2375
78.75
73.2875
48.175
48.725
50.425
68
58.325
43.4625
50.5875
60.103125
65.6125
72.9375
88.35
74.1
51
46.0875
38.0875
32.1375
34.625
29.65
30.35
35.871875
35.675
35.425
30.1375
29.9125
27.625
23.775
19.4625
19.725
18.7
11.075
9.2875
10.109375
12.3375
16.65
21.7
24.0125
22.175
19.490625
18.25
24.0125
23.9375
14.9625
9.25
12.1125
18.2
35.0125
49.825
53.3625
42.5625
42.0375
46.625
44.8
60.925
54.625
44.8125
54.23125
65.1
75.8125
63.2375
58.075
53.1125
52.7875
52.475
82.125
80.4875
37.05
12.95
13.23125
20.4
19.2875
19.8
21.4
19.7125
24.625
26.9375
20.8625
32.075
29.275
28.7875
41.1125
46.875
45.725
44.9625
37.275
26.5375
22.6875
30.075
52.325
74
54.8125
16.9375
21.784375
25.675
38.8625
55.95
56.5875
50.55
42.35
53.85
70.5625
100.2875
70.5875
68.925
79.48125
86
92.9125
78.5875
46.15
31.175
21.4125
26.9375
46.9
66.1125
25.9
15.3375
15.75625
24.475
43.1125
59.675
66.7625
70.125
53.45
51.95
58.0375
51.1
25.475
19.4625
42.503125
66.95
88.325
80.5
83.025
59.7125
61.325
68.85
109.8625
106.67499875
81.0875
73.2375
69.196875
69.3375
72.25
54.9125
66.8875
68.875
62.875
66.1875
76.025
88.875
72.7375
54.5625
75.628125
82.5375
83.675
73.5125
39.55
34.6875
48.4375
54.3375
51.0875
55.25
58.725
60.1875
69.465625
72.35
63.825
67.3875
44.275
24.5
19.6125
26.7875
40.2375
45.7125
31.1125
35.0125
35.640625
54.0875
65.9875
59.925
33.5875
21.375
28.5
33.6125
66.925
87.675
57.2
56.75
71.4125
72.6875
84.65
81.1625
83.025
68.05
48.4875
48.25
58.425
67.4625
20.3
9.725
11.425
22.9
30.525
60.8875
75.5625
47.425
40.0375
34.7875
42.225
52.5625
18.1625
10.4375
15.3625
19.5
27.0625
47.25
57.6875
48.375
35.9625
37.8875
34.325
28.9625
11.125
6.7875
6.9875
15.9125
24.3625
33.1625
37.3125
36.025
36.2625
43.55
58.45
67.975
30.2875
16.5875
21.659375
31.075
42.2625
43.9875
65.35
50.0375
42.8375
48.1125
50.2875
44.8375
35.45
19.4625
15.609375
17.6875
45.1125
56.3375
36.1125
18.5625
23.1375
32.7125
40.5125
35.025
21.6125
20.375
31.38125
39.9875
43.725
52.3875
45.1625
45.3625
44.0625
51.9
47.6625
39.45
18.3875
8.7625
10.534375
16.0375
25.0875
38.0625
59.725
58.275
74
98.4125
87.275
73.825
34.325
15.225
7.896875
13.15
23.6625
18.875
24.6625
51.7375
40.3
44.2125
40.075
49.8875
30.8375
13.975
12.93125
17.425
20.65
40.35
57.7625
72.025
61.575
54.4125
72.5375
57.3
25.85
15.35
19.653125
35.275
60.95
82.925
71.8125
32.8
27.8125
28.85
61.3375
78.2125
42.6375
50.45
45.13125
53.675
64.625
82.8875
81.3375
72.0625
93.8375
57.511181640625
50.8262155532837
50.800102404505
50.8000004000176
50.8000000015626
50.8000000000061
50.8
50.8
50.8
50.8
50.8
50.8
50.8
54.65
68.8125
53.675
54.6875
69.446875
85.2125
92.2625
81.875
57.2
35.7625
26.6
35.2
75.5125
67.4625
32.1875
23.6125
23.9875
31.9
45.65
50.0375
36.175
27.2875
21.8375
26.65
25.5
26.7375
14.7
9.2125
7.98125
12.5375
19.55
31.5875
42.9125
35.8625
34.1375
66.025
92.3625
81.7125
60.5625
51.425
43.559375
42.1625
58.1125
66.15
82.4625
64.025
44.625
50.2125
58.425
53.5375
16.3375
7.3875
8.365625
16.25
20.85
25.4
34.525
37.575
33.5125
34.05
31.9625
28.95
12.4875
5.7
6.921875
11.5
17.9625
24.25
28.9
33.075
30.875
39.3375
34.6
25.8375
15.525
9.325
12.409375
15.4125
22.9625
39.925
42.6875
36.5625
36.475
37.075
38.925
18.8375
9.075
6.6375
9.734375
14.9625
25.15
33.1875
51.2625
58.1375
53.2875
74.1125
95.825
84.575
31.4125
18.4375
24.10625
36.9875
48.5125
49.9625
49.775
44.2875
48.7
64.025
104.1
118.0500025
71.075
59.25
56.353125
54.825
43.25
44.275
41.825
37.55
26.825
31.4625
76.1875
76.05
32.4375
15.8875
15.921875
28.6875
34.5125
36.2125
54.6625
50.8375
31.3625
40.0125
53.875
44.3
17.3625
8.95
7.884375
11.9375
16.375
26.7125
27.7
37.45
39.6125
49.3125
83.725
100.5625
45.85
11.325
12.596875
32.2625
21.7875
30.4125
51.4375
54.9125
44.2
30.55
28.475
17.9125
12.5125
15.9875
23.653125
26.9625
20.05
28.05
38.3875
27.6125
28.0875
25.7
26.05
17.6875
10.175
7
5.91875
9.425
11.6875
17.4875
23.325
25.4
26.375
27.125
31.8125
44.925
18.575
14.7375
18.296875
30.4
23.0125
23.925
31.7625
36
37.05
45.425
75.075
79.5625
30.6125
11
11.475
22.7625
43.425
37.4
46.2125
44.5875
30.875
35.6
48
52.1
24.85
19.8875
27.996875
49.875
45.575
45.0375
51.3375
49.0125
44.075
64.1625
79.8125
60.5
19.225
7.7625
15.421875
16.1
28.6
35.5125
44.875
38.3
30.8125
35.1625
35.4375
36.8375
15.3125
8.5
7.76875
12.3375
17.85
19.8625
21.125
24.0875
63.775
64.5625
60.7
32.4
35.025
25.6125
22.015625
21.175
23.0375
29.4
31.775
27.5375
19.8875
22.4625
22.875
21.7
10.9125
4.9875
8.7875
12.25
17.1625
24.3625
37.2625
47.4375
58.425
66.5875
91.0375
98.975
67.2125
65.9875
64.984375
64.85
39.275
35.85
55.575
38.225
33.575
59.625
61.2625
47.525
21.9625
15.375
10.18125
10.3125
19.475
31.025
41.1875
43.4125
37.8125
42.575
41.0875
40.625
15.575
11.7125
17.0625
18.1
28.3125
50.15
73.9125
48.1875
35.8125
40.45
57.2125
45.6875
17.375
9.15
16.665625
20.325
30.2125
38.4375
48.8625
41.875
35.55
34.4
43.475
38.1875
13.6
6.2625
11.2875
14.3625
25.0125
21.975
17.9125
20.4
22.2375
21.15
20.2875
18.3
11.8
15.3375
24.5125
27.675
38.325
56.5375
48.175
36.2125
37.0625
37.475
39.225
30.0375
12.475
8.475
19.353125
18.7125
30.0125
44.3875
56.1125
61.625
58.675
74.7875
107.3625
103.075
56.6125
54.7375
66.56875
68.375
68.3
70.4875
68.05
47.0875
41.1375
41.425
54.05
47.85
20.225
12.5625
17.33125
31.75
50.3125
68.375
76.0625
76.7625
64.925
91.175
111.2
105.5625
60.65
60.625
65.034375
66.75
68.8875
61.95
40.7625
69.2625
70.35
68.8
73.6125
81.7375
44.3625
27.75
25.95
27.4875
26.6875
38.6625
52.5125
58.95
46.8125
55.6625
62.55
58.1625
32.1375
17.175
20.615625
37.1
51.8
53.2
47.5375
45.175
44.825
38.9375
36.0375
23.1875
15.2375
12.8875
17.65
20.325
23.425
35.8875
39.4375
37.8375
45.225
48.5625
68.45
55.9375
43.2375
27.85
36.31875
54.6125
67.45
86.925
112.0125
75.3875
64.3125
61.575
66.45
59.3625
49.625
39.2125
52.971875
56.15
50.1875
55.675
69.475
71.05
47.725
61.075
59.675
53.8375
49.625
54.2375
47.14375
49.0875
52.9
56.5625
59.6625
52.05
49.65
47.625
50.96796875
61.0700408935547
61.1994923472405
61.1999980169814
61.1999999922538
61.1999999999697
61.1999999999999
61.2
61.2
61.2
61.2
61.2
61.2
61.2
61.2
61.2
61.2
61.2
61.2
61.2
61.2
61.2
61.2
61.2
61.2
61.2
61.2
61.2
61.2
61.2
61.2
61.2
61.2
61.2
61.2
61.2
61.2
61.2
61.2
61.2
61.2
61.2
61.2
61.2
61.2
61.2
61.2
61.2
61.2
61.2
61.2
61.2
61.2
61.2
61.2
61.2
61.2
61.2
61.2
61.2
61.2
61.2
55.25
54.0625
57.534375
61.0375
60.1375
59.3
62.7125
51.425
42.625
42.2125
45.175
45.1625
43.375
56.1625
58.809375
56.4125
62.6875
65.525
63.8625
54.984375
43.2875
50.425
51.6875
47.25
43.175
45.2375
47.340625
54.325
62.8375
70.8375
72.7375
68.65
69.925
70.225
61.475
53.175
57.4625
68.5625
83.1625
