"x"
23.4
33.9
28.4
35.4
26
26
28.5
26.1
28.6
31.1
33.6
36.1
40.5
45.5
41.1
46
46.1
59.9
58.5
46.6
43.7
43.7
36.8
47.2
59.1
69.5
67.5
54.7
49.7
39.4
35
22.6
27.6
32.5
22.2
27.7
25.2
32.6
28.2
20.3
17.9
17.9
7.6
7.6
12.6
18
12.6
18.1
15.1
0.4
-4
-5
-5
2.5
10.8
43.3
40.3
38.4
43.3
55.6
51.2
56.6
50.7
48.3
57.1
56.6
49.7
52.1
46.4
48.8
44.4
42
53.2
49.4
52.4
108
71.7
33.4
31
20.8
23.2
13
0.8
-1.7
-2.1
1.3
1.3
0.9
7.8
5.8
10.3
9.1
8.5
7.9
18.2
8.4
15.8
20.7
25.6
23.6
28.6
35.4
33
40.4
52.6
60.4
75
72.6
75.5
102
113.2
90.1
65.4
60.5
62.5
60.1
62.5
50.8
45.5
46.5
41.1
35.8
39.2
33.9
34.4
36.8
27.1
32.5
34
34
22.8
30.1
20
10.3
10.7
5.4
5
9.9
7.5
7.5
8
15.3
16.2
21.1
18.2
22
25.8
24.1
27
27
27.9
31.2
28.4
35.7
37
42.8
46.6
41.7
42.8
41.3
41.3
61.5
59.5
48
50.4
44.5
39.4
41.4
45.8
46.3
42.1
41.2
32.3
26.6
26.6
22.9
18.9
20.9
12.8
12.4
12.5
10.5
8.1
8.1
7.7
5.8
7.8
1.8
-1.2
-4.2
-1.8
-1.3
-3.7
-1.2
-1.7
0.8
6
13.3
15.7
13.3
6.1
8.6
20.2
13
18.3
15.4
18.3
15.9
35.1
23.2
21.2
23.2
23.7
28
35.7
21.3
23.7
16.6
19
21.4
19.5
19.9
20.4
17.6
12.4
10
7.2
5.3
4.9
7.7
2.1
10.6
13
13
8.2
8.3
12.6
7.9
10.7
12.3
10.3
6
23.6
15.6
13.7
19.3
25.2
28.4
20.9
23.3
21.8
26.1
26.6
37.8
38.6
41.4
44.6
52.6
48
45.5
46.8
37.2
42.8
42
40.4
41.2
38.8
37.6
28.8
17.7
12.6
15.8
11.1
3.2
15.9
-1.5
-3.9
10.4
6.1
5.7
-3.8
-3.8
1
2.05
2.575
3.1
-3.6
-1.6
-1.6
-1.2
5.9
13.1
27.3
41.9
30.9
37.2
45.5
31.7
31.8
36.9
46.8
44
39.7
42.1
39.8
42.9
44.1
39.8
44.5
39.4
44.2
49.3
42.6
52.5
32.9
18.7
23.5
21.1
23.5
26.3
23.9
16.9
16.5
19.3
17
16.6
14.3
7.2
4.9
0.6
-1.7
0.3
0.7
3
3.1
7.8
12.9
12.9
15.7
5.9
6.3
11.4
18.9
16.2
16.6
16.6
24.4
25.2
19.4
27.2
29.5
38.1
18.7
16
12.9
18
11
13.7
16.1
17.7
17.7
15
19.7
17.4
10
10.1
7.4
9.7
14.4
17.2
12.9
14.9
14.9
8.7
13
10.3
12.6
12.7
10
7.9
6.85
5.8
7.8
10.1
12.8
12.9
10.5
22.2
24.6
27.3
37
33.9
40.9
45.6
43.7
45.3
62.3
57.3
43.4
41.1
44.5
32.2
29.9
34.9
39.9
41.9
37.3
40
33
34.6
44.3
54
49.3
39.7
39.7
42.1
42.1
40.5
37.8
40.2
32.9
16.7
21.3
24.7
17.8
22.1
29.8
26.8
32.1
33.5
29.5
32.2
27.9
25.3
23
34.9
38.6
28.4
30.7
33
30.7
26.1
30.1
28.1
33.4
35.4
33.1
36.5
38.1
33.9
37.9
40.9
33.9
35
45.8
40.9
49.2
50.1
50.8
72
75.6
56.7
57.7
72.5
52.1
56.7
39.9
30.8
23.9
24.2
33.8
38.1
35.8
33.2
40.4
37.95
36.725
35.5
31.3
19.5
21.8
26.4
54.3
26.8
24.2
28.8
42.6
49.5
63.5
50.1
36.4
39.1
43
52.5
38.5
54.8
64
57.8
57.1
59.8
53.3
43.5
32.1
27.5
25.2
43.5
27.6
27.6
30.5
38
30.2
30.6
19.5
23.8
17
11.8
14.7
13.1
17.7
23.9
10.2
19.7
17.8
16.1
18.8
10.7
18.2
18.2
18.2
22.4
19.2
28.6
22.1
40.9
40.6
36.4
33.5
55.8
56.5
49.1
51.6
51.6
50.4
44.6
52.3
62.7
69.6
66.2
68.2
61.9
57.9
64.7
57.7
44.7
48.8
50.1
50.7
48.7
38.9
32.2
38.1
35.6
34.2
37.1
43.3
37.6
45.8
49.8
54.5
59.1
58.5
68.35
73.275
78.2
92.7
62.6
86.3
111.3
95.9
99.8
94.2
92.7
129.3
100
124.6
156
143.39999
138.2
151
127.1
80.2
118.4
103.5
83
73.4
86.7
114.9
114.7
118.7
71.3
78.9
59.2
54.1
49.9
49.9
47.7
53.7
30.9
20.5
62.7
79.8
77.1
42.2
27.6
38
30.4
67
67.3
72.6
42.6
22.7
61.4
78.5
45.7
54.7
92.8
87.8
63.1
66.8
46.1
40.5
66.2
67.3
76
81.3
57
55.1
66.2
65.1
74.3
93.6
83.2
108.6
100.5
101.9
135
143.5
164.60001
149.2
160.3
135.5
119.6
83.3
83.6
100.5
84.6
73.6
74
47.2
48.3
57.7
23.4
35
26
30.1
27.9
25.7
39.4
46.25
53.1
52.1
56.5
74.4
74.7
61.2
64
67.1
64.3
77.7
65.1
66.6
69.2
66.8
68.8
75.6
94.6
100.4
108.7
106.4
138
143.60001
150.3
125.1
83.2
56.3
40.3
72.5
76.8
72.5
67.5
73.3
52.3
69
101.3
92.9
102.2
66.1
52.8
59.4
92.2
98
128.60001
142.5
94
94.3
36.3
69.2
59.4
45.2
53.5
82.2
42
48.2
29.8
43.5
34.7
31.6
73.9
70.7
52.9
43.6
41.9
31.9
41.2
45.1
46.8
43.6
60.2
55.3
61.9
68.5
83.3
69.2
88.2
89.9
75
80.9
77.2
73.8
57.6
61.5
37.9
27
29
7.7
7.7
3.1
5.1
5.6
14.3
23.8
11.9
5.4
3.35
2.325
1.3
0.9
3.3
3.8
1.2
-1
8.2
5.9
12.2
22.1
12.4
15.8
28.2
32.8
24.3
28.9
32.8
19.8
17.9
29.2
32.3
34.7
36.5
65.9
87.9
87
67.2
65.9
47
45.5
34.9
59
42.5
45.4
44.9
55.6
48.2
67.1
64.7
70.6
75.2
61.1
56.7
63
38.1
32
31.2
31.8
36.4
32.1
27.5
43.6
34.5
57.6
71
56.6
48.4
43.6
51.8
44.1
55.3
40.6
45
43
36.6
36.8
31.7
43.3
43.1
49.8
43.1
36.7
41.8
43.6
36.5
42.6
52.2
70.5
78.6
47.5
33.4
44.4
36.2
33.7
35.2
52.4
48.3
37.4
41.7
16.4
7.4
16
8
12
13.4
14.1
14.8
11.8
5.6
10.1
7.8
4.1
10.2
16.4
14.5
21.1
25.8
16.9
23.3
16.7
19.3
30.4
25.9
19.3
24.4
35.3
26.2
21.7
32.8
37.7
52.7
32.1
30
30
37
47.9
55.2
57.4
49.2
67.6
58.3
64.9
66.8
60.2
44.2
50.6
41.3
39.2
49.8
44.8
55.4
42.5
38.3
38.1
30.6
38.3
35.6
42.6
32.8
34.3
39.6
45.2
50.6
47.7
61.8
53.6
58.4
65
63.1
85.8
91.8
86.5
64.5
67
61.5
58.9
64.4
76
94.4
106.3
128.2
99.4
84.5
77.9
72.7
66
66.7
55.8
46.3
61.9
50.7
50.1
39.7
31.6
28.5
31.1
29.4
24.3
30.7
24.2
25.45
26.075
26.7
29
38.1
35.5
31
37.5
26.6
30.8
48.3
40.1
37.5
51
67.2
68.3
83.7
76.9
57
59.1
59.3
73.2
57.8
44.5
39.9
45
46.7
53.2
53.1
62.1
58.1
45.3
44
49.2
51.1
37.9
36
33.6
46.5
42.8
51.9
35.9
33.2
29.7
42.8
42.3
43.9
29.7
36.3
34
43.6
43
27.7
41.1
41.1
42.4
49.5
47.1
45.9
39.9
39.7
32.1
40.4
36.3
45.3
36.6
34.5
39.5
55.3
64.5
46
53.5
55.6
72.8
84.7
78.7
90.7
68.5
81.9
90.2
77.1
55.1
49.6
51
50.8
42.8
15.4
19.7
13.7
13.4
9.2
13.5
13.3
21.8
32
25.7
23.7
22.7
21.7
23.8
23.8
25.9
34.5
38.4
42.6
44.8
42.7
34.4
30.3
24.1
24.3
22.3
36.9
32.6
37.2
45.5
41.5
45.5
30.8
39.2
37.3
27
35.6
40.2
39.3
26.9
37.5
35.4
35.3
31.2
25.5
36.4
40.4
46.4
41.9
38
40.3
46.6
59.6
40.1
42.9
44.8
40.6
40.2
46.7
42.4
40.6
47.1
60.7
64.7
60.5
55.5
44.8
42.4
38.5
42.7
40.6
47
52
40.7
49.7
45.1
38.8
38.9
38.3
34
36
44.7
42.5
40
44.6
47.5
47
53
53.3
50.3
50.5
46.2
43.9
37.7
31.7
27.3
33.7
29.4
29.6
29.4
40
42.2
43.6
49.7
64.1
66.1
70.4
72.55
74.7
80.9
79.3
64.4
55.9
64.1
74.4
78.3
74.2
82.5
88.7
97.3
88.5
84.4
60
66.1
70.2
76.3
100.7
115.2
121.7
118.5
118.4
92.1
79.6
83.9
84
69.6
65.6
53.3
45
36.6
34.5
41.1
41.1
47.6
49.7
35
32.9
33.1
32.9
32.8
33
27.3
24.8
26.9
29.1
24.8
31.3
35.3
35.3
33.3
33.3
33.1
37.5
31.4
39.7
39.6
33.4
35.4
33.4
39.6
35.7
33.6
40.1
40.4
37.4
37.9
44.1
52.3
58.2
60.2
63.7
75.1
68.6
80.5
83.5
63.4
59.3
67.9
69.9
54.9
52.9
55.5
57.3
34.7
44.7
49
49.2
39
62.4
40.9
51
49.2
47.1
46.05
45
47
49.4
49.6
53.4
55.6
53.5
57.8
58.1
62
45.5
43.7
45.8
43.6
51.7
47.6
47.8
52
47.6
47.8
47.8
45.7
52
54.1
51.8
60.4
66.9
62.4
68.7
56.2
54
66.3
70.5
66.2
58.1
58.2
60.2
60.5
62.6
52.4
58.3
56.8
52.7
64.7
56.5
61.2
69
50.8
54.6
67.6
57.2
52.7
50.1
57.3
50.4
58.6
61
61.5
60.6
64.7
65.2
71.2
66.6
68.9
73.2
68.9
74.9
79.1
71
83.7
74.8
74.4
78.5
76.5
80.6
84.5
80.4
90.9
74.7
58.2
44.1
50
36.2
32.2
26.4
24.3
24.3
22.3
20.4
22.4
26.3
30.2
34.1
32.2
30.25
29.275
28.3
28.3
28.3
24.4
30.3
44
48
46
38.2
40.2
42.2
48
42.2
65.7
77.7
48.1
48.1
50.2
42.3
42.3
38.5
46.3
46.3
54.2
46.3
40.5
40.5
40.5
44.5
58.3
42.7
36.7
52.4
50.6
60.3
50.5
54.4
44.6
56.5
62.6
68.4
62.5
68.5
68.7
70.3
68.2
58.4
58.3
58.3
35.1
35.1
35.2
35.1
37.9
39.3
40
40.35
40.525
40.6125
40.65625
40.7
36.1
40.9
34.3
38.7
32.2
41.3
45.7
45.6
43.8
47.2
47.8
63.5
72.3
82.3
83.1
87.6
69.3
69.1
67
73.4
59.9
57.3
71.9
55.1
58.6
51
43.8
53.2
47.3
54.7
53.4
56.2
53.6
51.55
50.525
49.5
51.9
59
43.6
47.6
49.6
72.4
56.2
57.7
48.2
49.8
46.2
51.5
64.3
68.5
70.1
85.2
96.5
113.8
101.1
100.4
125.8
118.3
117.5
106.6
86
71
43.2
21
22.9
35.4
30.1
29.8
22.3
20.7
22.3
17
52.2
43.6
60.8
63.6
64.3
59.1
59.1
59.9
67.1
75.3
78.6
83.9
85.8
90
89.7
88.9
89.1
92.7
103.2
98.8
102.6
111.2
99.6
104
105.1
109
94.9
94.8
95.6
93.7
91.6
87.3
84.3
84.6
79.9
93.8
89.7
68.6
65.8
60.5
51.4
48.6
53.2
47.1
46.2
39
46.4
37.4
44.2
45.3
43.1
43.7
47.9
54.5
46.1
51.3
47.6
45.95
45.125
44.3
44.3
50.6
54.1
53.6
62.6
56.2
57.1
61.4
58.1
58.1
65
71.3
66.8
64.6
69
73
74.4
69.5
74.5
65.6
59.9
56.6
54.4
46.5
39.1
37.2
40.8
38.6
51.7
40.2
45.4
45.1
43.5
48.2
43.5
32.9
36.6
44.3
43.5
39.4
32.6
29.3
34
30.9
30.7
26.6
23.1
21.35
20.475
20.0375
19.81875
19.709375
19.6546875
19.62734375
19.613671875
19.6
21.7
21.2
23.1
26.7
27.8
29.4
30.2
31.4
35.5
33.5
34.9
33.2
36.1
34.9
36.8
38.4
50.7
50.7
46.4
40.1
43.6
37.5
33.2
32.9
22.8
23.9
25.3
15.4
17.1
15.2
15.2
13.5
11.4
13.3
13.5
13.5
11.4
12.45
12.975
13.5
15.2
22.5
62.6
67.1
64.7
64.7
63.3
68.6
54.4
57.3
62.1
66.2
62.1
58.5
69.8
73.6
74.6
72.2
59
56.8
69.3
62.4
61.4
60.2
64.8
70
51.1
43.5
44.4
42.7
46.8
54.5
66.2
57.6
59.1
61.7
59.5
44.7
43.5
55.2
41.6
37.7
55.2
63.4
60.5
52.8
49.3
38.9
37.5
36.1
40.9
57.4
61.2
58.3
46.9
50.4
49
49.5
52.4
47.1
55.3
58.1
62.7
65.3
72
80.2
82.8
79.2
73
71.5
74.2
75.1
75.4
69.4
68.2
75.6
65.8
58.8
55
48.3
45.2
42.8
36.5
34.6
31
23.4
15.9
14
15.9
16.2
20
12.1
12.1
9.25
7.825
6.4
8.3
10.4
15.9
17.6
17.9
21.9
29.4
45.2
23.6
25.5
31.3
37
40.6
36.8
25.3
29.4
27.4
29.4
42.5
51.9
67.7
70.6
64.6
71.3
61.3
37
38.5
43.3
55.3
34.4
25.3
21.2
21
17.9
19.3
17.4
15.7
13.8
17.2
17.2
16.7
17.4
13.8
13.8
21.2
19.1
18.6
20.5
21.2
17.2
15.5
15.7
17.4
19.1
21.3
17.4
23.2
15.7
17.7
16
21.3
21.3
26.3
19.6
14.1
11.9
16
13.8
14.1
12.2
10.5
6.4
6.6
10.2
10.5
10.2
8.3
15.3
10.2
12.2
8.3
8.6
10.5
10.2
10.2
12.4
10.5
8.6
12.4
12.2
14.3
14.1
17.7
16.85
16.425
16
16.2
52.7
10.3
6.4
6.7
8.6
8.6
8.6
8.3
8.3
14.1
21
12.2
12.2
8.3
12.2
17.9
12.2
14.1
16.2
17.9
21.8
23.4
15.8
11.9
15.8
19.1
15.8
17.7
16
15.5
15.8
11.5
13.9
16
17
13.9
15.8
19.2
16
12.2
15.8
12
16
10.3
10
12.2
12.2
12
10
9.3
8.1
12
8.4
10
10
10.3
10
10
8.1
8.4
8.1
10.3
11.5
10.1
10.1
12.2
12
13.7
18
10.3
14.1
19.6
17.7
13.9
8.4
8.4
17.7
12.4
8.6
10.3
10.3
16
16
16
16
27.5
29.7
27.5
22
27.5
27.5
25.6
25.4
25.3
25.2
33.3
31.4
44.6
53.9
62.8
57.8
55.6
55.4
59.7
57.8
51.5
48.2
47.9
49.4
53.7
57.3
51.8
49.6
60.4
55.2
57.3
58.8
36.5
35
42.4
46
35
41.7
48
45.1
26.9
21.1
32.9
38.9
22.8
20.9
15.8
19.2
17.3
13.9
17.5
25.7
20.7
42.3
30.5
29.1
39.7
43
55.8
48.6
50.8
45.9
53.2
60.5
50.1
56.9
49.1
52.7
56.6
59.5
67.2
59.3
62.2
67.8
67.4
65.8
68.6
68.1
72
71.6
78.8
64.6
70.6
75.3
68.5
73.2
62.2
58.4
57.2
49.6
49.9
61.2
56.4
53.3
54.5
41.5
52.3
56.6
48.1
51.7
52.5
56.4
66.3
53.45
47.025
40.6
43.2
47.1
35.1
35.1
37.2
42.5
35.1
42.3
36.3
29.5
27.6
36.7
46.6
55.7
64.1
52.3
60
61.5
55
46.3
55.7
66.7
104.8
98
88.6
56.2
34.4
26.9
33.7
34.6
32
32.8
26.9
27.2
25
28.6
24.6
23.3
28.4
21
19.3
22.6
21.2
19.3
15.2
18.8
20.3
20.7
20.5
20.7
20.7
16.2
18.8
15.2
19
20
20.7
25.9
20.5
20.5
23.2
20.5
18.8
22
21
27
33.5
29.2
33.2
35.5
42.2
41
38.3
42.2
41.5
44.1
37.4
29.4
28.4
30.3
23.4
19.8
18.1
14.5
16.4
16.4
16.4
20.2
21.9
22.1
21.9
20.2
21.9
20.95
20.475
20
16.4
16.4
18.1
16.2
21.7
21.7
16.2
16.2
14.2
14.5
14.5
16.4
14.2
16.4
21.9
23.8
25.8
25.8
31.7
31.5
27.9
46.2
42.3
41.1
34.9
35.1
33.4
29.4
36.8
38.5
35.9
36.1
26.8
32.1
27
21.2
23.6
35
42.4
35.4
32.3
28.7
40.3
43.5
42.7
37.9
47.8
42.7
39.8
38.1
41.3
37.9
45
38.9
34.1
31.9
44.9
48.1
41.5
39.5
45.9
52.1
51.2
50.8
54.1
54.1
61
52.4
65.3
58
59.9
51.1
54.8
54.8
53.3
53.5
57.8
51.1
44.8
38.1
36.9
33
33
21.7
21.7
18.1
18.4
20
20
25.8
33.3
37.3
29.6
27.8
26.9
26
26
23.9
27.7
23.9
35
43.1
35.2
33
31.3
33
46.2
46.7
53.7
49.9
42.4
47.9
53.7
44.6
46.7
38.8
35
41.7
53.3
51.8
40.7
49
49.2
49
47.3
42.3
49.7
55.8
44.2
50.7
44.2
48
41.1
42.3
38.9
33.1
36.1
41.8
32.7
34.2
35.6
33.1
42.8
39.7
42.4
31.2
30.8
40.9
39.5
37.3
30.3
44.5
41.9
34.4
35.9
37.3
38.7
33.3
38.6
45.3
45.3
40.9
40.7
35.6
44.6
41.4
45.8
48
42.6
49.6
50.2
51.4
48.5
42.4
41
40.3
28.9
41.3
35.6
37.2
26.6
19.6
21.1
17.7
34.3
21.8
29
31.4
36
37.3
37.95
38.6
42.7
54.1
58.3
65.4
65.4
65.1
62.6
68.1
74.4
70
79.8
73.4
82.9
82.3
80.5
72.2
64
68.4
74.5
78.4
72.6
75.2
69.9
76.2
71.9
59.3
62
63.9
51.8
52.7
49.9
51.2
45.2
47.3
40.1
42
32.6
46
39.4
51
53.7
60.4
50
55.9
50
58.7
49
50.8
46.7
52.9
47.6
49.3
34.5
46.9
43.3
44.4
44.9
45.6
48.4
40.8
51.9
55.6
47.9
52.4
64.5
63.2
63.9
79.8
79.5
77.9
87.4
102.3
83
68.5
57.2
68.6
74.3
68.6
67.1
62.5
52
55
58.8
48.3
39.4
37.7
43.2
46.9
39.1
42.3
37.5
37.5
31.9
34.35
35.575
36.8
48.4
45.9
35.1
25.7
38.2
32.7
34.2
38.9
45.3
38.3
49.1
62
60.1
56.6
69.9
70.4
54.2
62.4
61.3
45.5
69.5
73.4
69.9
74.3
72.6
56.9
47.3
39.8
31.4
37.6
36.5
26.3
37.9
41.8
30.4
29.4
34.8
34.5
33.1
31.8
38.6
44.7
36.5
41.1
28.8
30.7
27.3
27.8
24.1
27.3
29
32.2
28.8
38.5
30.5
28.8
35
34.8
33.3
34.1
33.1
29.7
27.8
29.5
23.9
23.4
21
30.4
28.7
24.8
23.1
21.7
24.2
21.7
19.3
15.7
10.1
9.7
19.8
14.2
17.6
12.3
14.2
5.8
2.9
2.9
6.5
6.7
8.7
6.3
8.4
12.3
10.6
12.3
13.15
14
7.8
10.4
8
8
8.2
7.8
6.3
6.3
9.9
10.2
8.2
9.9
9.9
11.6
13.5
15.2
13.1
13.6
20.3
20.6
24.4
20.1
26.5
30
24
29.3
29.7
23.5
27.1
20.3
25.9
25.9
29.7
31.2
27.1
22.1
21.8
21.8
16.1
23.3
25.5
24.8
23.3
17.8
17.8
14.6
19.5
23.1
18.2
23.3
19.5
19
15.2
17.8
18.2
26.9
24.6
21.6
26.7
26.5
24.1
26.7
23.8
21.6
28.6
24.6
26.7
22.1
20.4
24.5
26.2
35.1
34.3
41.3
28.8
20
15.5
13.8
14.3
14.6
8.7
10.9
6.8
8.9
10.6
8.7
8.7
8.5
10.9
10.6
14.3
12.3
18.3
18
17.85
17.7
16
14.5
16.2
19.8
21.7
19.8
18.1
21.5
19.8
16.2
23.2
26.9
27.5
27.5
27.3
34.6
33.1
32.9
23.2
27.1
26.6
26.6
36.8
33.7
41.8
37.3
40.2
31.5
36.6
30
40.5
29.6
37.1
33
27.4
26.9
38
49.9
58.6
51.5
59.4
64.3
42.1
40.7
41.9
37.4
42.3
40.6
36.3
27.6
21
25.9
24.2
24.6
28.7
29.5
29.4
26.3
24.4
20
27
25.7
22.9
27.5
30.4
38
36.4
48.1
48.6
42
46
39.4
37.5
38.6
27.5
25.8
23
20
22.6
21.6
40.2
35.3
23.7
36.1
45
43
41.4
46.6
57.5
57.3
60.9
66.3
66.9
63.75
62.175
60.6
55.7
67.3
69.2
74.4
73.1
68.6
72.9
78.5
72.3
68.7
76.5
64.1
65.4
70.1
67.6
67.4
74.4
75.7
76.8
76.4
75.6
77.3
77.3
78.2
75
73.5
87.1
86.8
65.6
77.6
68.2
58.1
52.8
27.4
24.6
22.4
19.7
26.5
28
24.3
21.4
16
15.4
12.2
12.4
15.8
12
17.8
14.1
20.9
12.6
29.7
21.2
22.9
23.1
30.9
19.2
17.1
29.7
33.1
33.3
49.1
54.4
49.9
47
44.7
50.4
65.8
54.2
55.3
57.2
55
49.3
50.7
57
64.1
54.4
57.3
46.2
38.7
40.2
35.3
27.9
28.1
30
27.9
20.6
16.7
22.3
18.4
20.4
26.2
14.6
13.65
13.175
12.7
18.5
37.7
41.3
47.1
42.8
35.6
41.8
55.2
53.3
52.4
54
47.4
46.3
32.3
40.2
44.3
40.9
56.1
58.6
63.7
57.2
57.4
54.2
54
50.3
51.2
60.7
65.1
63.8
79.1
64.6
61.4
58.2
60.4
74.4
56.7
58.6
61.2
60.8
68.1
57.4
54.8
50.9
63.9
59.3
56.9
55.3
64.7
59.6
64.5
71.1
65.2
67.3
67.8
65.6
73.8
75.4
63.4
60.2
58.3
60.8
72.3
77.4
85.8
83
81.7
81.2
88.7
97.3
102.6
91
87.3
90.1
82.8
81.4
78.2
67.1
60
104
60.4
63.8
39.3
46.3
35.6
31.5
31.8
35.6
41
35.2
38.8
44.8
37.8
42.9
51.9
56.4
60.9
69.4
68.2
76.7
81.2
86.2
86.6
90.7
74.6
83.9
92.7
89.9
89.7
92.3
80.7
70.7
70.7
63.7
66.4
63
60.7
56
50
50
60.2
77.5
76.6
89.4
75.7
79.4
73
73.4
63
50.1
39.7
53.8
42.9
40.3
30.3
32.4
25.1
23.4
21.3
20.5
25.4
21.7
27.1
23
17
28.1
18.7
12.3
15.7
21.1
10.4
14
13.6
18.7
10.6
14
11.9
16
26.4
19.8
21.5
20
23.7
30.1
30.5
25.4
25.6
25.8
35
50.2
46.4
39.7
20
12.5
10.8
8.9
13
11.1
10.8
12.8
10.8
14.7
18.8
16.6
16.6
16.6
20.7
20.7
20.5
24.6
24.45
24.375
24.3
26.5
24.6
26.3
32.1
43.4
58.2
69.8
69.1
52.8
49
43.4
43
26.1
16.9
22.4
28.2
47.3
38.9
31.9
29.9
35.5
35.5
35.5
35.7
31.6
24.4
20.5
20.3
16.4
14.5
20.3
18.4
10.6
12.6
8.9
19.6
19.9
19.6
22
12.4
10.4
12.6
12.6
16
20.1
26.7
31.6
28.4
28.6
34
40.4
51.7
42.8
35.3
28.4
22
12.6
12.8
8.7
17.9
20.1
21.8
23.7
30.8
30.8
34.6
32.9
29.3
29.3
29.3
29.7
31.7
29.7
33.8
30
28.2
24.4
24.4
28
28.3
32.1
30
31.7
26.1
22.7
24.6
24.4
26.3
26.3
28.3
30.4
30.2
26.3
21.5
19.1
16.7
16.7
18.6
30.2
30
41.1
43.1
33.8
41.6
46.9
45.2
47.4
45.2
41.3
45
43.3
39.6
31.9
22.3
18.6
18.6
20.6
20.3
22.5
16.7
12.8
7
8.8
12.8
12.8
10.9
10.5
9
11.1
6.8
8.5
8.8
7.1
7.1
9
6.8
10.7
9
9
5.1
10.7
14.6
27.6
47.1
45.2
35.5
41.3
34.1
29.8
24.8
30.4
28.1
27.8
29.5
27.8
21.2
23.1
24.4
28.7
33.8
30.6
32.6
35.8
38.1
45.4
36.7
36.7
31.5
40.5
40.7
46.5
44.6
46.5
51.3
51
49.3
55.1
51.5
57.1
57.7
45.7
41.8
36
39.7
41.4
39.7
45.5
45.3
43.5
40.5
39
37.5
30
33.9
20.6
14.8
12.9
13.1
12.9
12.9
20.6
28.3
26.4
22.5
20.6
18.7
20.6
20.6
18.9
18.7
18
14.8
15.7
21.5
18.5
12.5
10.3
14.6
14.6
16.3
8.6
10.7
12.5
12.2
8.6
10.5
12
12.5
8.4
6.7
6.2
8.4
3
4.7
4.5
6.5
8.6
8.4
5
8.2
6.5
8.6
6.2
6.5
6.9
4.7
5
6.7
4.7
8.4
4.7
6.7
7.1
6.9
7.1
5
11
5.2
7.3
7.1
7.1
6
7.3
7.3
7.3
5.4
3.5
5.4
3.5
5.4
3.5
5.4
3.5
3.5
3.5
5.4
5.4
5.4
5.4
7.3
5.2
5.2
7.1
9.3
9.1
8.2
7.75
7.3
7.1
9.3
13.4
12.6
15.1
13.2
11.1
13
14.9
12.8
12.8
16.7
15.1
14.9
14.5
20.8
16.9
18.4
20
16.3
25.8
25.8
25.6
27
31.1
29.3
27.4
29.3
29.1
30.9
30.9
27.4
21.3
21.7
24.1
27.2
21.4
25.6
25.4
22.7
27.2
28.7
23.5
28.3
23.5
32.2
26.2
28.6
35.1
32
35.1
29.9
30.7
24.9
30.1
28
30.3
29
28.2
26.6
34.4
28.2
21.6
37.3
34
32.1
37.5
40.6
35.2
39.7
41
39.7
29.8
30.9
28.4
29.2
33.9
31.9
25.9
33.7
32.5
19.3
20.8
15.2
19.3
24.5
21
26.7
32.3
23.4
21.2
27.1
26.9
33.6
36.95
40.3
49.3
45
45.8
56.6
54.7
49.7
51.4
57.8
51.4
49.3
39.7
51.8
48.9
56.5
68.1
79.8
78.6
82.5
103.3
90.2
94.9
102.6
92.3
84.9
76.1
85.7
82.4
72.2
52.9
54.3
56.6
51
44.6
44.6
49.2
49.8
43.8
54.9
44.8
40.1
42.4
42.2
38.9
39.1
42.8
39.1
39.5
45.5
45.7
40.7
42.2
40.3
41.3
40.9
35.6
45.8
45.6
52.4
52.6
49.5
62.3
73.6
75.7
80.6
60.4
41.3
39.7
48.1
40.9
44.2
43.4
39.7
35.8
39.3
32.5
30.6
27.3
21.5
19.5
14.6
11.9
14.6
9.8
7.6
7.8
7.8
7.8
7.8
11.9
9.8
10
15.4
13.5
11.65
10.725
9.8
7.9
13.5
13.3
19.3
17.4
17.4
22.9
32.4
32
26.9
24.8
30.8
36.3
49.5
41.2
47.6
53
56.6
49.2
52.9
54.4
62.6
61.4
49.5
67
59.1
69.4
70.4
82.8
78.7
77
72.5
84.8
50.7
51.9
54
61.6
58.3
60.1
57.9
59.9
57.7
55
46.2
52.7
65.5
63
54.4
47.4
55.8
61.6
65.9
60.3
64.7
67.7
74.7
79.7
76.2
73.5
68.6
64.5
68.1
64.2
72.3
73.1
66.9
63.4
62.6
61.6
66.5
63.8
59.9
56.6
46.5
42
39.5
41.4
31.7
25.2
21.3
23.3
21.1
21.5
25.4
15.7
21.5
23.7
23.5
27.4
31.3
29.3
36.9
41
43.85
45.275
46.7
48.4
42.8
42.8
46.7
56.2
60.1
59.6
60
55.7
63.1
59.6
57.6
62.9
59.2
63.5
70.3
73.2
73.8
71.7
69.5
70.9
75.9
71.6
79.8
73.2
79.8
86.3
80.4
72.8
82.4
79.5
68.1
59.6
62.1
56.1
65
56.1
60.4
63.7
52.6
54.7
57.6
60.4
62.3
65
66
66.6
69.7
70.9
73.2
67.8
51.4
59.4
64.3
72.5
76.2
82.2
93.9
88.1
80.7
83.8
82.8
95.3
87.9
91.2
92.9
91.4
93.9
98.8
93.7
99.8
81.6
63.7
56.7
53.6
52.8
71.5
47.9
34.3
32.5
27.1
30.8
23.5
25.5
23.5
27.3
19.6
19.8
19.8
17.7
19.5
21.6
19.8
22.65
24.075
25.5
21.6
25.5
23.6
17.7
23.6
25.5
23.4
23.4
27.1
21.4
19.7
19.9
19.5
17.7
15.6
17.3
17.9
19.5
17.3
20.8
18.9
22.8
32.2
41.1
47.8
36.4
30.8
31.2
17.7
21.4
24.6
21.2
17.5
24.9
19.3
19.1
19.1
21
17.5
13.2
13
13.2
13.4
15.4
11.5
18.5
13
15.2
17.5
17.1
18.5
17.9
15.4
23.4
25.5
18.5
18.9
18.7
18.9
20.7
22.8
20.9
22.4
24.2
25.9
29.8
28.3
26.1
28.5
28.5
28.7
25.4
27.1
29.3
25.4
27.7
25.4
25.6
23.6
21.6
21.7
21.7
21.7
25.6
23.6
23.6
25.6
31.4
29.5
31.4
48.8
33.6
33.6
37.4
39.3
41.2
42.9
50.7
46.8
48.8
52.3
53.9
46.8
58.4
59.7
62.3
57.8
58.4
66
62.3
65.6
59.5
67
57.2
49.6
62.5
68.6
75
65.8
85.8
76.6
67
66
69.8
68.8
67
47.3
49
41.2
36.2
41.6
46.5
42.6
45.6
39.9
44.6
45
32.8
33.8
35.8
30.7
34.2
35.8
35.4
34.2
32.3
36.6
37.2
37.4
35
33.8
39.5
46.3
39.7
47.1
47.9
43.6
52
51.4
51.4
57.5
55.3
58.1
56.5
67.8
57.7
59
50.6
42.6
34.2
32.3
30.5
23.1
24.8
21.5
13.5
8
11.9
8
8.2
11.9
10
10.2
16
16
19.8
25.8
23.7
27.6
22.7
20.25
17.8
25.6
27.6
29.5
25.6
27.4
31.3
33.1
39.1
45
46.1
44.6
40.9
45
46.7
51.8
50.3
57.3
53
40.3
44.2
40.7
41.9
34.4
27.2
25.1
27
40.3
30.7
32.7
42.3
27.2
28.8
36.4
36.2
38
32.1
26.8
21.2
28.8
35.8
32.1
31.9
33.7
24.7
33.7
28.4
37
30
28.2
22.7
34.9
31.5
24.3
28.4
29.6
21.2
17.1
22.6
18.8
19
15.5
13.7
6.1
9.8
12
13.9
17.7
13.9
19.6
19.8
31.5
27.6
31.1
27.4
17.9
13.8
13.9
15.9
13.9
16.1
14.1
13.8
10
14.1
12
14
12
10
12
11.8
10
16.1
14
12.9
12.35
11.8
11.6
14
11.8
11.8
13.8
13.8
14
13.8
15.2
15.2
17.5
23.2
21
21.2
23
26.5
32.6
27.1
32.4
33.6
40
41.8
40.2
43.5
39.6
47.2
44.7
42.8
44.5
37.3
39.2
39.4
28.1
33.6
29.7
31.4
26.3
31.2
29.5
23.8
35.3
26.3
27.1
27.7
27.1
27.3
38.1
27.7
26.1
22
16.6
18.5
20.3
15.2
16.9
20.5
15.2
16.9
22.6
18.9
15.2
15.2
13.4
18.9
17.1
18.9
25
19.1
21.2
19.5
17.3
17.3
15.6
14
7.9
9.9
6
9.7
6.2
6.2
4.4
4.4
6.4
4.2
4.2
2.3
2.3
10.3
12.2
14
19.7
17.9
17.9
16.75
16.175
15.6
14
12.1
14
14
17.7
9.9
11.7
13.4
11.7
11.5
11.7
15.8
17.2
13.6
17.2
17.4
23.4
26.2
22.5
22.3
26
30.3
28.3
26.8
28
30.1
29.3
29
29.3
33.3
32.7
36
41.9
38.2
41
47
39.2
39
41
37.6
37.6
38.4
36.8
41.2
41.5
41.3
51.6
46.5
45.5
48.2
41.9
47.8
46.8
48.4
50.8
52
56.2
62.4
71.4
69.8
76.1
77.1
80.8
81.4
80.3
90
88.8
100.7
100.9
99.4
90.9
93.3
85.5
80.6
93.8
80.6
77.4
78.5
71.6
70.7
68.5
62.2
70
71.1
69.9
79.1
83.4
81.1
83.5
85.4
85.6
85.2
82.8
76.1
72.75
69.4
74.1
73.7
77.5
78.7
76.2
72.3
71.1
74.3
73.8
72.4
74.4
74.6
76.2
75.5
78.7
78.8
79
77
79.7
80.8
87.9
88
93.6
91.7
93.3
94.3
103.4
108.7
101.3
100.7
82.3
55.8
59.5
66.7
66.5
53.8
36.8
46
43.7
40.3
40
39.6
43.6
26.8
38
53.6
57.9
61.1
65
66.4
51.4
53.4
43.5
59.8
68.9
72.9
64.8
68
62.3
64
67.1
64.4
63.8
61.8
70.2
76.7
83.2
78.5
84.8
67.7
57.2
62.2
52.2
50.5
47.3
50.3
48.1
50
39
50.6
51
54.4
57.6
59.6
53.1
55.2
55.6
61.2
63.4
63.4
64.4
70
70.7
68.95
68.075
67.2
71.5
72.8
72.1
74.3
70.8
80.2
78.5
85.4
80.9
82.2
81.4
89.4
81.7
83
87.4
91.6
95.6
99.9
94.3
113.5
105.1
116.2
111.9
103.5
98.9
83.4
79.6
70.6
67.1
55.9
58.5
44.5
50
53.3
55.5
56.9
47
53.5
52.8
43.8
39.9
45.9
48.5
46.1
55.7
55
59.7
55.2
56.5
58.9
56.3
61
58.3
62.6
66.4
63.1
64.3
62.1
65.3
60.9
59.5
64.8
70.1
70.7
72.5
79.5
82.5
77.4
85.2
84
83.8
71.9
67.1
63.9
57
55.3
55.6
37
35.1
30.7
27.5
22
21.4
21.8
24
14.2
19.7
22
21.8
19.9
25.4
27.7
35.7
33.65
32.625
31.6
35.3
37.5
35.7
35
35.3
41
37.3
39.4
39.3
42.8
40.3
44.4
48.7
44.9
52
46.5
52.4
55.6
54.8
57.2
51.7
52.9
51.5
61.8
67.1
60.4
52.7
58.2
52.7
50.2
45.4
48.4
55.1
50.8
47.3
47.7
44.1
41.8
39
32.9
41.8
43.2
37.1
33
31.9
34.4
35.1
34.9
33.5
33
31.7
34.9
39.7
35.6
40.1
27.3
32.8
36.1
38.3
37.9
50.7
52.3
54.4
67.8
69.7
72.3
66.9
60.6
53.4
51.3
44.5
39
36.2
30.4
24.8
19.2
20.7
18.4
11.5
12.1
9.9
6.2
4.4
8.1
6.4
4.4
8.5
4.6
6.6
6.4
8.3
10.5
12.1
12.2
12.25
12.3
10.1
10.1
8.3
14
12.1
10.1
15.8
15.3
13.7
15.8
17.2
18.8
17
22.5
26.8
22.5
31.6
28.2
31.8
33.4
39.3
38.3
42.6
46.4
47.8
50.8
51.3
53.1
47.8
57
53.3
50.8
53.8
52.7
60.1
55.7
49.7
41.8
43.1
41.5
38.5
42.4
37.1
43.5
39.3
38.8
40.9
32.1
36.9
42.2
37.6
42.7
46.8
41.9
48.2
42.4
43.6
58
78.5
90.6
88.5
87
88.2
78.7
79.7
79.1
87.9
80.8
91.5
125.4
89.2
84.6
66.8
57.6
42.1
50.2
54.9
60.4
57.1
57.6
61.7
54.7
50.2
47.8
62.3
55.7
57.9
56.6
56.7
58.8
54.9
58.3
62.3
60.55
59.675
58.8
47
45.3
47.6
41.4
35.8
39.6
43.7
39.8
37.6
31.9
24.3
20.2
22.1
29.8
28
26
18.2
20.2
50.1
64.5
56.8
56.8
55.4
63.1
66.1
72.8
71.2
73.4
59.8
62.5
56.1
49.3
62.3
48.8
52
32.1
37
35.4
25.8
32.1
38.4
34.9
24
26.9
29.2
29.6
21.4
25.6
23.5
21.7
22.1
23.7
29.6
19.8
31
21.9
23.1
26.7
23.3
20
16.9
25.8
22.1
27.4
33.7
30.1
30.5
33.7
47.4
40.5
41.7
29.1
23.6
23.2
17.7
18.1
22.2
19.5
17.9
18.1
16.3
16.3
16.1
14.3
12.2
20.2
14.3
21.8
14.1
19.5
14.3
18.1
23.8
21.8
20.8
19.8
21.6
27.1
21.4
31.2
28.9
23.2
19.5
27.7
36.4
36.8
34.6
34.8
38.9
38.4
38.2
42.3
46.2
44.1
43.9
47.3
45.3
36.1
48.7
35.7
39.6
32.7
37.7
35.3
37.3
33.6
33.6
33.7
38.5
26.4
28.6
32.1
30.2
35.7
40.7
33.6
31.4
38.5
37.3
31.4
28.4
29.6
26.1
28.9
32.7
43.5
36.2
31.1
33
34.4
36.4
31.1
34.4
40.8
37.1
40
36.2
33.2
39.8
43
54
56
56.2
60.8
62.4
64.7
58.6
62.3
63
59.2
65.6
61.5
48.5
52.5
35.6
41.4
35.7
37.9
26
29.9
33.6
32.2
25.6
23.8
31.7
27.9
31.7
29.7
33.8
46.8
53.3
59.8
43.5
37.6
45.1
47
47
45.1
43.1
43.1
42.6
54.1
52.7
49.2
52.6
55.6
60.9
59.7
56.1
62.3
82.4
63.6
63
66.4
66.8
58.8
55.5
52.2
56.1
58.2
47.7
46.5
52.3
51.6
45.6
45
47.5
48.1
42.6
46.5
44.3
39.3
33.5
35.2
39
39.5
40.8
40.2
37.4
38.8
34.5
40.8
42.7
31.3
35.6
33.3
35.6
32.1
37
35.8
34.2
31.5
38.3
39
44.4
40.4
42
44
40.6
38.7
42.2
43.1
40.1
33.8
35.8
32.4
23
24.2
19
13.7
14.1
13.9
12.3
10.3
10.3
12.5
12.5
10.5
8.5
8.5
6.6
8.5
12.5
10.1
14.4
13.35
12.825
12.3
12.5
12.5
15.9
16.2
14.3
18.2
16
18
19.6
20
20
25.5
27.6
25.7
25.5
25.5
27.3
34.8
28.9
32.8
36
40.3
38.4
49.2
58.3
60.7
54.6
53.9
50.9
49.4
48.9
59.4
56.4
55.7
52.3
53.9
51.7
55.5
44.2
51.7
48
46
42.1
38.5
41
38
34.8
37.3
39.3
45.7
46
42.6
42.3
41
45.3
40.9
44.3
42.1
45.9
48.4
44.1
41.1
56.4
56.1
62.8
66.2
65.9
64.5
62.7
74.3
77.3
73
69.6
58.9
57.7
52.9
53.8
47.3
34.5
41.1
33.8
27.9
28.2
33.9
30
32.2
43.6
41.4
41.8
51.1
43.8
49.1
47.5
57.95
63.175
68.4
69.5
78.6
65.4
70.9
72.9
70.9
75.2
68.9
78.6
81.9
85
82.2
82.5
87.4
87.5
95.8
99.7
105.2
100
95.9
92.6
109.9
124.5
111.1
101.1
90.3
88.9
99
70.7
73.9
63.6
62
59.9
50.9
33.9
32.1
24.7
30
22.5
22.7
14.9
22.4
20.2
26
20.5
23.9
23.9
25.2
20.4
20.2
24
26.9
24.2
25.5
25.5
33
23.9
27.5
33.1
36.9
47.4
66.1
58.6
58.9
62.4
60
58.8
62.5
58.8
40.9
35.3
36.8
20.2
18.7
16.9
13
19.1
23.9
24.9
31
27
21.2
13.3
11.3
11.5
11.5
7.5
9.3
13.5
9.2
7.5
9.3
9.3
8.35
7.875
7.4
7.4
15.7
21.6
9.3
11
13
13.3
17.3
17.1
18.6
18.6
14.6
18.6
16.5
24.4
31.8
21.9
26.1
24.9
29.4
31.2
33.3
29.1
33.2
29.2
31.5
25.4
35
28.9
38.5
32.9
35.9
36
36.4
36.5
35.6
42.3
47.5
40
39.2
35.7
32.4
31.1
33.6
52.9
31.9
33.1
33.4
46.7
46.6
42.5
33.8
31.6
28.1
24.6
30.6
30.9
37.6
42.9
39.7
45.2
43.7
39.6
42.7
46.3
52.3
51.8
45.9
48.5
43.5
38.1
38.8
35.1
30.8
26.8
24.5
13.6
17
14.5
19.7
21.3
17.1
15.2
15.3
13
5.4
5.3
5.4
3.3
7.4
3.6
5.6
9.5
7.4
6.35
5.3
9.2
11.2
14.9
10.7
7.2
13
14.4
16.8
24.3
31.1
37.8
42.5
41.4
31
35.6
33.7
47.1
63.1
38.3
52.8
43.7
56
58.8
59
61.7
51.2
62.8
72.5
67.4
82.7
74.4
67.7
69.3
56.4
58.1
56.8
54.1
55.6
46
44.9
44.8
39.6
40.2
36.5
33.4
37.2
41.9
38.5
41.5
49.2
44.9
51.4
58.1
61.4
66.3
61.5
65
61
66.2
74.7
75.6
78.9
77.5
76.1
88.5
89.2
91.1
88.9
84
80.9
79.6
74.7
60.2
55.8
51
47.2
43.2
33
24.8
28.2
19.2
15.2
15.4
11.3
11.4
13.1
24.6
9.4
5.6
5.3
5.5
5.5
11.4
8.45
6.975
5.5
5.5
11.4
13.2
15.1
9.1
9
14.6
12.9
13.3
16.6
16.9
18.9
24.4
20.7
14.8
16.9
18.6
22.2
22.1
23.9
18.6
16.9
18.4
21.8
22.2
21.9
21.6
23.4
23.7
25.4
24.2
27.1
29.1
27.6
33
32.4
25.4
21.5
25.3
25.7
23
21.3
25.3
25.1
25
21.5
21.1
19.3
22.2
17.7
15.8
23.3
19.3
21.5
19.8
19.6
21.3
19.8
16.3
16.1
16
18.1
14.2
19.6
17.8
18.5
18
23.3
16.5
20.3
10.7
15
11.1
10.8
11.1
9
11.1
9.2
13.1
17.3
19.2
19.2
17.1
15
16.9
13.3
17.1
9.3
11.2
17.3
15
22.6
15.1
15.05
15.025
15
16.6
27.9
26.3
18.5
26.7
18.5
18.6
16.8
22
22.8
25.9
26.3
28.4
30.1
31.3
35.6
37.2
45
44.4
49.9
59.3
49.4
48.7
51.7
47.6
47.6
67.7
72.6
74.7
73.5
65.6
54.4
50.3
45.1
49
47.4
36.2
29.3
28.8
32.5
30.8
27.2
28.7
28.4
30.8
32.2
29.2
34
36.3
36
35.5
38.3
45.8
46.7
47.6
47.9
50
54
54.9
50.8
52.5
56.6
58.6
61.2
68.3
73
75.2
76
70.7
74.9
70.2
67
59.4
53.6
52.3
46.5
38.8
53.9
38.7
31.2
28.9
27.1
23.4
21.3
23.4
25.4
27.2
27.1
25.4
23.3
32.9
29.1
35.2
35.05
34.975
34.9
30.9
23.1
19.3
23.1
19.5
17.3
15.5
17.3
17.3
25.3
35
46.5
50
46.5
42.5
40.4
48.6
40.7
46
40.2
32.6
30.3
22.8
28.6
36.1
47.1
52.4
60.4
55.9
51.2
53.8
46.5
35
23.9
29.9
45.9
38.9
36.4
44.6
39.3
30.8
32.6
32.7
35.9
33.8
41.6
51.7
48.5
48.9
45.1
51.4
51.8
53.5
54.6
55.5
57.2
57.9
63
62.4
69.2
69.8
67.1
63.3
61.5
72
66.4
63.3
66.8
65
59.5
53.5
50
44.8
51.6
36.6
41.6
30
28.5
20.6
20.4
13.4
13.7
13.7
15.4
13.6
13.6
13.6
11.6
11.6
11.6
13.7
11.6
13.7
12.55
11.975
11.4
13.4
15.4
20.7
17.2
17.4
11.4
19.1
23
26.7
26.7
20.9
23
28.4
24.6
32.5
26.7
24.9
28.5
31.4
34.4
36
33.9
39.5
37.3
40.8
39.2
43.2
44.7
46.3
42.6
47.9
51.9
48.9
49.3
49.2
52.2
50.1
44
49.6
49.2
44
45.8
42.5
40.6
47.2
40.6
36.2
23.5
29.2
23.4
23.7
21.5
19.9
23.8
26
25.5
26.1
25.7
26
23.8
25.7
27
34.4
28.9
32.1
34.8
30.7
27.5
27.4
68.9
62.7
28.6
21.4
30.6
21.7
15.6
13.1
15.7
24.5
13
16.7
9.5
13.3
9.6
9.6
5.5
9.5
9.5
11.6
9.2
15.6
17.6
21.1
20.25
19.825
19.4
15.3
17
30.1
23.2
30.7
28.8
32.6
41.9
51.5
50
55.8
56
61.5
63.2
65.8
70.5
72.3
77.7
86
85.7
90.3
99.9
104.8
98.1
107.6
97.6
97.9
98.2
99.2
92.6
90.9
98.7
73.9
58.9
43.6
38.9
41.2
35.7
38.1
30.5
28.2
33.2
34.5
26.6
26.3
26.2
22.8
22.7
29.7
33.5
32.6
25.7
26.3
28.3
28
30.3
34.1
39.7
42.6
52.4
52.8
50.7
51.3
55.3
55
49.6
52.4
55.1
51.6
44.7
46.5
49.6
49.5
54.7
53.1
69.1
77.2
61
40.3
30.6
15
25.3
15.6
7.7
7.8
7.8
9.7
9.8
9.8
11.8
11.8
9.7
9.7
7.8
6.85
5.9
7.7
31.3
31.3
28.7
28.1
36.3
34.6
34.5
26.7
34.8
36.8
41.7
46.7
43.4
45.8
50.9
50.1
52.3
59.5
58.4
55
54.1
62.8
62.8
71.1
69
76
71.9
68.4
73.1
67.8
72.7
78.1
58.8
65.2
55.8
67.6
70.4
56.4
63.8
50.3
49.1
48
53.3
51.9
51.9
50
61.5
63.5
65.2
70.3
77.2
80.3
83.2
83.4
73
75.9
82
94.1
85.3
93.9
102.3
94.8
104.9
120
116.1
95.3
93.8
102.2
87.1
111.9
83
78
72.7
75.4
61.9
69
61.3
55.8
58.5
48.1
49.7
46.2
51.7
47.9
47
47.9
42.7
39.4
39.1
47.2
49.9
43.3
40.7
39.4
38.1
44.4
48.6
41.1
50.5
57.5
63.8
58.1
58.3
60.3
63.7
65.8
71.6
65.4
78.1
81.2
83.5
87.4
86.6
64.3
76.4
72.6
68
48.4
64.5
72.5
68.6
66.8
72.6
69.5
77.5
83.4
84.6
79.2
79.8
70.4
75.5
68.5
68.8
58.2
51.5
58
56.9
60.8
66.4
78
71
73.2
76.6
80.3
86.6
82.4
86.7
79.1
77.3
70.6
68.8
68.2
63.5
63.8
67.9
68.8
71.4
69.5
76.9
73
70.5
62.2
60.1
62.9
69.5
66.2
64.9
70.5
66.9
62.8
60.4
58.2
58
60.4
55.8
53.6
51.9
50.5
48.8
47.4
49.3
43
46.3
51.1
55.3
56.1
56.9
60.5
58.85
58.025
57.2
71.5
73.4
76.8
75.2
77.2
76.5
77.5
75.2
78.2
82.5
81
80.7
78.4
80
78.9
82.3
81
85.3
92.5
94
96.1
99.5
99.9
91.5
96.4
96.1
104.3
104.5
92.6
93.3
85.4
79.5
68.7
66.3
36.8
32.8
32.8
36.5
38.2
32.7
27
26.8
36.5
26.5
26.8
39.7
50.8
39.6
37.5
43.4
43.4
43.4
43
43.3
50.7
50.7
54.4
47.3
46.8
43.7
45.4
41.9
40.2
36.1
33.3
33.6
27.6
27.3
23.6
25.5
19.3
19.6
21.8
29.6
23.3
21.8
31.6
21.8
15.8
15.8
13.8
15.8
19.8
13.8
21.6
19.9
21.8
17.8
25.8
29.8
29.6
29.5
29.6
25.6
23.6
21.6
27.3
29.6
27.5
31
25.2
25.6
25.3
25.3
29.2
33.2
33.6
33.5
41
44.8
52.6
46.7
54.3
60.8
68.1
77.1
68.8
66.7
71.6
62.8
71.9
69.8
58.9
55.5
49.5
51.6
43.7
44.5
47.6
47.6
49.8
41.8
43.2
40
37.5
37.8
29.9
30.2
30.3
31.9
37.3
35.4
30.3
35.6
29.4
31.6
31.3
31.7
33.6
37.6
33.9
38.5
35.1
39
41.7
41.1
49.2
55.3
57.5
47.8
39.8
34
36.7
38.3
35.7
43.7
32.9
33.6
25.4
21.4
21.4
23.7
17.7
11.7
11.7
11.9
15.6
11.4
13.9
15.7
11.6
9.9
11.9
9.7
9.9
13.9
13.7
13.9
17.7
20.7
22.2
23.7
19.7
21
27.1
29.4
33.1
35.1
39.1
43
43
39.4
40.9
39.1
40.9
48.7
50.9
48.7
52.3
46.8
38.5
47.1
45.9
49.7
40.5
47.9
49.7
53.7
64.6
74
77.7
73.3
75.3
65.6
61.3
52.7
49
48.1
46
35.5
42.6
38.6
48.3
44
41.2
42.9
39.3
35.3
40.7
41.2
41
38.8
39.2
40
48
41.3
40.9
38.5
37.2
40.6
52.4
57
64.1
57.8
62.6
64.9
74.3
75.4
80.4
81.5
87.4
80.8
73.8
65.2
46.5
50.7
45.9
40.2
34
24.4
41.9
24.9
17.9
15.8
15.8
15.9
15.9
17.9
15.8
17.9
19.9
21.8
23.8
25.7
23.9
28.8
31.25
33.7
39.4
51.5
57.2
58.6
54.9
62.6
61.2
60.8
64.6
68
66
70.2
81.1
79.1
79.6
85.7
100.1
90.3
88.6
86.6
84.5
91.5
89.6
85.8
86.8
89.8
91.3
74.4
62.6
59.9
43.8
50.9
53.8
54.2
51.2
36
36.4
26.6
23.2
21.2
19.1
19.4
26.8
21.6
29.9
17.5
21.1
26.8
28.9
34.6
46
54.1
47.4
47.3
46.1
54
62.9
67.9
64.2
65.6
74.9
67.8
63.6
66.1
63.4
60.8
64.5
65.9
54.8
53.1
53.4
47.1
50.6
50.4
35.7
30.1
46.9
29.9
22.7
11.7
15.7
11.7
8
8
8
10
9.6
10.1
8
8
10
11.8
14
10.95
9.425
7.9
11.8
9.7
13.8
13.8
13.6
11.7
11.6
19.8
21.3
19.4
23.4
21.3
23.5
22.7
21.3
23.1
25.5
23.5
28.7
24.7
28.5
32.4
32.5
32.7
42.9
41.5
46.9
50.9
44.5
46.9
44.9
44.9
46.3
47.5
57.4
41.1
47.8
47.1
42.6
42.1
47.9
46.2
43.4
50
51.9
48.3
50.2
50.3
44.1
43.5
42.4
38.7
47.9
41.5
44.4
44.9
53.3
52.6
57.5
52.9
54.2
46.7
48.2
54.9
61.6
59.8
60.2
70.4
70.6
70.9
67.2
63.3
70.9
62.2
50.4
43.5
28.9
33.1
32.1
23
21.3
13.7
11.9
15.9
18
16
13.6
11.8
11.9
17.9
20
15.9
19.9
17.9
16.9
15.9
13.6
19.6
17.5
17.7
19.7
22.7
21.5
29.2
29.4
32.6
30.3
38.7
44.1
57.5
62.8
54.5
67.8
66.4
60.5
64.4
67.5
74.8
82.2
80.4
83.5
78.1
85.4
91.6
89.6
89.4
93.5
90.5
78.7
77.8
81
67.4
73.1
73.8
66
73.8
70.1
67.1
64.1
70.9
60.9
65.7
71.7
77.7
88.4
93.6
90.4
86.7
83.4
79
81.3
87
82.6
74
72.7
71.3
68.4
66.7
77.3
77.7
85.3
74.9
73.9
85.6
74
72.9
79.5
51.5
49.5
42.9
31.6
29.9
25.8
21.9
16.2
14.2
10.2
12.1
12.2
8.2
6.1
8.2
6.2
4.2
6.2
6.1
6.2
6.2
10.2
11.2
11.7
12.2
10.1
10.2
10.1
10.1
8.2
8.2
8.1
8.2
19.9
25.9
29.9
27.9
27.1
27.8
25.8
23.2
21.7
23.7
25.5
27.4
29.2
29.2
29.2
29
31
37
46.5
50.5
46.8
29.4
44.4
44.1
44
42
44
42.8
47.7
50.8
45.1
41.4
34.8
36.8
33.6
30
30.3
32
35.7
31.4
37.3
31.1
26.4
28.4
30
30
33.7
37.4
30
35.4
31.7
32
38
39.3
42.6
45.9
41
39
44.9
43.3
46.9
44.7
39.9
32.9
28.6
30.7
23.6
21.4
15.6
17.4
12
13.9
9.9
12.1
10.3
8.1
8.3
6.1
8.1
8.1
12.3
12.3
12.1
12.1
16.1
14.1
13.1
12.1
10.2
8.2
24.7
26.6
26.3
26.8
32.4
38.3
38.4
44.3
48.5
42.7
44.4
46.2
46.7
50.5
46.5
52.3
62.1
52.3
52
56
57.7
56.2
57.9
53.5
49.3
57.3
57.1
63.5
59
49.4
53.5
51.2
49.5
55.3
47.4
45.2
49
44.9
47.1
41.3
41.1
50.3
51.6
40.9
37.8
40.7
55.1
46.4
46.3
41.6
37.5
42.1
40.7
42.5
40.6
42.9
46.3
43.1
44.9
45.1
41.1
41.1
45
37.3
37.2
41.6
39.1
35.2
31.8
29.9
24.1
24
22.5
14.5
16.7
12.6
14.8
8.7
6.7
8.9
7
6.8
7
5
7
9
7
7
7
9
13
11.95
11.425
10.9
12.9
14.8
10.9
14.7
12.9
16.7
18.6
14.8
16.7
16.6
14.8
14.5
14.4
16.6
20.2
24.3
26.4
22
22.2
26.5
38.4
47.5
38.1
48
43.9
51.7
63.5
69.3
86
83.3
69.7
81.8
73
76.8
78.7
74.6
72.9
63.4
64.9
62.4
48.6
47.9
43.1
53.7
46.7
53.3
42
40.5
49.2
48.5
46.4
46.3
39.4
38.7
46.5
46.9
54.1
52.4
44.1
42.9
46.4
48.7
49.4
53.7
48.4
42.7
38.8
36.8
42.7
40.9
40.8
44.8
33
34.5
31
33
31.1
29.1
33.1
35.1
35
33.1
33
31.2
33.1
33.2
35.1
33.1
33
39
39
40.8
48.7
46.75
45.775
44.8
54.8
64.5
66.4
68.4
68.5
66.5
70.7
68.8
67.9
64.4
62.6
64
58.7
68.3
69.6
73.6
78.6
79.1
77.1
74.8
70.9
82
78.8
80.4
88.7
88.5
73.2
68.5
57
59.2
64.1
58.4
56.8
53.1
61.6
62.4
67.6
61.6
69.6
60
57.8
56.3
54.7
50.5
53.9
58.1
53.6
47
44
54.5
42.6
33.5
37.3
39
33.5
33.5
35.6
39
45.1
41.4
43.1
43.7
44.8
41.7
34.1
40.1
36.3
36.2
34.4
36.7
30.8
24.6
20.6
20.8
23
19
18.6
15
14.9
17
11
9
8.8
9
11
13
12.9
13
15.1
15
19.1
18.8
12.9
12.9
12.9
12.9
15
18.8
14.9
14.9
20.7
14.9
16.8
22.6
14.5
14.5
12.4
10.4
18.3
18.5
22.3
29.6
30
31.7
31.4
25.7
40.9
32.9
27.8
27.5
28
34.8
34.8
37.2
33.3
41
39
44.9
46.4
48.6
51.7
40.4
40.2
44
45.7
45.7
45.9
50.6
50.6
54.4
47.2
45.1
54.4
57.7
55.1
57.6
49.3
50.9
50.8
48.9
45.6
52.7
54.6
56.1
48.4
44.8
45.4
47.9
43.5
47.9
55.5
53.5
54.7
50.3
45
47.3
44.8
47.9
47.8
45
40.7
41.5
41.5
42.3
49
43.2
46.3
48.1
47.8
45.4
41.6
47.8
49
46.3
48.2
45.9
44.7
44.7
50.6
47.6
46.1
44.6
42.6
44.8
44.8
42.6
40.5
40.7
42.9
42.7
44.8
44.9
44.8
46.4
44.5
46.5
50
48.1
48.1
45.9
46.4
48.4
46.1
47.7
46.1
48.1
46.3
44.4
48
43.8
41.9
46.2
43.9
45.8
46
40.1
40.5
44.2
44.2
44.3
44.3
44
40.4
36.5
38.3
40.3
42.4
34.8
30.5
34.5
38.5
32.4
30.7
32.9
30.7
26.6
26.9
32.6
34.5
30.5
32.7
28.9
32.9
32.7
32.3
32.7
28.9
25
25
31
26.9
29
25
23.1
23
23.1
28.9
20.9
23.1
23
23.2
19.2
19.3
17.3
15.2
15.2
15.2
13.2
13.1
15.2
15.2
17.3
19.3
19.3
21.2
23.25
24.275
25.3
29.3
35.3
37.2
39.4
39.2
41.3
41.3
39.4
29.3
29.3
27.3
27.3
31.3
33.2
39.1
43.3
49.4
51.1
51.1
53.2
57.2
57.1
53.2
51
49.1
48.5
48.9
46.8
50.8
46.5
48.5
48.3
48.2
46.5
45
40.7
40.6
30.7
36.4
30.8
28.7
30.6
26.7
24.9
18.8
18.7
26.3
20.6
20.7
22.4
22.8
26.8
26.6
22.4
24.6
26.7
28.5
34
44.3
44.7
42.4
36.6
28.7
35
35
41
34.8
34.9
33
33.1
31
35.1
30.9
31.1
32.7
31.3
31.2
37.2
37.2
39.3
39.2
41.3
37.3
27.4
13.3
11.3
15.3
21.4
23.4
21.4
23.3
19.2
25.4
29.2
31.1
33
29.3
29.2
29.2
33.1
43.1
41.3
41.2
45.3
47.3
51
50.2
46.5
44.3
44.9
46.7
46.8
48.3
48.3
48
53.9
51.8
50.1
48.9
54.1
53.5
49.7
50.6
46.6
48.2
43
46.8
53.8
47.6
46
38.5
38.8
38.8
44.5
46.1
44
46
50.1
54.5
49.7
47.8
46.2
44
42.8
40.3
51.4
50.6
49.2
56.3
48.9
49
45.6
46.1
47.8
47.9
46.7
45.5
47.3
45.8
40.1
40.6
42.9
40.5
40.6
43.2
40.9
40.9
37
37.1
38.4
34.3
31.9
27.2
27.1
28.9
37
37.2
46.6
46.9
53.9
44.9
48.4
43.2
56.3
56.6
52.7
54.6
59.8
61.4
61.9
62.15
62.4
55.8
57.2
60.2
55.6
52.4
56.5
62.4
60.9
64.5
66.5
65.7
72.2
75.4
76.2
84
86.9
79.4
80.5
87.5
83.1
88
82.4
85.5
83.5
89.5
82.7
75.6
86.4
89.8
92.5
88.5
87.4
96.4
96.5
106.9
89.7
102.6
96.9
101.1
100
104.3
93.9
93.1
85.3
86.1
81.7
76.2
77.3
82.4
83.2
83.6
85.1
84
72.4
66.1
70
70.1
67
69.4
63.8
64.4
58.6
65.4
64.5
77.6
63.8
60.3
58.6
52.1
52.8
55.2
43.7
51.8
46.7
52.1
49.3
47.8
45.1
46.2
46.3
44.4
45.7
47
44.8
44.6
47.3
53.8
57.6
58.5
57.7
56.1
58
58.7
57.2
56.45
55.7
64.7
60.6
60.6
57
62.5
64.3
64.2
69.6
79.2
71.2
73
73.4
83.5
73.8
71
84.1
79.9
83.8
83.9
79.9
82
87.6
86.2
85.8
83.1
86.5
78.3
86.2
91.1
94.2
93.4
98.5
90.1
77.9
79.2
72.1
75.8
58.3
48.3
52.2
46.1
33
24.9
34.8
40.5
44.3
49.9
61
68.1
70.5
68.3
69.8
63.2
64.5
63
72.2
66.7
70.8
66.3
65.6
59.8
59.5
61.9
68.4
68
67.8
61.1
53.4
58.9
59.2
45.5
35.5
39.5
39.3
41.3
37.5
37.4
33.4
25.5
23.4
15.3
13.3
15.3
15.2
13.3
11.3
9.3
11.4
9.3
13.3
23.3
25.5
27.4
26.45
25.975
25.5
25.4
21.4
25.4
23.3
25.5
25.5
25.5
25.4
29.3
31.3
29.3
33.6
37.3
31.3
33.4
37.4
35.4
29.1
23
23.1
31.1
29
33
32.9
39
40.8
37
26.8
28.9
24.7
28.7
24.8
24.8
26.7
26.7
30.7
28.4
24.6
28.4
20.8
26.5
24.7
22.5
26.6
26.5
24.1
24.7
25.9
30.2
30.1
26.6
24.3
24.4
30.5
26.1
32.5
30.6
26.3
32.7
28.8
32.7
27.1
26.9
20.9
27
23.3
25.1
23
21.2
21.2
18.8
19.3
17.2
15.5
13.4
15.5
15.3
13.3
11.1
13.3
11.3
7.4
5.2
7.3
7.4
7.4
7.4
7.3
7.3
7.4
5.3
7.3
9.3
8.3
7.8
7.3
9.4
11.2
11.4
11.4
9.2
13.3
7.3
11.1
9.1
11.2
13.2
11.1
13.2
11
10.9
14.9
17.1
15.1
12.9
15.1
16.9
18.8
17
18.7
20.7
22.6
22.7
20.6
22.7
18.9
20.9
24.8
24.2
22.6
28
32.4
29.8
28.3
32.1
28.4
28
28.2
22.4
30.1
28.3
30.1
24.3
25.2
28.3
28.1
29.9
31.7
31.6
33.5
30.3
30
27.9
26.5
22.4
24.6
22.8
24.8
26.5
28.6
24.3
26.8
22.7
22.5
19.1
20.5
19.2
17
13.3
13.1
9.4
15
11.2
11.1
11.3
9.4
7.5
9.5
7.5
7.2
5.4
5.4
7.5
5.3
5.3
7.5
7.4
9.5
11.4
11.4
11.4
11.4
11.3
11.3
11.3
11.4
13.2
13.3
13.3
13.3
13.4
15.5
19.4
19.2
19.3
21.2
17.2
22.9
25.1
21.1
22.9
23
30.8
30.7
30.6
32.7
32.4
30.8
32.7
34.7
39.9
38.3
36.6
38.7
42.3
38.6
40.4
40.7
40.2
34.6
40.3
42.3
40.4
42.5
36.6
35.9
38
34.3
32
34.3
35.7
36
34.1
34.2
37.7
36.1
35.9
37.6
32.5
30.4
30.6
32.6
32.5
28.7
30.5
30.3
25
26.8
28.4
25
22.8
20.9
19
23
17.2
17.2
17.3
17.2
15.4
11.5
17.1
9.2
9.3
5.3
7.5
7.5
7.5
7.4
9.5
13.6
11.6
7.4
13.5
9.3
11.5
12.4
12.85
13.3
15.3
17.3
17.2
19.1
21.2
21.2
25.2
27
34.9
44.7
54.2
56.2
48.2
44
36.7
38.3
40.8
41.1
58
61.8
61.1
66.9
59.7
64.9
60.9
59.3
68.6
73.3
65.3
65.2
64.9
59.7
57.7
55.3
64.7
62
56.9
62
50
38.6
38.7
40.6
38.6
34.6
32.6
28.8
36.2
42.3
41.9
45.8
46.1
45.7
51.4
49.5
47.6
48.1
48.2
51.5
55.2
54.7
64
63.2
71.1
64.5
54.7
53.1
47.7
53.3
59.6
59.6
50.7
47.1
41.6
39.7
35.7
29.8
29.5
25.8
21.8
19.6
25.7
21.6
15.6
13.6
11.6
11.6
11.6
11.6
15.7
13.5
13.5
13.5
15.7
24.7
29.2
33.7
45.2
37.1
31.3
40.9
54.3
55.1
57.7
60.8
56.4
67
54.9
57
59.2
56.1
55
54.1
53
59.4
60.8
66.7
60.6
66.7
56.5
39.5
37.6
49.2
43.6
55
59.3
41.3
41.6
37.6
39.5
35.7
27.6
27.7
23.7
21.6
19.5
29.6
40.9
44.8
39
37.1
35
40.6
49.8
44.6
44.5
40.7
39.9
34.2
23
26.8
25
20.7
21
19
19.1
29.3
13.3
15.3
25.4
21.6
21.6
23.7
15.6
17.6
15.6
15.6
11.6
11.4
9.5
13.7
9.6
7.5
7.6
5.5
7.6
7.6
7.6
7.6
7.6
7.6
7.6
7.5
5.5
9.6
9.6
7.5
9.5
13.5
11.4
13.4
14.4
15.4
15.3
17.1
19.5
15.3
19.3
27.5
19.5
15.3
29.5
29.5
31.2
29.2
32.9
33.2
27
26.9
24.8
24.7
29.1
31
32.7
36.5
40.5
36.6
32.6
40.2
36.1
34.6
34.2
34.5
32.6
38.4
36.1
38.1
44.1
34.2
32.4
32.1
32.1
34.6
39.7
36.1
32.1
43.3
39.7
39.6
38
39.6
41.8
35.8
41.6
48.8
49.3
53.4
53.1
62
58.3
63.9
55.1
50.7
54.3
46.8
58.2
49.4
49.2
50.8
59.4
53.1
54.9
54
57.5
53.6
45.6
42.9
44.3
46.8
44.4
38.4
38.8
35.2
31.7
31.6
33.7
33.8
35.7
41.8
43.6
47.3
45.1
45.8
41.6
45.4
46.9
48.8
49.75
50.7
49.9
55.4
50.8
47.2
50.9
54.7
53.5
53
53.4
54.1
50.6
54.3
57.6
60.7
58.2
60.3
67.7
63.4
61.4
67
61.7
61.6
66.4
64.8
68.7
70.5
67.8
72.3
65.5
73.5
76.8
69.9
77.7
83.7
79.4
66.9
65.7
64.5
64.3
65
68
68.4
70.4
73.8
71.2
71.3
76.8
67.4
67.9
65.8
65.7
74.6
69.6
69.2
68.4
63.3
66.2
65.2
63.5
60.9
60.1
61.5
61.7
59.6
55.8
60
56.5
56.9
55.4
51.8
49.8
57.6
59
52
48.8
47.6
44
44.7
44.6
44
40.3
37.4
36.8
45.4
42.8
53.7
55
51.8
52.9
57.3
56.6
59
60.8
63.75
65.225
66.7
58
57.9
60.5
65
64.9
62.7
56.7
65
61.2
61.6
62.4
60.5
63.6
63.6
63.8
65.2
70.3
73.1
74.4
78.3
83.8
80.1
84.8
91.4
97.1
91.7
96
97.5
94.8
90.1
84.2
83.8
85.9
91.8
107.8
91.4
83
79.7
83.3
84.6
78.6
80.6
83.5
93.8
82
76.9
80
87.2
86.1
95.5
109.8
110
121.9
112.3
114.7
115.4
123.2
127.7
104.1
116
96.4
87.6
81.5
81.6
76.1
74.7
71.3
69.7
78.5
82.1
71.3
73.1
74.5
74.6
73.4
68.3
80.2
73.6
77.3
66.8
65.1
64.9
60.1
64.3
66.6
67
69.5
67.8
67.9
77.4
69.1
72.9
69.9
74.3
76.5
78.7
69.2
71.1
36.4
40.5
34.4
36.5
34.4
38.5
32.3
40.4
34.4
32.4
32.4
36.4
38.3
40.3
44.1
48.3
50.3
46.2
30
30
42.2
36.2
38.4
54
57.6
60
65.6
75.1
73.8
73.4
69.6
55.8
53.6
51.4
39.6
39.8
57.6
63.4
53.4
57.5
49.8
55.4
53.1
51.6
43.5
51.5
51.2
51.4
55
62.3
58.5
51.3
53.2
53.3
57.3
55.3
51
55.8
51.3
51.7
55.5
64.7
53.9
41.9
29.8
31.6
23.9
22
29.8
27.8
33.9
23.9
17.9
22
22
20
14.2
12.1
14.2
12.1
14.1
12.1
10.1
12.2
14.3
12.1
12.1
14.2
12.1
14.2
16.2
16.2
16.2
16.2
12.1
18.2
8
10
12.1
10
12
14
14.1
17.9
18
13.9
15.9
18.1
18
19.9
19.9
23.8
25.5
25.5
31.9
33.3
41.4
37.7
39.3
37.5
33.7
41.5
45.7
49.2
47.5
49.2
55.3
51.5
53.7
49.4
56.8
55.1
61.1
58.9
62.4
62.9
59.2
53
49.2
51.1
51
49.2
43.6
37.8
49.3
47.3
48.9
47.2
47
42.9
48.7
52.7
49.5
56.7
54.8
46.8
46.5
56.6
49.3
52.7
48.5
52
49
47.1
43.2
46.8
41.3
37.4
33.9
29.9
22
20
16
12.1
15.9
12.1
13.7
10.1
10.2
12.1
10.1
10.1
14.3
12.2
10.1
18.2
16.2
16.2
16.2
16.2
16.2
20.3
16.2
20.3
24.4
22.3
26
24.1
30.1
30.1
32.2
34.2
38.4
36.3
40.2
36.2
40.3
38.2
44
37.9
43.9
47.7
41.7
49.8
45.7
49.5
49.7
47.4
41.7
51.7
59.2
51.6
49.5
47.3
45.3
43.2
47.3
44.7
47
48.9
44.8
37.4
39.1
50.9
49.2
47.3
42.9
39.3
37.1
41.1
38.7
35.1
37
37.4
36.9
35.4
33.2
29.2
31.2
36.5
29.1
36.9
34.7
34.6
40.7
38.5
39.1
36.7
40.7
33.1
31.1
36.4
25.5
23.6
21.4
15.7
15.9
13.7
15.6
12.1
7.9
12.2
6.1
8.1
8.1
8
8
10.1
12.1
10.2
10.1
10.1
18.2
15.1
13.55
12
16.1
12
16.2
18.1
20.2
18.1
16
22.1
24
25.7
21.7
18.1
24
24.1
23.8
21.7
29.9
34.1
39.6
45.8
51.6
41.6
46.9
51.3
59.3
53.3
59.1
61
55
53.3
55.1
61
62.6
61.2
66.9
59.3
64.9
72
76.1
66.1
60.7
58.7
55.1
58.4
56.9
58.8
58.4
62.7
54.9
54.6
60.2
65.9
66.7
60.6
58
56.5
61
80.2
87.7
95.2
99.6
98.3
88.5
98.7
111.7
108.4
99.5
99.7
102.5
98.2
88.5
85.1
75.6
68.1
76.1
55.6
47.8
46
50.1
62.5
44.7
46.7
42.4
32.4
30.5
30.5
28.5
36.6
34.5
32.6
28.5
42.5
36.5
31.4
28.85
26.3
26.3
30.4
24.4
24.4
24.4
26.3
24.4
24.3
28.4
28.3
36.3
30.4
34.3
50.6
60.5
58.5
60.5
60.2
56.4
54.2
56.5
55.9
66.1
60.2
60.1
62.3
59.9
63.9
57.9
53.9
56.2
51.9
60
75.4
73.6
82.9
71.8
73.1
65.6
85.8
75.2
67.2
57.4
62.8
54.9
62.4
61
55
62.1
53.2
47.3
52.9
51.1
51
60.5
64.5
62.7
68.3
74.8
69.1
74.2
80.2
82.3
84.2
84.2
76.6
75.3
79.2
82.8
81
61.3
41.9
35.7
32.1
26
28.2
20.1
24.3
26.3
20.2
18.2
12.1
10.1
12.1
10.1
14.2
18.2
19.8
14
26.3
20.4
22.1
22.3
16.15
13.075
10
12.1
10.1
12.1
14.3
14.2
18.2
24.4
30.4
24.3
20.2
20.3
20.1
22.2
22.1
22.1
24.1
28.2
28.2
26.1
24
28.2
32
32.2
29.9
26
27.9
26.1
28.1
26.1
28.1
34
34.1
29.9
29.9
28
22
25.8
31.7
25.8
25.8
25.9
29.8
27.9
27.9
29.8
25.8
25.8
25.7
23.7
25.6
24
21.9
23.8
19.7
19.8
21.8
23.7
19.5
21.7
23.7
22
17.8
19.8
23.9
29.8
18
19.9
18
11.8
18.1
20
20.2
14.1
14.2
12
10.1
8
6
8.1
8
8
8
10.2
8
10.1
12.1
8
10.1
10.1
10.2
14.1
16.2
16.1
15.2
14.75
14.3
14.1
14.2
16.1
16.1
14.2
16
20.1
16
18.1
18.2
18.2
20.2
20
24.1
24.1
28.1
26
31.9
30
32.1
39.9
37.8
45.6
39.9
41.5
35.8
47.4
53.8
55.5
59.6
55.8
47.9
52.8
53.1
37.4
43.3
37.3
39.4
35
44.6
35.3
47.2
35.6
33.5
33.3
44.8
33.3
31.2
37
38.8
35.1
33.3
31.4
35.2
35.3
33.3
31.3
36.9
37.3
37.1
37.5
41.3
42.5
37.7
39.7
43.5
47.4
43.6
38
33.9
35.8
28.1
23.8
24
20.1
16.1
16
16
24.3
18.2
18.2
16.2
14.2
20.4
14.2
10.1
14.2
10.1
12.1
10.1
10.2
10.1
16.2
14.2
13.2
12.2
14.1
20
16
16.1
16
16
17.9
20
24
23.9
24
20
15.9
17.9
19.9
23.6
19.8
23.6
27.4
33.6
27.6
27.5
31.5
35.3
35.5
48.9
43.6
41.6
47.4
48.9
52.2
48.8
52.4
48.8
52.8
53.2
55
59.9
54.8
48.7
56.4
51.1
44.8
43.1
48.9
47.2
44.6
47.2
50.5
50.6
48.3
47
51
50.7
56.2
50.6
52.8
52.4
47.1
59.1
58.4
66.3
66.4
73.9
78.2
72.1
68.5
73.5
69.8
70
62.9
62.2
47.4
45.6
41.7
31.8
32.1
37.1
27.8
18.1
20
18.1
16.3
20.3
18.2
24.3
26.4
34.6
42.7
46.6
40.6
48.5
64.5
69.6
72.15
74.7
79.8
82.5
82.3
83.2
87
89.1
94.6
95.2
99.7
110.6
103.2
118.1
117.2
109.7
107.8
109.6
111.2
116.9
110.1
111.8
107.9
112.2
108.8
112.5
111.4
108.3
118.1
109.9
99
99.8
98.2
85.8
104
92.5
79.5
67.5
55.8
46.1
38.4
48
46
42
32
30.1
33.6
34
33.8
37.6
29.8
32.1
45.4
54.8
55.3
62.5
70.1
72.7
84
88.9
93
94.6
97.4
100.4
103.2
106.9
104.1
98.9
104.3
85.4
94.4
86.1
76.9
73.4
62.7
55.3
47.4
33.9
31.9
27.4
20
20.1
22.2
22.3
14.3
14.3
14
12.1
18.3
18.3
22.3
24.4
30.2
26.1
30.5
37.55
41.075
44.6
40.5
36.5
36.5
36.4
36.5
38.4
38.3
42.3
36
37.9
38
39.9
41.6
29.8
29.9
35.6
39.7
39.4
39.4
41
45.5
44.7
47.2
47.6
50.9
54.5
54.5
66.6
59
76.7
68.8
54.8
63.1
62.3
56.7
73.7
58.2
62.5
67.3
60.2
62.7
70.2
64
63.5
67.3
60.3
66.4
66.9
67.8
69.9
68
66
62.6
62.4
65.8
65.5
69.2
79.9
83.6
93.8
79.5
78.5
89.5
90.2
79.5
89
99.4
82.6
81.5
88.7
92.7
89
85
80
69.1
56.4
48.1
42.6
46.6
48.6
40
37.9
41.6
37.2
37
41.3
38.1
38.2
30.4
30.3
34.3
40.3
42.3
44.15
45.075
46
45.4
45.3
45.6
54.6
57.9
59.1
54.4
61
60.3
58.4
58.8
59.5
59.7
58.9
62.5
64.1
66.6
66.3
76.5
64.6
62.3
71.3
72
69.5
73.3
76.5
88.6
82.3
84
83
85.8
83.2
88.7
92.3
73.9
70.5
70.4
66.3
69.6
65.4
68.2
70.6
71.1
69.6
67.5
71.1
69.2
65.6
78.6
86.3
84.3
72.3
81.4
77
78.4
76.9
76.9
86.7
94.9
90.8
90.4
87.9
91.7
83.6
86.4
82.8
90.2
88.8
78.8
83.5
88.2
96.9
102.1
89.3
67.3
63.7
57.5
59.1
57.3
53.1
49.7
47.8
46.5
49
48.6
54.8
57.9
52.7
56.3
52.8
59
61.3
58.1
60.2
61.25
62.3
70
71.7
69.7
71.3
68.2
64.4
62.1
66.3
68.1
67.7
75.1
71.2
69.3
71.5
67.3
69
72.5
72.4
72
77.6
75.9
73.6
80.8
77.5
73.4
76.6
75.4
74.7
78.4
74.8
78.5
74.8
75.4
78.3
73.5
71.3
75.2
83.4
67.7
61.7
60.9
65.7
62.6
56.8
47.5
43.7
35.8
36.1
36.1
40.1
43.5
49.8
44.4
49.8
40.1
49.8
61.1
57.7
66.3
61.7
59.3
57.8
63.1
71.9
73.4
73.5
70.1
75.3
80.9
70.8
74.5
72.8
83.2
64.9
65.9
66.3
61.8
69.5
54.1
60.8
53.2
48.2
47.8
38.4
34.6
32.5
34.5
24.4
22.3
22.4
20.4
24.4
28.2
29.05
29.475
29.9
22.2
22.2
22.3
20.3
18.3
30.3
34.5
38.6
36.6
36.4
36.5
38.6
36.5
36.5
38.7
40.5
42.7
42.6
38.5
46.5
46.5
48.5
42.5
50.4
48.3
26.3
30.4
36.5
42.7
38.6
50.3
42.5
36.4
34.3
36.2
32.4
26.2
22.3
16.1
14.2
18.2
20.2
18.2
18.2
20
22.2
24
24.2
20.2
22.1
20.1
18.1
18.2
22.2
22.2
20.1
24.1
24.1
24.1
22.2
22.1
22.2
26.4
24.3
28.2
26.1
26.3
20.3
20.4
20.4
22.2
28.5
28.4
36.4
30.4
26.3
20.2
20.2
20.3
22.4
26.4
24.2
26.4
24.2
34.5
34.5
40.7
36.6
40.6
46.6
42.7
40.5
38.6
44.5
47.45
50.4
48.7
54.5
58.4
70.1
70.3
71.9
70.1
68.1
60.3
56.5
54.5
52.3
56.1
58.5
58.4
56.2
46.1
46.1
44
44.1
46.1
52
49.9
51.8
44.1
41.9
42.1
41.7
43.8
45.6
45.9
45.7
39.9
37.8
47.8
41.8
45.7
45.5
41.6
41.6
51.3
51.3
51.1
53.2
62.3
58.6
58.4
55.1
51.2
52.6
58.8
62.1
58.6
72.1
63
88.8
89.1
102
109.5
108.6
108.9
105
104.1
93.4
91.3
98.5
110.7
94.7
98.2
89.1
97.8
87.8
80.7
74.2
75.5
86.2
85.3
73.8
73.1
74.2
64.3
69.1
71
73.8
75
77.8
76.6
74.8
74.9
73.7
77.7
73.7
72.3
72.85
73.125
73.4
71.9
83.9
71.1
73.6
64.5
64.7
61.8
58.3
58
60.6
65.9
63.6
60
64.2
64.2
64.4
65.9
67.5
69.2
69.5
69.4
69.5
68.3
70
70.1
64
62.4
66.4
72
69.9
60.5
60.4
46.4
46.2
55.9
41.9
32.2
27.9
27.9
27.8
26
23.9
23.8
27.5
19.7
21.7
19.9
21.7
21.9
21.7
19.8
18
19.7
17.9
25.9
19.8
21.9
17.9
24
21.8
23.8
36.1
37.9
42.1
46
42.3
42.4
30.1
32.4
26.4
26.2
43.8
39.8
34.1
24.4
20.3
22.2
22.2
20.3
18.3
16.2
18.3
18.4
16.3
14.2
16.3
16.2
18.3
18.4
16.2
16.3
16.2
18.3
16.25
15.225
14.2
12.1
14.2
16.3
16.2
18.3
20.4
18.2
18.3
20.3
22.3
26.3
32.4
30.4
34.6
50.1
58.8
59.6
63.6
64.5
76.5
76
73.7
73
78.4
72
74.5
77
85
92.4
90.8
90.8
83.7
78.7
82.3
80.2
79.5
73.1
74.9
75.9
68.5
73.2
71
70
74.3
64.1
68.7
71.8
69.3
71.1
74.3
75.9
66.4
68.2
64.7
53
65.8
59.8
54.4
56.5
55.3
55.7
65.4
77.4
87.3
99.4
103.6
110
106.7
96.5
96.5
102.8
87.9
82.9
79.7
70.9
59.7
58.7
52.3
37.8
36.3
42.4
42
36.4
30.5
30.5
26.4
28.2
28.5
26.4
24.4
24.1
28.3
40.6
43.55
45.025
46.5
57.8
57.5
52.5
50.7
52.5
62
60.4
67.5
70.2
68.1
71.9
70.3
65.3
59.7
60.9
66.7
59.3
62.9
57.2
74.1
74.5
97.3
78.1
82.5
95.6
106.9
105.6
107.6
106.2
106.8
101.9
105.6
92
103.1
94.5
97.3
82.8
63.9
54.8
59.9
56.3
55.5
44.3
49.8
34.9
35.1
33.1
34.6
40.7
38.5
36.8
44.6
54.6
61.4
50.9
52.6
55.9
66
59.6
69.5
78.5
80.4
81.1
87.2
85.1
91.3
85.6
85
87.7
83.6
75.9
76
65.3
63.9
59.2
60.4
56.2
51
43.9
40
44.1
38.4
40.1
44.4
48
47.9
40.3
38.7
36.6
36.6
47.6
44.5
44.8
45.55
45.925
46.3
53.4
49.6
52.8
58.7
62.5
48.6
44.5
42.5
42.5
42.6
40.4
44.6
46.6
52.6
58.4
54.5
54.5
54.3
56.1
60.3
64.5
67.7
64.3
56.1
56.1
65.9
79.8
83.7
89.1
79.2
77.6
82.9
80.9
62.1
55.9
44.2
38.3
26
30.1
26.3
24.1
26.2
16.1
16
16.1
18.1
17.7
19.9
18.4
16.9
14.45
13.225
12
15.2
13.6
12.1
18.1
14
16.1
14.1
20.1
26.2
36.1
42.2
44.2
36.1
30.2
30.1
32.3
30.3
28.3
22.2
18.3
20.3
16.2
16.3
20.2
22.2
26.1
18.3
10.1
10.1
10.1
14.2
12.1
18.3
14.2
12.1
14.2
16.3
16.3
18.4
20.3
16.2
14.15
12.1
16.3
14.3
8
8
12.2
12.1
12.1
10.1
14.2
18.3
22.2
20.3
18.2
22.2
22.3
22.3
24.4
26.3
22.3
24.3
34.5
34.3
28.3
28.3
34.3
42.2
44.3
63.7
77.6
63.3
52.2
61.1
34
26
45.6
58.5
49.3
54.3
55.4
57.3
57.3
53
51.2
43.1
43
42.5
37.3
39.7
46.7
47.3
42.9
40.9
39.2
45
55
52.8
58.7
60.8
59.1
60.8
60.5
69.5
68
71
68.9
73.5
78.8
78.2
71.6
80.5
69
63.9
66.7
68.3
60.8
55.3
53.9
52.1
48.4
48.6
40.4
46.3
40.5
38.5
40.3
42.5
42.6
46.8
44.7
40.6
36.6
36.6
42.7
38.55
36.475
34.4
34.5
34.5
38.6
44.6
44.6
48.6
52.5
60.7
56.4
58.3
46.4
50.5
54.5
60.7
64.3
64.1
58.3
62.4
62.1
67.7
67.6
60.1
61.8
65.7
69.3
63.2
65.3
69.3
69.8
71.2
82.9
88
86.2
80.3
73
74.4
65.5
53.4
55.5
59.2
58.8
55
55.2
55.4
53.4
51.2
53.5
59.4
55.4
53.3
57.3
61.3
57.2
61.1
63.2
62.9
65
64.8
61.1
62.9
68.3
80.2
79.3
75.1
67.7
70.6
75.7
72.1
72.1
68.6
65.1
62.7
62.8
61.4
55.7
40.1
41.9
38
36.2
40.4
38.5
38.2
36.4
36.4
38.1
40.5
38.5
46.6
38.4
42.4
48.5
54.7
54.5
59.8
62.45
65.1
72.9
72.9
74
77.3
79.4
82.3
84.8
87.6
86.9
76.6
77.6
79.1
79
79.2
84.2
90.5
92.1
90.7
95.1
98.3
99.9
110.9
105.6
109.7
112.8
134.5
132.39999
132
119.5
108.3
116
104.4
81.9
64.1
61.6
41.9
41.8
39.8
31.7
29.7
20
23.9
21.9
26
19.9
25.7
27.7
23.7
23.9
21.6
25.8
27.7
25.9
25.8
25.9
27.6
25.6
27.6
29.8
31.8
35.5
58.6
56.7
56.8
63.8
69.5
79.4
82
86.1
75.1
62.7
55
49
54.3
38.3
36.2
38.1
33.8
30.2
30.2
26.2
22.2
26.2
24.2
28.3
22.2
22.2
22.2
26.1
26.2
26.2
26
32.2
31.2
30.7
30.2
28.3
30.3
30.1
38.4
34.4
38.3
32.1
30.2
24.1
28.3
30.2
36.1
32.2
34.3
30.3
36.3
38.2
50.5
55.9
47.9
40.2
48.1
50.2
50.3
59.5
66.3
65.2
69.9
68.4
67.7
68.3
62.7
66.7
66.4
62.4
69.6
62.4
62.4
68.1
62.4
64.2
54.9
52.8
60.5
64.5
62.6
70.4
69.4
72.1
72.8
72.8
68.5
68
76
79.4
92.1
95.7
90.1
100.9
92.9
97.6
102.2
100.7
107.5
88.9
91.9
133.8
92
85.8
92.1
86.2
43.5
35.2
40.6
56.4
54.6
54.9
54.5
45.1
41
41.1
41.2
41.4
34.3
36.8
43.7
35.5
35.6
32.8
30.8
38.1
42.4
41.8
46.45
48.775
51.1
48.9
54.8
61
53.2
50.1
51.9
52.6
69.4
71.1
73.2
82.8
85.1
89.6
88.1
85.5
89.3
87.8
82.9
86.4
68.3
72.6
80
82.5
82.8
77.9
75.9
76.5
73.1
72.3
70.7
54.7
48.5
36.4
24.1
22.1
22
14
16
17.9
21.7
40.7
14
15.8
13.8
13.8
15.8
17.7
15.7
15.8
15.9
13.9
17.7
27.6
25.7
29.2
31.5
34.6
33.2
33.2
38.9
40.6
36.7
43.9
40.2
29.5
33.4
29.6
37.4
42.5
42
46.1
42.3
37.9
37.6
45.1
43.4
43.3
37.3
40.7
39.5
37.9
33.7
35.8
32.1
34.1
37.6
35.7
35.8
35.9
45.5
44.9
43.3
45.4
40.75
38.425
36.1
37.9
42.6
41
44.8
45.2
39.6
41.7
43.9
48
45.8
48.1
50.3
52.1
54.1
56.3
57.9
59.5
65.2
67.4
72.8
70.7
64.6
66.1
62.4
54.4
52.1
54.3
56.3
52.3
53.8
46.2
44.3
40
38.1
25.8
33.8
33.9
31.9
31.8
27.7
23.9
24
27.9
23.9
21.8
19.8
23.7
27.2
25.8
25.6
29.7
25.8
29.2
27.7
29.4
33.3
43.2
43.2
44.9
46.9
54.2
52.6
55.9
54.3
61.7
55.9
65
69.4
72.2
68
55.3
58.5
58
54.2
59.7
51.8
54.6
46
44.2
38.1
48.1
34.2
40.3
40.4
34.3
36.3
42.3
48.4
52.5
58
59.9
63.5
67.6
66.55
66.025
65.5
65.7
67.5
67.2
68.9
69
74.6
76
81.1
85.7
94.7
92.5
94.3
91.3
90.7
89.4
86.5
82.1
78.2
75.3
71.2
69.5
77.5
73.8
79.3
77.6
75.9
73.8
76.5
75.9
87
97.4
77.3
57.9
53.7
48
51.8
47.8
53.6
51.5
39.8
61.9
54.6
43.5
39
37.5
41.2
39.2
25.5
25.5
21.8
21.6
25.3
31.4
36.9
46.6
54.9
67.3
76.8
76.4
84.4
93
90.1
87.4
83.8
90.1
83.4
89.4
88.7
95.2
91.2
76.5
76.6
67.4
70.6
67.2
67.3
71.3
67.5
63.2
63.7
63.6
63.8
65.4
64.9
65.4
66.6
68.8
68.7
71.9
72.2
75.9
76
82.9
83.25
83.425
83.6
83.2
75.8
80.6
78.4
76.5
73.4
76.1
82.9
84.6
80.8
84.9
83.9
85.5
87.3
87.1
88.9
87.6
90.1
93.7
98.6
103.1
101.8
100.8
113.5
112.9
108.8
98.1
94.2
91.2
82.2
74.1
76
79.3
64.5
57
49.3
62
47
35.4
52.7
54.4
45
52.4
50.6
75.6
79.9
70.3
65.7
61.2
59.7
66.9
68.4
59.1
63.4
67.5
63.6
66.1
76.8
78.7
80.2
79.2
77
78.6
78.5
72.4
74.7
86.1
83.9
90.3
86.9
90.7
80.7
74.3
62.3
48.9
44.4
37.2
37.2
25.8
23.5
21.7
25.9
38
50
37.9
27.8
34.1
37.9
42.1
55.8
57.2
55.1
60.8
58.65
57.575
56.5
60.2
61.8
65.3
64.5
65.3
66.5
68.6
64.9
69
67
69
69.3
69.6
71.3
69.2
70.9
70.8
73.2
76.7
70.9
79.6
81.5
85.7
87.2
103.6
97
90.7
93.6
88.8
83.3
86.4
90.2
81.7
89.5
76.3
81
79.2
73.2
67.2
74.5
72.9
69.2
70.5
67.6
65.8
67.3
67.1
77.7
78.2
68.3
67
66
68.9
78.6
70.2
71
64.7
69
65.3
71.8
70
66.6
71.8
75.3
83.4
77.4
74.4
81.8
85.3
106.2
116.3
112
108.7
78
74.6
75.2
68.5
63
48.1
36.3
37
40.3
39.4
47.1
51.4
48.8
49.8
47.5
51.8
49.9
54.5
52.6
55.1
61.7
65
68.3
70.4
75
74.7
75.4
76.3
87.1
83.7
73.3
89.3
70.6
81.9
91.9
109.3
96.5
108.3
125.8
102.4
115.8
125.5
112.8
107.7
95.9
110.3
108.5
98.9
95.9
92.7
111.7
98.4
91.6
74.1
65.1
72.5
69.8
60.7
43.5
39.4
33.8
39.3
33.3
31.3
25.5
25.6
21.4
21.4
25.3
23.4
23.5
21.3
25.4
25.3
21.4
27.2
19.5
19.5
25.1
25.3
27.1
25.3
29.2
38.8
36.5
40.5
42.3
51.9
61
67.2
82.2
87.7
85.8
78.1
73.4
66.3
63.1
65.1
57.9
56
52.5
43.5
45.8
39.7
46.1
40
36
35.8
38.1
41.9
48.1
50
57.5
67.5
67.1
71.3
71
70.85
70.7
72
74.2
59.5
63.9
59.8
63.6
67.9
69.4
73.3
73.4
77.2
80.4
81.3
81.2
86.6
82.7
90.1
93.1
93.3
98.3
103
103.4
94.8
96.2
91.6
93.5
92.1
84.9
93.7
85.4
67.6
59.7
57.5
53.7
39.5
39.4
29.5
29.3
21.6
21.5
21.6
21.5
21.2
23.5
17.4
19.3
19.4
21.5
25.5
23.3
23
25.4
26.7
27.1
26.9
27.1
27.1
29.1
36.9
42.7
66.3
72.3
83.1
112.2
142
168.89999
126
57.8
76.3
78.4
80.6
97.5
59.8
59.4
65.1
58.6
53.9
46.7
49.2
45.3
53.2
35.9
33.7
37.3
29.4
31.3
25.8
29.4
25.8
19.7
39.8
31.5
25.8
21.75
19.725
17.7
23.4
25.8
29.8
31.7
33.6
47.5
53.2
58.9
57.3
55.2
53.3
57.5
61.4
55.3
49.8
47.5
35.6
27.7
27.1
23
29
27.2
26.9
25.2
23.4
26.9
27
29.1
26.9
31
25
24.8
26.8
28.6
27.1
24.8
21
23.1
25.1
21
19
21
20.9
24.6
22.9
22.9
28.7
22.5
26.5
26.8
20.9
24.7
24.6
22.9
28.6
30.6
24.8
24.9
22.9
21
20.8
21.1
17.2
19.3
17.3
15.5
13.4
17.4
15.4
15.4
13.2
13.5
17.3
13.5
11.6
13.6
17.4
9.6
11.2
7.5
9.7
7.6
9.6
11.7
9.6
9.6
9.7
9.6
13.6
13.6
11.5
15.6
15.6
14.5
13.95
13.4
15.4
19.3
17.4
23.4
19.2
23.3
21.6
23.3
25.4
21.4
21.3
19.4
19.6
23.4
21.3
23.2
21.4
25.4
31.1
32.9
31.2
36.3
42.3
36.8
38.6
34.8
36.2
40.5
38.4
36.3
36.5
36.4
38.4
36.2
30.5
36.9
32.6
36.6
34.7
28.8
34.4
38
34.3
34.4
35.9
36.1
42
36.3
46.1
37.6
32.3
36.1
40.2
46
40.1
44.9
39.3
36.3
43.5
40
45.6
48.4
49.9
50
47.5
56.3
63.6
58.8
60.8
60.2
64.8
69.7
58
56.3
54.9
59
53.9
55.1
45.9
43.3
46.1
38.8
38.8
34.9
31.5
33.5
35.3
42.2
44.8
45.8
49.4
50.1
53.6
51.7
50.75
49.8
41.6
45.1
47.3
54.4
54.4
62.4
58.8
64.1
60.4
64.5
71.7
73.9
66.1
65.1
71.3
67.2
76.5
76.5
83.1
76.9
91.9
83.7
76.8
81.3
84.4
87.3
87.7
90.4
93.9
86
97.4
99.1
79.8
58.3
56
59.5
59.4
59.3
66.2
64.9
64.6
67.9
68.5
65.6
63.9
66.5
65.5
65.5
61.5
59.7
61.4
62.5
60.4
54.7
56.3
53.1
54.6
46.8
44.8
44.1
47.6
47.8
50.7
53.5
42.4
51.5
43.6
62.9
44.8
33.6
43.1
49.7
60.5
36.4
37.4
34.6
35.7
33.5
35.9
36
36.3
30.7
30.5
39.3
32.7
30
28.7
31.2
29.4
27.6
27.5
31.5
33.7
30.65
29.125
27.6
29.5
31.2
33.3
35.2
37.2
37.2
36.7
38.2
41.6
47.5
47.5
56.5
52.4
56.9
61.4
61.1
61.9
61.7
52.7
44.5
44.6
41.3
43.2
48.2
51.2
50
46.1
46.8
43.3
46.9
42.8
46.8
39.3
40.9
41.1
36.9
40.8
33.2
33.1
31.1
33.3
29.1
27.2
35.1
27.2
29.3
31.2
32.9
33
29.1
31.5
35.2
35.1
37.2
37
30.9
27
31.3
35.1
34.8
33.1
35.1
38.8
35
35.2
36.8
36.7
37.1
39.1
38.7
35.1
34.8
34.9
35
35.3
31.1
29.3
23.2
21.3
17.3
15.5
15.5
13.5
13.4
13.6
13.5
13.6
15.4
11.6
13.5
13.6
17.5
13.6
14.55
15.025
15.5
13.5
15.4
11.3
17.6
15.5
15.5
17.5
17.5
17.6
23.4
21.5
21.5
19.6
23.5
23.4
23.5
21.5
27.3
27.4
27.3
25.4
31.4
33.5
35.4
33.3
31.4
33.3
31.2
35.3
31.5
31.1
29.3
35.3
35.3
31
33
29.2
27
29.2
23.3
23.1
30.5
25.2
23.2
31
30.7
29
27.1
25.2
29.1
31.1
31.2
34.9
34.7
33.2
30.9
31.2
38.8
42.3
34.9
33.1
40.8
34.9
36.9
40.8
34.9
37
39
48.6
41.1
37.1
33.3
34.9
33.2
27.2
29.1
25.4
23.2
25
23.5
19.2
19.2
25.3
17.4
23.4
23.6
21.3
19.5
11.5
9.5
13.5
19.6
19.6
21.6
22.6
23.6
23.6
23.5
57.45
74.425
82.9125
87.15625
89.278125
90.3390625
90.86953125
91.134765625
91.2673828125
91.33369140625
91.366845703125
91.3834228515625
91.3917114257813
91.3958557128906
91.3979278564453
91.3989639282227
91.3994819641113
91.3997409820557
91.3998704910278
91.3999352455139
91.399967622757
91.3999838113785
91.3999919056892
91.3999959528446
91.3999979764223
91.3999989882112
91.3999994941056
91.3999997470528
91.3999998735264
91.3999999367632
91.3999999683816
91.3999999841908
91.3999999920954
91.3999999960477
91.3999999980239
91.3999999990119
91.399999999506
91.399999999753
91.3999999998765
91.3999999999382
91.3999999999691
91.3999999999846
91.3999999999923
91.3999999999961
91.3999999999981
91.399999999999
91.3999999999995
91.3999999999998
91.3999999999999
91.3999999999999
91.4
91.4
91.4
91.4
91.4
91.4
91.4
91.4
91.4
91.4
91.4
91.4
91.4
91.4
91.4
91.4
91.4
91.4
91.4
96.7
85.2
92.9
80.4
85.6
82.4
80.1
69.6
64.3
57.6
60.4
54
51.7
47.4
51.9
50.3
53.7
52.4
46.2
52.3
54.7
51.9
48.7
47.1
45.5
56
61.7
65.8
68
60.5
50.4
46.4
44.6
40.6
32.6
34.7
32.6
34.7
36.6
28.7
32.7
32.6
30.7
40.4
42.3
46.3
50.2
62
54.4
65.7
48.4
42.5
53.4
34.5
40
32.4
44.2
44.2
51.8
62.9
55.5
39.9
36.4
42
32.2
34.2
80.2
73.9
29.7
32.1
54.2
57.8
41.5
35.9
32
26.3
28.2
28.2
32
36
38
37.9
37.4
35.6
39.7
54.3
35.9
54.3
58.2
57.5
65.2
64.6
62.1
65.8
77.4
65.6
101.9
96.7
66.8
70.4
73.4
49.4
44
38.3
28.5
34.2
28.1
28.4
28.5
28.4
28.7
30.3
28.3
20.6
22.6
24.7
26.6
32.6
35.5
36.95
38.4
44
42.4
48.1
53.4
45.8
39.8
32.3
26.6
24.7
28.7
32.5
40.2
38.4
42.3
55.4
53.2
48.1
40.4
42.4
38.4
36.4
44.4
38.4
34.5
36.6
56.1
46.3
50.3
40.4
28.6
22.7
22.6
22.7
20.7
20.5
20.6
18.5
18.5
16.5
14.5
14.5
18.2
16.6
16.4
16.7
20.5
20.5
18.4
14.5
18.5
16.4
18.6
16.4
18.2
20.2
24.4
16.4
21.7
36.7
26.2
20.2
24.1
23.8
35.2
42.4
52.3
55.6
40.9
54.2
40.8
49.7
46.9
46.8
42.9
46.1
57.8
50.1
57.4
48.8
32
18.6
30.1
12.5
14.7
14.6
30.3
20.6
22.5
36.2
49
41.1
34.1
30.2
33.1
34.55
36
39.9
34.2
32.3
38
24.6
26.2
22.7
20.6
22.5
24.5
22.7
22.5
24.6
24.6
26.6
28.6
28.6
28.6
26.5
34.4
36.4
40.3
34.5
32.4
32.4
26.5
30.4
34.5
32.3
26.5
26.5
26.4
22.5
20.5
18.6
16.3
26.6
24.4
20.5
20.5
20.5
18.4
18.3
18.4
18.3
22.4
24.2
24.2
26.1
32.2
26.2
26.3
22.4
30.1
22.4
26
24.2
26.3
26.1
22.3
22.3
22.3
24.1
24
25.7
25.8
24
26
35.4
26
24.2
26.2
24.5
26.5
20.5
22.5
24.5
26.4
22.5
20.3
18.5
20.5
18.5
16.6
12.7
10.7
12.6
16.7
20.6
20.5
24.5
22.5
20.5
18.5
17.5
16.5
18.6
18.5
24.3
30.4
28.4
28.4
28.3
22.4
18.5
22.5
22.6
24.5
29.8
28.3
22.5
26.2
28.4
40.3
54.1
63.6
67.8
65.7
61.6
59.9
54
53.9
48
46.1
40.1
30.1
32.1
34.1
41.7
31.9
29.9
28
26.2
28.4
28.3
31.9
24.2
22.2
28
37.8
30
28
30.1
35.7
42.6
32
33.2
42
42.5
35.4
40.7
47.9
40.9
40.9
38.4
42.1
42.1
50.9
58.9
57.2
55.9
64.8
68.6
72
76.3
74.6
93.3
95.5
99.7
102.4
79.3
85.4
75.2
93.4
81.8
69.8
71.8
58.6
61.6
46.7
52.1
52.6
49.1
43.6
46.2
42.7
51.3
49.1
50.7
49.8
49.35
48.9
58.1
65.2
79.5
68.3
73.3
70.2
70.8
66.5
66.3
80.1
70.3
61.6
60.8
61.8
63.9
62.3
65.1
67.6
72.5
72.1
66.2
68.3
68.3
70.2
64.6
61.3
50.9
48.7
45
46.6
33.6
31.5
27.8
27.7
24.1
25.6
23.9
27.5
33.1
52.9
29.2
36.2
29.1
46.8
38.1
45.4
37.7
35.1
43.3
33.1
27.8
30.9
34.7
34.6
34.7
35.2
49.8
66.2
61.4
68.3
64
64.2
63
63.2
70.3
72.8
72.2
75.4
74.4
77
93.6
106
105.5
89.3
82.8
67.9
55.2
51.2
47.9
52.1
45.1
43.2
43.5
39.9
47.4
45.6
36.1
41.3
39.8
39.6
37.5
36.3
37.1
42.2
44.75
47.3
46.2
43.2
38.8
44.7
45.8
47
49.6
47.4
46.1
51.6
50.4
49.1
55.1
71.2
70.1
73.5
78.8
82
75.6
79.7
84.4
91.7
87.8
84.7
93.2
100.5
98.5
102.7
89.3
94.9
75.1
80.7
75.5
81
68.6
72.6
76.1
76.6
72.5
72.3
68.7
64.1
64.4
73.8
68.9
66.6
58.8
56.1
66.4
70.5
75.8
79.1
70.4
52.9
54.1
70.8
55.8
56.8
58.6
58.6
59.1
62.8
49.8
63.3
48.7
48
44.3
37.8
42.9
39.4
44.6
38.2
39.8
33.5
35.7
33
31.6
34.9
31.3
28.7
27.6
27.7
32.7
24.2
22.1
20.5
18.3
20.2
18.5
18.4
20.5
18.4
22.2
21.2
20.7
20.2
18.4
18.4
22.3
22.3
26.3
30.1
26.1
26.4
26.3
29.8
26.4
26.3
28
30.2
32.2
30.2
32
30.2
34
33.8
34
35.9
37.8
39.8
35.6
35.9
35.9
37.5
35.9
41.5
41.3
39.7
39.5
37.4
35.5
35.2
33.6
31.7
29.6
29.6
27.8
29.9
30.1
25.9
26
22.2
22.2
24.1
24
24.1
27.7
29.9
29.5
29.8
29.8
33.4
29.7
31.3
27.8
25.9
25.9
25.6
25.6
21.8
23.9
24
24
26
24
27.9
33.2
31.4
27.8
27.8
29.8
26.1
26
24.1
22.1
24
21.9
14.4
16.2
12.5
10.6
10.6
10.4
12.2
10.6
14.5
12.5
14.5
12.4
11.5
11.05
10.6
14.4
12.4
14.5
16.5
16.4
14.5
16.2
18.3
20.3
18.3
22.3
22
20.3
22.3
22.3
22.3
20.3
22.4
22.3
22.1
24.1
24.2
28
26.2
26.1
27.8
26.2
26.2
24.2
28
28
30
33.9
31.8
33.9
33.9
31.8
33.8
33.8
35.5
37.4
37.5
35.5
33.7
33.9
35.8
33.7
35.5
37.5
35.8
37.5
33.7
33.8
28
28
27.6
28.1
26
26
24.2
23.9
22.1
22
27.9
29.7
33.7
35.5
35.5
37.3
39.4
39.6
43.4
45.3
43.1
37.7
33.9
31.9
30.1
29.8
28
28.1
28.1
28.3
26.3
20.4
22.2
24.3
18.4
16.3
32.2
36.1
28.2
28.2
23.3
20.85
18.4
18.4
20.4
20.4
20.4
24.3
22.2
22.2
26.1
24.3
24.3
26.3
26.3
26.1
28.2
32.2
28.1
28.1
34
36
34
28
31.9
28.1
32
28.1
32
29.9
28.1
24.2
20.2
28.1
37.8
31.8
35.7
37.6
43.3
27.8
20
27.7
33.2
33.6
29.6
23.8
27.5
23.8
33.1
34.9
32.7
27.3
27.6
20
29.4
18.1
19.8
31
23.5
23.5
21.5
21.8
18
19.6
23.6
32.7
25.3
27.4
27.6
34.9
39.4
38.8
41.3
40.6
42
28.4
27.6
33.9
35.1
37.1
29.9
28.6
33.6
34.9
35.9
38.1
31.2
32.9
30.5
36.7
36.1
47.1
35.9
35.7
34.8
36.2
37.05
37.475
37.9
39.1
39
50.6
65.3
49.2
64.1
31.5
27.8
29.9
24.1
22.2
31.9
59.3
37
25.8
27.8
16.2
14.3
18.2
20.2
16.2
20.3
24.1
16.2
18.2
18.2
25.9
21.9
25.9
22
16.2
14.1
14.3
16.1
14.1
12.3
12.3
12.2
10.3
10.2
14.1
10.2
14.1
8.4
14
12.2
14
12.3
12.2
6.3
15.7
13.8
10.1
13.8
12
11.8
8.2
10.1
14
11.9
13.6
15.8
21.5
15.7
16
15.8
19.8
20
21.9
19.9
18.1
16.1
16
16
16.1
14.3
14.3
10.3
12.3
12.3
12.2
10.4
6.5
8.2
4.6
6.5
8.4
8.4
8.5
8.5
10.2
12.4
12.4
10.35
9.325
8.3
10.4
8.3
10.3
10.3
10.2
12.1
10.4
10.3
16.1
10.3
14
12.3
16.1
12.3
16.3
18
22
16.2
22.1
18
16.2
19.7
19.9
25.6
23.7
25.8
33.4
33.5
29.4
27.6
25.5
27.2
29
32.5
27.2
29.3
25.4
25
23.7
24.6
21.4
17.6
19.7
19.7
19.6
19.9
23.5
23.7
21.8
21.8
20
15.8
17.9
15.8
17.6
14
17.4
17.9
17.8
17.6
16
15.7
14
19.7
21
19.7
21.4
23.3
25.5
25.5
23.6
25.2
23.5
21.3
21.7
17.7
15.5
16.2
12.2
14.2
10.3
12.2
8.4
10.4
8.3
6.3
8.4
4.4
6.5
6.5
6.5
8.4
12.4
10.4
9.4
8.4
6.5
8.4
10.3
8.4
12.4
12.4
14.2
12.2
12
14.1
16.2
18.2
18.1
19.8
21.9
22
27.8
29.9
27.9
31.7
31.6
33.6
27.7
25.6
31.5
33.4
33.3
31.6
23.6
29
21.5
23.2
19.7
15.9
21.4
21.6
17.7
19.5
15.8
13.8
10.1
13.9
12
13.9
13.9
17.3
13.9
13.8
13.8
12.1
13.8
12
13.8
15.9
19.7
15.6
13.8
13.7
17.3
15.6
15.7
19.7
17.6
15.6
19.3
19.5
19.4
19.5
19.4
23.2
23.2
21.6
19.7
23.2
27.1
21.6
19.8
19.7
14
12.3
12.2
14.2
10.4
12.3
10.4
10.4
6.3
8.4
6.4
8.4
8.4
8.4
10.4
8.4
7.4
6.4
8.4
6.3
8.1
10.4
12.3
12.3
10.4
10.4
12.3
14.3
12.3
12.3
8.3
12.2
12.2
14.1
14.3
12.3
12.2
14.1
12.2
12.2
14.1
21.3
19.9
16.1
19.9
29.2
21.6
21.2
17.7
17.7
14.1
15.6
15.6
11.9
13.7
11.8
17.7
13.9
11.9
11.8
12
9.8
9.9
9.8
9.9
12
13.7
8
9.7
17.4
17.4
15.6
15.7
17.8
15.4
15.7
19.4
17.5
17.6
17.4
21.3
19.5
19.1
20.9
19.3
22.7
26.8
30.3
28.9
29
27.2
29.3
27.4
27.7
25.7
21.8
21.9
23.9
25.7
25.9
21.9
24
24
20
21.9
19.9
18
20
20
19.9
25.7
26.65
27.125
27.6
31.6
27.7
25.7
21.9
23.9
25.7
31.9
35.6
37.6
37.5
35.4
39.4
44.9
47.7
49.4
49.1
49.6
66.2
74.4
35.2
40.9
42.7
48.2
47.8
46.2
46.7
42.9
33.2
23.6
23.5
21.1
19.6
23.5
23.4
27.1
26.9
25.3
21.7
32.1
42.5
48.3
54.7
46.7
48.4
57.2
52.1
53.5
32
39
46.2
37.6
39
38.5
34.7
35.3
42.4
37.6
41.2
37.2
49.7
49.3
49.4
56.5
56.7
62.2
56.1
67
57.4
64.8
60.4
70.4
73
56.5
55.4
54
50.1
41.7
34
33.1
34.4
25
21.5
17.8
17.8
21.8
13.9
12
18
12.1
12.1
10.3
12.2
15.9
15
14.55
14.1
18
16
20.1
18
21.4
25.5
21.8
23.6
23.6
27.8
23.7
25.3
25.7
29.2
25.7
23.6
27.1
27.1
23.6
29.4
29.3
29
28.9
36.2
34
37.8
40.9
37.6
39.6
35.6
35.9
33.9
31.9
30.2
37.2
30.1
30.1
26.4
29.7
33.3
28
29.8
28
31.2
24.5
31.5
26.4
28
31.8
31.8
32.1
26.4
31.8
33.4
38.7
41.3
39
42.3
41.4
39.3
46.9
50.3
45.7
56.5
69.1
66.8
65.6
55.1
47.1
33.3
38.6
52.7
34.5
27.4
31.7
20.4
19.1
19
17.4
17.5
22.9
18.7
17.5
10.1
10
19.9
13.9
10.1
12.1
10.1
8.3
10.1
12.2
10.15
9.125
8.1
18.1
12.1
8.3
10.1
8.1
10
15.4
19.7
19.5
21.3
19.5
15.7
25.3
17.5
15.8
23.5
28.8
30.7
29.1
27.2
28.7
26.9
30.4
30.9
34.4
32.1
37.7
41.6
43.3
24.8
20.9
19.3
23
19.2
17
23
19.2
24.3
21.1
17.2
20.9
15.5
13.5
23
26.2
28.3
20.7
20.9
18.7
22.4
22.6
24.5
22.6
19.1
19.1
22.7
18.5
13.2
28.2
28
20.7
24.2
26.3
34.9
37.9
30.1
33.4
28.3
31.4
31.7
28.5
37.4
33.5
38.2
34.4
30.4
31
27.3
28.5
30.2
22.4
19.8
21.5
23.5
17.9
17.9
19.8
25.6
21.6
25.4
31.2
31.3
45
38.7
35.55
32.4
34.5
33.9
