"x"
33.4
35.9
46
46
48.6
53.5
61.1
63.7
76.3
78.8
78.8
81.4
89.8
97.8
94.9
94.6
91.8
91.7
86.3
73.6
68.6
63.7
61.3
66.2
58.6
33.3
33.4
28.5
43.6
28.4
20.9
31
31.1
41.3
38.6
54.1
41.2
33.6
38.5
36.1
36.2
31
36.2
33.8
33.8
31.2
33.5
31.1
36.2
44
46.7
41.4
43.8
46.3
48.9
51.5
54.1
54
56.5
56.4
56.3
51.1
51.2
48.7
48.6
53.6
51.2
46.1
43.4
43.6
38.4
43.4
38.4
35.8
33.3
28.3
25.7
23.2
23.5
23.2
20.7
20.7
20.7
25.7
25.7
36.2
28.2
30.9
28.3
30.7
30.8
30.8
30.8
30.8
30.8
41.2
33.2
43.5
48.4
46.1
56.4
56.3
56.3
61.5
59.1
61.4
64.3
59
56.6
66.8
59.3
75
72.6
70
64.5
69.6
75
65.1
64.9
57.3
59.8
57
70.3
62.4
64.9
64.2
64.9
62.1
57
56.8
59.8
54.9
60.3
58
52.3
57.4
61.9
51.8
54.6
55
49.4
49.5
44.3
51.9
57.7
63.2
55
62.7
57.5
54.9
55.5
62.7
70.5
66
59.8
59.6
57.5
54.7
64.9
62.9
66
65.1
52.6
57.3
52.2
42.6
47.6
49.7
41.4
38.5
38.4
35.8
38.4
40.9
38.3
40.8
43.4
40.8
46
46.2
48.2
48.5
50.8
50.6
48.1
45.7
45.8
47.05
47.675
48.3
53.2
48.2
55.8
59.1
56.6
56.6
61.3
58.8
56.2
58.7
56.3
72.4
86.7
93.9
83.1
83.4
87.6
79.9
74.5
80.2
80
82.1
85.1
87.2
98
110.9
100.2
100.5
99.8
98
97.3
84.6
89.3
92
89.5
87.2
95.2
95.4
90.4
90.2
77
79.6
79.3
87.2
82.3
77.3
75.1
69.2
45.7
58.6
71.6
68.8
71.9
76.8
77.1
56.2
76.9
72
82.7
77
77.1
74.8
69
69.4
64
86.5
94.1
92.6
96.4
82.5
58.3
80
77.2
64.4
56.2
53.2
48.3
45.5
45.5
35.5
35.4
20.3
27.9
25.3
25.4
30.5
25.3
25.4
30.5
35.4
30.4
35.4
37.8
39.15
39.825
40.5
58.6
47.9
58.4
58.3
58.1
61
58.1
60.6
60.6
76.4
71.4
68.6
78.8
73.6
63.3
70.9
73.6
63.1
70.7
81.6
78.9
78.8
73.6
78.5
68.2
62.8
47.7
45.2
60.2
57.8
60.3
60.5
70.6
80.8
80.8
63.1
60.6
58.1
40.4
45.4
35.4
37.9
42.9
47.9
37.8
32.8
40.4
45.5
47.8
45.5
47.8
37.9
40.4
47.8
79.5
87.7
93
99
104.3
102.1
109.5
118.9
112.8
120
131.2
135.89999
159.7
162.39999
184.5
180.5
164.89999
155.7
132.7
105.1
103.2
113.9
86.5
86.4
84.1
85.9
83.1
78.6
73.8
72.7
77.8
78.4
80.4
78.2
77.8
78.1
83.4
91.5
72.6
63.7
59.25
54.8
74.8
82.3
69.7
57.3
67.2
79.6
77.1
77.1
82.1
79.7
79.7
84.8
92.2
89.9
90.1
90.2
88
95
92.5
95.3
100.3
97.4
97.3
95
94.7
89.8
77.3
77.4
74.8
75
75
70
70.1
70.1
70.1
70
67.5
75.1
75.1
70.2
62.8
57.7
60.2
60.1
55.1
60.4
62.8
62.6
57.8
62.9
60.1
52.6
67.8
75.4
78
88.1
98.5
119.3
132.89999
135.60001
146.5
150.7
157.60001
155.7
147.7
145.10001
139.89999
178.7
143.39999
129.8
129.60001
139.89999
140
137.10001
135.39999
115.9
102
94.1
99.4
95.4
104.5
95.3
94.2
94.3
96.7
93.9
93.6
95.7
97.9
100.1
75.1
72.9
78.3
84.75
87.975
91.2
91.2
92.3
83.3
88.7
100.2
103
108.3
116.4
116.3
121.3
124.1
118.2
118
125.7
117.8
122.5
125.3
127
113.9
103
105.3
102.9
102.6
94.8
102.3
92.1
71.8
82.1
75.2
83
81
72.8
73.1
65.4
67.9
45.2
57.9
42.5
52.7
45.1
60.3
55.2
55.2
52.7
62.8
70.5
52.6
40
52.5
40
43
52.8
52.8
53
45.3
45.3
65.7
57.8
55.1
68
68
55.2
73
73.5
68.2
70.2
65.3
75.1
80.3
78.5
72.6
72.1
65
54.7
59.8
52.1
32.2
29.7
29.7
27.2
29.6
22.2
19.7
17.3
14.8
17.2
12.3
14.8
14.8
14.8
19.7
17.3
17.2
22.15
24.625
27.1
27.2
29.6
32.2
32.1
37.1
34.6
60.1
57.7
52.4
60.1
67.5
67.6
52.3
44.7
34.5
44.5
37.2
59.9
64.5
67.1
62
62.1
67.1
77.7
79.5
92.4
90.1
77.3
62.1
59.7
59.6
49.8
52.3
49.9
44.8
47.3
44.9
35
47.3
52.3
42.3
34.8
50
54.9
32.3
32.3
27.3
24.8
24.8
29.9
22.3
24.9
35
32.6
27.5
24.9
35.1
37.5
40.1
45.3
37.6
40.1
40
35
22.3
29.8
42.1
29.5
31.9
29.4
31.9
24.5
24.5
34.6
24.5
22
22
17.1
14.6
12.2
14.6
12.2
9.7
12.2
14.6
14.6
19.6
22.1
19.6
19.6
17.2
19.6
22.1
23.3
23.9
24.5
24.5
34.5
29.4
34.4
29.5
31.9
26.9
26.9
29.4
41.8
32
36.8
42
36.7
53.9
58.8
61.5
56.4
51.5
56.4
56.4
59
56.6
51.5
54
41.6
39.1
39.2
36.7
39.2
34.3
34.3
26.9
31.9
24.5
24.5
32
44.6
39.6
27.1
52.1
32.1
27.1
42.1
34.5
39.6
44.7
57.2
42.3
47.2
34.6
34.5
34.6
39.5
39.6
44.5
49.6
37
36.9
29.5
41.9
44.4
49.4
41.9
39.3
41.9
29.3
26.9
24.3
26.7
31.7
34.1
41.5
41.5
44
34.2
39
41.5
51.2
53.7
53.7
53.9
56.4
53.8
53.7
53.8
56.2
59.1
58.8
61.1
63.8
63.6
63.6
63.55
63.525
63.5
61.1
58.7
53.7
53.7
58.6
63.6
63.5
63.4
61
60.9
58.5
61.1
63.6
68.9
61
51.4
53.8
48.9
51.2
43.8
46.3
51.2
56.2
48.7
48.8
46.3
51.2
51.2
46.3
41.3
51.6
51.4
56.5
49.1
56.5
51.5
51.5
56.4
51.5
51.6
51.5
46.5
41.4
44.1
44
44.1
44.1
49
54.2
39.2
41.6
29.1
36.7
29.1
36.5
31.6
31.6
29.1
29.1
29.1
31.5
29.2
29.1
39
53.8
61.4
66.4
66.4
63.9
66.5
66.2
61.1
63.5
63.4
63.4
61
58.4
58.4
63.5
56
55.8
60.9
66
67.2
63.4
64.2
60.8
60.7
60.7
58.2
55.8
55.8
55.8
63.25
66.975
70.7
73.3
78.5
70.6
70.6
73.2
75.7
73.3
76
78.6
76.2
81.2
76.1
78.6
83.9
83.1
83.2
88.6
90.8
90.9
90.9
93.5
90.9
93.1
85.5
85.7
85.4
80.3
72.9
58.3
46
48.7
48.6
41.3
51.2
61.5
43.9
41.3
41.3
39
33.9
26.5
31.6
24.1
24.1
26.8
26.6
24.2
21.7
31.6
26.6
29.1
31.6
31.6
34.1
39.1
34
41.5
43.9
41.4
46.3
46.4
53.7
58.6
66.2
71.3
71.1
71.2
71.1
73.3
73.1
73.1
70.5
60.6
53.2
48.3
38.5
36
36
43.7
28.7
26.3
31.3
26.3
23.8
28.7
31.1
33.5
38.4
48.2
50.6
55.5
62.9
60.4
64.1
65.95
67.8
73
81.1
75.4
83.2
77.8
80
80.1
80
75
75
67.7
67.7
70.1
70.4
67.7
67.7
75.1
89.7
80.1
80.1
80.2
80.2
79.9
75
65.2
70.1
77.4
70
50.6
50.8
38.4
31.1
31.2
28.8
31.2
28.8
33.6
26.3
31.1
36.3
31.3
36.3
29
33.7
26.3
41.4
28.8
23.9
33.9
38.7
31.4
23.9
41.2
28.8
31.3
23.9
26.3
31.3
46.2
38.5
36.1
38.5
43.5
38.4
38.4
43.3
43.3
45.7
58
60.5
53.2
50.8
41
38.5
40.8
50.5
50.6
50.4
45.5
43.1
43
48.2
52.8
48
40.7
38.2
35.7
40.6
33.3
28.5
35.8
33.4
35.8
33.35
32.125
30.9
38.2
38.4
33.3
35.8
35.7
38.2
35.9
40.9
38.5
55.8
53.5
43.3
50.8
53.1
50.6
60.7
58.1
53.1
60.8
68.3
63.5
70.3
70.4
75
77.4
74.9
75.2
77.6
77.7
80.3
75.3
77.6
80.2
80.1
75.1
75.3
72.7
72.6
67.6
72.7
67.8
67.8
65.3
67.8
67.8
75.3
67.8
65.4
70.2
65.4
67.9
63.2
68
70.5
75.6
78
80.4
78
77.9
80.2
77.8
82.7
80.5
80.2
77.7
77.8
77.8
82.8
87.9
85.6
72.5
72.3
74.9
72.4
70
70
67.6
65.2
70.1
75.1
72.9
67.6
69.8
65.2
65.3
70.7
70.9
68
68.4
67.3
67.4
67.4
67.5
71.4
73.35
75.3
72.9
77.9
69.9
67.5
69.9
67.5
69.9
67.4
64.8
67.2
72
69.7
67.3
67.3
72
74.6
72.4
72.5
72.5
72.3
74.5
71.9
69.5
67.1
64.7
62.2
67.2
64.8
72.6
59.9
47.9
55.3
48
45.7
50.6
35.7
25.9
57.8
52.9
52.9
38.3
50.8
35.8
50.7
38.3
45.8
40.9
36
38.2
38.2
36
43.3
35.8
35.8
40.7
40.8
45.7
38.3
43.2
43.1
48.2
48
48.1
50.6
55.4
57.8
53
55.3
52.8
52.8
42.9
40.4
35.5
33.1
25.7
23.3
23.3
16
20.8
18.4
18.5
13.6
11.1
8.7
11.1
13.5
13.5
11.1
11.1
11.1
11.1
13.5
13.5
14.75
15.375
16
23.2
23.2
25.6
28.1
32.9
28.1
28.2
28.2
30.6
33
25.7
35.4
33
35.5
37.8
47.6
42.7
45.1
45.1
40.2
45.3
47.8
52.9
38.1
40.5
38.1
43
47.9
38
30.7
23.3
30.7
18.4
35.7
33.2
20.9
30.8
38.2
35.6
38
25.8
35.5
25.8
20.9
23.3
25.8
23.3
25.8
25.7
40.5
40.4
38.1
38
45.4
50.5
40.6
38.1
40.4
40.5
33.2
33.1
35.6
35.6
47.8
50.2
42.8
50.1
40.4
35.5
30.7
30.6
28.3
23.3
28.1
11.1
6.2
6.2
6.2
6.2
6.2
6.2
6.2
8.6
8.6
8.6
11
6.2
11
11
11
11
13.4
15.9
14.65
14.025
13.4
13.4
15.8
18.2
15.8
18.2
18.2
30.5
28.2
25.7
28.2
30.6
28.2
23.2
37.8
35.4
33.1
35.5
28.2
32.9
30.5
35.4
30.6
30.4
27.9
35.3
40.2
37.9
44.9
37.6
32.7
35.1
35.3
32.8
37.6
35.2
35.2
40
35.1
30.3
32.8
35.2
35.2
37.7
37.7
37.8
35.3
30.4
35.4
32.9
35.3
30.5
32.9
35.3
37.9
32.9
35.3
32.9
35.3
35.2
37.7
40.3
40.5
42.6
44.9
44.9
49.7
52.2
54.5
52
52
52
47.1
49.4
44.6
47
42.1
44.5
44.5
44.5
46.9
44.5
44.6
39.9
42
44.5
44.6
44.6
47.3
47.1
47
47
47
49.5
50.8
51.45
52.1
57
64.4
67.1
64.6
66.8
59.5
59.6
64.4
74.2
71.8
66.8
64.5
69.5
64.4
56.9
59.3
64.2
59.4
57.1
61.8
64.2
56.8
61.7
57
56.8
54.4
56.8
59.2
61.7
66.6
64.2
64.2
59.4
61.7
59.3
56.9
49.7
54.6
54.6
47.2
52.1
54.4
49.7
47.3
42.4
47.1
49.6
52.1
40
49.6
44.8
47.3
42.4
47.3
42.3
40
39.9
37.5
37.5
42.3
44.6
61.6
49.6
59.3
54.3
61.7
56.7
61.4
63.9
59.1
63.7
54.1
49.1
41.9
34.7
29.9
25.1
17.8
15.5
17.9
15.4
13
13
15.4
17.8
20.2
10.7
13
13
10.7
13
10.6
13.1
14.3
14.9
15.5
15.4
27.4
25.1
22.6
29.8
37.1
25.1
25.1
29.9
27.4
32.2
29.8
34.7
29.9
29.9
27.4
29.8
32.3
34.7
39.5
34.6
39.5
34.6
32.2
44.2
44.2
56.3
56.2
51.4
56.4
53.9
49.2
34.8
42
49.2
51.7
54.1
54.1
41.9
37.1
37
44.3
34.7
49.2
39.5
44.2
44.4
34.7
37
29.8
41.9
37.2
34.7
32.3
32.2
37.2
44.3
29.8
34.7
39.5
34.6
37
39.4
37
37
44.2
44.1
39.3
39.3
41.8
41.8
41.9
39.4
37.1
22.5
22.5
17.6
20
15.3
12.9
12.9
10.5
12.9
10.5
10.5
8.1
5.7
5.7
5.7
3.3
8.1
8.1
10.5
14.05
15.825
17.6
15.2
12.9
11.6
14
16.3
16.3
14
14
16.3
14
16.3
18.7
14
14
14
21
21
25.7
25.7
23.3
23.3
25.6
25.7
28
25.7
21
25.7
23.3
28
30.3
35
32.6
37.4
35
30.3
30.3
23.3
21
21
21
21.1
21
23.4
21.1
18.8
18.8
21
18.7
18.7
21
23.4
28.1
28.1
23.4
23.4
25.8
28.1
28.1
30.4
28.1
28
30.3
30.4
37.3
32.7
28
28
25.7
25.7
25.6
21
16.3
14
16.3
14
9.3
11.6
11.6
9.3
9.3
11.6
11.6
9.3
7
7
9.3
7
7
7
11.6
7
9.3
11.6
10.45
9.875
9.3
11.6
11.6
11.6
9.3
11.6
11.6
11.6
13.9
16.3
18.6
16.3
14
16.3
16.3
25.6
28
28
21
23.3
23.3
23.3
21
25.7
23.3
21
23.3
25.6
25.6
25.6
23.3
25.7
28
30.4
28
25.7
23.4
25.7
28
25.7
25.7
21
28.1
25.7
25.7
25.7
25.7
23.4
23.4
18.7
21
21
23.4
23.4
21
21.1
25.7
23.3
23.3
25.7
25.7
23.3
25.7
23.4
25.7
23.3
25.7
23.3
21
20.9
21
14
9.3
14
9.3
9.3
7
7
7
4.7
7
4.7
4.7
4.7
2.3
2.3
2.3
2.3
2.3
2.3
4.7
4.7
4.7
7
7
7
7
7
7
9.3
9.3
7
11.6
11.6
11.6
14
16.3
14
11.6
16.3
16.3
14
16.3
14
16.3
18.6
18.6
18.6
23.3
23.3
25.7
32.7
28
25.6
25.6
21
23.3
28
25.6
30.3
25.7
28
30.3
25.7
28
30.3
32.7
32.7
30.4
28.1
28
25.7
28.1
25.8
25.7
30.4
28
28
32.7
30.4
35.1
32.7
32.7
32.7
37.3
37.4
39.7
39.6
39.7
34.9
35
35
39.6
37.3
39.6
44.2
44.3
39.6
37.2
41.9
34.9
27.9
23.3
18.6
18.6
11.6
9.3
4.7
7
7
4.6
4.6
4.6
4.6
4.6
7
4.6
4.6
4.6
4.6
6.95
8.125
9.3
9.3
11.6
13.9
11.6
11.6
13.9
9.3
9.3
9.3
11.6
13.9
11.6
16.3
14
14
21
21
18.7
16.3
16.3
23.3
18.6
16.3
20.9
20.9
20.9
20.9
23.3
16.3
20.9
25.6
20.9
21
20.9
16.3
21
18.6
18.6
18.6
23.3
25.6
30.4
30.4
23.3
23.3
23.3
21
18.7
16.3
11.7
16.3
16.3
16.4
16.4
16.4
14
16.4
16.3
21
18.6
16.3
16.3
14
16.3
16.3
11.6
9.3
9.3
11.6
14
9.3
4.6
4.6
4.6
7
4.7
4.7
7
7
7
7
7
9.3
7
7
7
7
7
7
7
9.3
7
11.7
11.65
11.625
11.6
11.6
9.3
7
7
11.6
14
14
14
11.6
11.6
9.3
11.6
11.6
11.6
11.7
14
11.7
9.4
9.4
9.4
9.4
14
11.6
16.3
14
16.3
14
14
16.3
16.3
14
14
18.7
18.6
16.3
11.7
14
14
14
14
14
14
11.7
11.7
14
14
11.7
14
11.7
14
11.7
11.7
11.7
14
11.7
14
11.7
11.7
14
11.6
11.6
11.6
9.3
11.6
14
18.6
18.6
16.3
14
16.3
16.2
13.9
14
13.9
13.9
11.6
7
4.7
7
7
9.3
7
9.3
9.3
9.3
7
9.3
9.3
9.3
9.3
11.6
11.6
11.6
13.95
15.125
16.3
18.6
18.6
16.3
18.6
18.6
20.9
18.6
16.3
20.9
18.6
23.3
18.6
25.6
23.2
25.6
25.6
27.9
37.2
30.3
25.6
34.9
37.2
37.2
41.9
44.2
46.6
53.5
48.9
49
51.4
49
44.3
44.3
39.6
39.6
46.7
44.4
41.9
32.6
35
32.6
30.3
30.3
23.3
25.7
30.3
32.6
39.7
44.3
37.3
37.3
37.4
42
41.9
51.4
48.9
49
48.9
51.3
55.9
67.7
72.4
79.5
89.5
89.4
89.6
120.1
110.2
82.2
72.9
65.2
55.8
55.8
46.5
44.2
39.5
37.2
34.8
37.1
34.8
32.5
30.1
39.4
41.8
39.5
41.8
48.7
53.4
55.7
53.4
53.4
58.2
58.1
64.05
67.025
70
67.7
70.1
72.5
70.2
70.1
72.5
72.6
72.5
74.9
72.5
72.5
72.4
69.9
69.9
67.8
67.7
72.5
72.6
67.7
70.2
72.3
72.5
67.8
67.7
67.8
70
63
63
58.4
63.1
58.5
51.4
53.9
49.1
46.8
46.8
44.5
35.1
39.8
32.7
30.5
32.9
28.2
28.3
30.5
32.8
35.2
35.2
32.8
30.5
28.2
32.9
32.8
30.4
32.8
23.4
25.7
28.1
39.8
42.2
49.2
53.9
58.5
53.7
56.1
53.8
55.9
51.2
53.8
55.9
41.9
41.9
37.2
30.2
32.6
23.2
20.9
21
20.9
16.2
18.6
16.2
13.9
13.9
11.6
13.9
16.4
11.6
13.9
11.6
11.6
13.9
18.6
17.4
16.8
16.2
18.6
16.3
16.2
18.5
16.2
18.6
18.6
23.2
25.5
27.8
27.8
30.2
27.8
27.8
25.5
23.2
27.9
25.5
27.9
27.9
25.6
13.9
23.3
28
25.7
32.7
23.3
23.2
20.9
18.6
44.3
44.4
44.3
44.5
49
46.8
49
51.3
53.8
49.1
46.9
39.7
37.5
37.4
32.7
28
28.1
37.4
35
37.5
37.6
39.8
44.4
44.5
51.7
39.8
39.8
40
39.7
46.7
39.6
39.6
39.6
39.6
37.3
34.9
30.2
30.2
30.3
30.3
23.2
23.2
20.9
25.6
23.2
23.2
18.6
16.3
13.9
11.6
16.2
18.5
16.2
18.5
18.5
20.9
25.5
27.8
34.8
34.8
30.2
27.8
32.5
38.3
41.2
44.1
48.7
51.1
48.8
55.9
58.1
58.1
58.1
62.8
65.2
55.7
53.4
53.4
53.4
56
65.1
69.9
70.2
70.1
65.2
67.6
62.8
62.7
53.4
53.5
53.4
51.1
58.2
69.8
69.8
65.3
60.6
51.2
46.5
46.5
49
51.5
35
34.9
39.7
54.2
49.3
42
39.7
32.7
35
32.6
35
44.7
32.9
35.1
35.1
32.8
28
30.4
42.4
47.1
47
49.5
42.3
49.5
49.6
47
49.4
54.2
51.7
52
35.1
35.1
44.7
40.1
28
30.3
37.5
32.7
28
23.5
18.6
16.3
13.9
14
13.9
16.4
16.2
18.5
18.7
20.9
18.5
18.6
16.3
13.9
18.6
20.9
20.9
23.2
24.35
25.5
27.8
30.2
37.2
41.9
37.2
34.9
42
37.2
44.3
42
39.8
37.5
40.1
47.4
45.2
40
37.6
45.1
50.1
49.9
57.4
52.4
54.6
59.5
61.6
59.6
59.5
52
59.3
49.5
52.1
44.7
47.2
44.7
42.4
42.4
49.3
47.1
44.7
46.9
47
42.1
39.8
39.9
37.5
42.2
42.3
51.6
49.4
47
49.7
40.1
44.8
52
49.6
49.4
42.3
44.9
52.1
54.4
56.8
61.4
59
66.1
66.5
63.8
63.8
58.9
56.7
61.2
53.8
46.8
51.5
46.8
37.5
32.7
23.3
27.9
34.9
30.2
27.9
30.2
30.2
25.5
25.6
25.6
23.2
25.5
23.2
27.8
27.8
27.8
30.1
43.1
49.6
56.1
54
58.7
61.4
66.1
73.2
68.8
66.5
69.3
68.7
73.3
78.6
76.8
86.4
86
86.1
91
89
81.8
87
85
89.6
91.9
96.5
91.4
96.4
86.6
91.6
94.8
89.8
89.1
91.1
91.4
60.7
71.4
84.4
63.9
59.5
63.8
78.9
71.3
44.4
39.7
39.7
51.6
58.6
54
51.4
51.5
49.4
51.7
59
54.2
59.1
54.2
54.4
54.4
52.1
52
52.1
49.6
54.4
56.8
69.4
76.9
71.7
56.4
54.1
63.4
58.9
54
46.9
63.2
53.5
53.6
51.5
53.4
51
53.3
53.3
55.7
53.5
53.4
55.8
55.9
58.4
58.1
53.3
53.3
55.7
55.7
60.3
58.2
60.5
60.55
60.575
60.6
60.7
63.1
63.1
63.2
68.3
63.1
65.5
66.1
65.5
65.4
67.7
67.7
70.2
67.9
67.7
70
72.7
72.5
72.5
70
69.9
65.1
65.2
69.7
67.5
65
53.3
48.7
41.8
39.5
51.2
48.8
41.8
37.2
35
30.3
27.9
21
23.3
21
16.3
18.7
16.3
16.3
18.6
18.7
16.4
16.3
21.1
21
18.7
28
30.3
32.9
35.1
39.7
39.7
49.2
49.2
44.5
46.7
46.8
49.1
51.4
49
41.8
41.9
37.2
34.8
27.8
20.8
18.5
25.5
18.5
18.5
16.2
11.6
11.6
11.6
9.2
9.3
9.3
9.2
11.6
11.6
13.9
20.8
34.8
37.1
41.9
44.2
44.2
44.2
48.15
50.125
52.1
61.6
54.7
52.7
57.5
60.4
59.9
49.9
52.4
54.7
55.3
54.7
52.2
54.3
64.1
52.3
64.4
61.9
59.4
57.1
62.5
64.5
62.2
59.9
67.5
64.6
64.7
64.8
67.4
67.2
69.9
74.4
72.6
72.3
82
81.4
64.7
64.5
67.1
74.1
64.1
59.4
57
59.6
61.8
69.6
69.9
76.5
76.7
72.2
74.8
74.5
74.3
79.8
75
73
67.2
77.4
79.8
89.5
86.3
83.1
78.7
85.3
83.7
86.4
95.8
102.6
84.8
88.4
87.7
79.4
59.6
56.7
42.7
44.8
35.4
33.2
32.8
30.5
37.5
37.2
34.9
39.5
39.6
41.9
44.2
44.1
46.6
34.8
32.6
37.3
37.3
42
45.6
47.4
49.2
49.2
49.3
49.5
54.3
51.8
54.7
56.9
59.5
66.6
64.2
71.2
66.6
71.9
66.5
68.9
78.6
85.6
71.4
83.7
76.7
76.8
84.1
91.1
88.8
88.6
96.3
86.5
83.4
86.3
88.3
89.5
94.4
85.1
91.7
86.4
94.1
96
101
86.2
88.4
84.5
78.4
88.5
58.8
44.2
46.5
48.8
44.2
46.6
66.3
76.4
71.4
61.1
66.2
69
61.6
51.8
58.8
61.1
58.9
86.3
63.8
60.8
66
68
78.4
78.8
76.4
84.6
76.8
66.4
61.6
48.8
51.1
49.1
49.2
49.3
32.5
23.2
20.8
23.2
16.2
23.2
25.5
18.5
13.9
16.2
23.2
32.4
30.1
41.6
46.2
55.7
47.5
43.4
39.3
48.6
48.6
44.2
48.7
51.2
53.4
55.8
60.4
55.7
56
58.1
58.1
58.3
55.9
60.5
60.8
58.3
58.3
56.2
60.8
65.7
65.6
63.1
62.9
60.5
58.2
61
60.9
61
58.3
56.1
58.4
58.6
53.7
58.7
51.4
46.7
46.8
47
46.7
44.4
42
37.2
39.8
39.9
39.9
42.3
37.3
42.3
30.3
37.4
37.2
35
39.8
37.4
37.4
37.2
35
39.6
39.6
37.3
39.7
39.6
39.7
39.6
39.6
35
39.7
35
32.6
27.9
23.1
20.9
16.3
11.6
11.6
11.6
11.7
7
9.2
6.9
4.6
4.6
4.6
4.6
4.6
6.9
4.6
6.9
6.9
9.2
11.6
13.8
18.45
20.775
23.1
27.7
34.7
30.1
32.4
32.4
34.8
39.4
44
44.3
48.7
51.4
51.6
56.3
56.5
56
69
72.2
71.7
64
64.3
59.9
59.8
52.8
57.7
57.6
57.6
62.1
62.1
53.9
53.9
56.5
53.8
53.6
53.6
56.5
51.6
54
49.1
46.9
46.9
49.1
49.2
49.3
46.9
49.3
49
44.3
46.9
44.5
37.2
37.3
37.3
42.2
44.5
42
42
39.8
39.7
39.6
37.2
37.3
37.3
34.8
30.3
30.3
27.9
27.9
27.9
27.9
18.6
16.3
14
7
14.1
7.1
6.9
7
4.6
7
4.6
2.3
2.3
2.3
0
2.3
0
2.3
2.3
2.3
2.3
2.3
4.6
2.3
2.3
2.3
2.3
4.6
2.3
4.6
6.9
6.9
9.2
11.6
11.5
11.6
11.6
9.3
11.6
11.6
11.6
13.9
16.3
18.5
18.7
18.6
21
23.2
30.3
30.2
37.3
37.1
39.5
32.6
37.2
39.6
37.2
34.9
32.6
28
27.9
32.6
30.3
32.7
37.4
39.9
39.7
44.5
42
46.9
46.6
49.1
39.6
42
39.9
44.3
42
39.6
42
44.3
46.7
49
49.2
46.7
53.6
58.3
60.8
60.8
60.7
58.2
56.1
53.6
53.6
51.2
48.9
48.7
44.3
39.7
37.1
37.2
32.5
23.2
16.2
16.3
13.9
11.6
13.9
13.9
11.5
13.9
13.8
16.1
16.1
16.1
16.2
18.5
20.8
25.4
25.5
32.4
34.65
35.775
36.9
39.3
51
18.6
16.3
16.3
21.1
25.6
25.7
23.3
23.4
30.4
35.1
44.7
46.8
44.5
44.7
47.2
52.2
44.9
46.8
54.3
54.4
54.4
52
54.4
56.9
54.8
62
59.6
62.4
58.1
64.6
62
61.9
59.4
57.5
57.9
60
60.5
58
55.1
52.6
55.4
57.7
58.4
58
60.3
57.7
60.1
54.9
57.2
52.4
52.5
57.7
55.1
55.5
57.8
57.7
57.4
59.8
59.5
55.6
62.5
55
55.3
57.5
57.5
55
57.9
54.8
52.1
55.3
49.6
44.9
37.6
25.6
23.2
23.2
30.3
39.6
37.2
34.9
30
34.8
32.5
34.9
34.8
37
44.1
41.8
44.1
44
46.6
46.85
46.975
47.1
47.1
49.5
49.6
55.1
57.1
57.1
55.4
60
62.6
63.1
63
60.5
62.6
62.8
61.8
61.9
59.5
60
58.3
56.2
54.1
53.7
50.7
50.5
50.7
50.8
50.7
48.6
51.7
48.4
48.7
48
53.2
48.5
46
48
48.3
46.2
43
40.2
40.2
40.7
40.4
36
38.2
38.1
36.3
31.2
28.6
31.4
28.8
28.8
31.2
33.4
35.8
34.2
31.4
30.9
33.2
30.9
30.6
28.2
28.3
30.5
30.6
28.1
28
30.4
25.5
25.5
27.9
31.5
28
27.8
25.5
23.2
23.2
25.4
23.1
25.6
30.1
30.2
30.3
30.2
30.2
30.3
32.7
30.5
30.4
32.9
32.8
35.4
38.1
38.5
38.7
38.9
38.4
36.5
36.9
38.4
40.7
41
38.7
38.1
37.9
37.6
40.4
40.2
40.5
42.6
44.8
44.8
47.8
47.5
47.1
45
49.4
45
45
49.6
49.4
47
47.2
52.2
50
47.4
45
44.9
47.1
47.1
42.4
42.3
37.6
35.3
37.9
35.6
38.1
33.7
36.3
40.4
45.9
54.1
49.6
56.4
59.7
60.1
59.6
53.4
53.4
56.6
54.1
64.4
64.5
67.4
69.7
73.3
64.3
68.8
69.3
59.2
63.3
58.4
64.2
59.8
60.4
56
64
54.4
65.3
57.6
60.2
63.4
55.9
53.4
56.8
60.1
49.1
52.3
55
55.9
52.4
47.8
48.3
53
61
69.5
59.5
51.9
49.9
56.1
59.2
62.3
62.7
68.1
66.3
66.9
61.9
62.1
59.3
57
54
52.9
51.1
49
53.6
54.6
49.9
54.2
56.6
60.3
63.3
56
56.8
60.2
68.3
70.9
68.9
69.6
62
65.4
58.4
66.1
60.3
58.5
48.9
51.5
54.8
48.9
48.9
44.1
39.4
39.3
41.9
46
36.5
45.9
36.7
46.3
49.6
39.2
33.7
36.9
33.7
31.8
29.4
33.1
34.9
34.3
34.1
33.7
33.9
31.6
33.9
31.4
36.3
39
34.2
36
33.6
28.7
31.1
30.9
31.2
21
28.7
21.3
21.1
18.6
13.9
14
16.4
14
9.3
11.6
6.9
9.2
11.6
11.6
14
13.8
11.5
11.5
11.5
7
7
6.95
6.925
6.9
9.2
6.9
9.2
11.5
13.8
16.1
18.4
11.5
18.4
16.2
16.3
13.9
13.9
20.8
16.3
11.5
9.3
11.7
14
14
14
16.3
18.6
11.6
14
11.6
14
13.8
13.8
16.2
18.6
23.3
25.6
23.5
16.4
18.6
34.9
46.5
49.7
47.4
47.2
49.4
52.2
52.3
52.8
49.5
49.4
42.4
42.6
35.2
32.9
30.3
32.8
38.2
43.9
43.3
36.2
26
26.2
26
16.2
16.4
16.5
16.4
18.6
16.2
9.3
9.3
13.9
11.6
9.3
4.7
6.9
4.7
6.9
2.4
4.7
7.1
4.6
4.8
4.6
9.4
11.9
12
11.9
4.8
7.1
6.9
7
11.6
6.9
9.4
18.8
22.5
24.35
26.2
26.2
23.6
21
23.4
25.8
21
18.6
21.4
25.8
26
25.9
30.7
35.4
43
55.6
64.4
63.5
64.4
59.9
70.7
70.9
63.2
62.6
59.7
64.3
68.1
68.6
73.8
75.9
76
78.7
73.4
69.9
80.3
72.2
72.7
75.3
64
64.7
67.7
69.9
59.3
50.2
50.5
45.7
54.5
52
55.4
56.4
70.2
46.2
48.4
49.1
41.4
41.2
43.9
42
41.9
36.2
43.4
40.9
40.7
35.8
40.5
46.3
46.6
48.2
40.8
35
34.9
32.6
32.5
33.1
32.3
34.9
32.6
27.6
30.3
30
32.9
29.9
27.5
27.6
28.3
25.2
22.9
25.2
29.9
34.4
39.1
37.2
32.2
27.5
29.95
31.175
32.4
32.3
34.9
35.5
40.7
40.7
40.6
45.4
44.6
44.1
44.4
50.5
54.9
50.7
58
63
61.4
61.3
61.6
63.6
64.3
61.8
67.2
70.4
72.9
74.3
61.6
59.2
66.3
56.4
63.1
67.1
62.2
60.5
56.4
53.9
59.1
58
58.2
56.6
63.3
60.3
66.4
68.2
70.5
74
79.4
70.6
73
69.4
59.5
61.7
61.5
64.6
75.8
82.7
68.7
72.5
77.6
54.5
52
74.7
65.3
77
59.5
64.6
59.7
52
43.9
45.1
35.3
37.8
39.5
39.8
42
40.8
37.7
35.3
35.3
35.3
27.7
25.2
25.2
22.9
25.9
22.9
25.2
22.9
16
20.6
22.9
22.9
23
32.9
29.1
27.2
25.3
27.9
30.3
25.4
25.7
27.9
35.3
41.2
47.1
50.8
48.6
46.9
46.4
49.1
49.6
56.5
62.3
60.2
55.8
48.4
73.4
78.7
77.4
73.8
73.1
84.2
70.4
56.5
59.3
80.8
77.2
74.7
75.2
74
70.8
73.2
68.8
68.3
65.6
69.9
57.2
59.9
62.9
68.4
70.3
57.9
57.8
65.4
62.7
60.2
65.2
52.9
50.3
35.8
31.1
40.3
38.2
38.2
40.5
45.3
58.1
57.2
57.2
64.3
69.6
67
71.1
72.9
65.8
70.6
69
68.4
71.5
66.6
60.8
70.6
95.1
87.6
77.1
72.9
49.1
54.2
51.3
44
47.9
39.5
37.1
20.6
18.3
15.9
20.6
25.1
25.2
29.7
35.45
38.325
41.2
43.5
43.7
41.3
41.4
41.5
43.9
41.3
41.6
36.8
36.8
36.8
34.6
27.7
23
27.7
30.1
32.5
44.3
41.4
46.8
34.6
32.4
30.1
30.3
30.2
23.4
23.3
23.1
20.8
23.4
25.4
21
18.5
16.3
11.7
9.3
11.6
11.7
11.7
13.9
7.1
9.3
9.3
9.3
9.4
9.4
7
7
7
4.7
9.3
11.7
9.3
7.1
7.2
9.3
7.2
9.2
9.2
9.3
11.5
4.7
4.6
4.6
13.7
16.3
16
13.8
22.9
18.3
11.4
6.9
6.8
9.2
6.9
9.1
11.4
13.6
18.3
25.1
13.7
11.4
9.2
4.6
6.9
4.6
4.7
4.7
7
9.2
9.3
11.5
11.5
15
16.75
18.5
23.1
23
30
27.8
37
41.7
51.6
53.4
60.7
60.7
60.9
67.7
70.8
48.5
51.2
64.1
57.4
54.6
67.3
71.8
41.5
41.6
39.3
23.1
25.4
18.4
22.9
27.5
29.9
25.3
23
29.7
25.3
27.5
27.5
25.4
23
16.1
16.2
11.7
13.9
14
14
18.6
23.3
21.1
16.2
16.2
13.9
14
16.2
16.2
16.2
16.5
18.6
23.3
20.8
23.2
25.5
27.8
27.6
32.3
39.1
34.5
32.1
20.6
22.9
20.6
20.6
20.6
18.3
9.2
11.5
11.4
11.4
6.9
9.1
4.5
4.5
4.5
4.5
4.5
0.1
0.1
0
0
2.3
2.3
2.3
2.3
2.3
2.3
2.3
3.4
3.95
4.5
2.3
2.3
2.3
4.6
4.5
2.3
2.3
4.6
4.6
6.9
4.6
4.7
6.9
9.3
6.9
9.3
6.9
9.3
6.9
7.1
7
4.7
4.6
4.7
2.4
2.3
4.7
6.9
6.9
4.7
6.9
11.4
6.9
9.1
9.1
9.2
13.7
16
16.1
16.1
11.5
9.3
6.9
9.3
11.5
9.3
6.9
7
9.2
7
6.9
9.2
9.2
13.8
13.9
16.1
13.8
13.8
11.5
6.9
6.9
6.9
6.9
9.1
6.9
4.6
4.6
4.6
6.9
6.9
6.9
2.3
2.3
6.9
4.6
6.8
4.5
4.5
2.3
2.3
2.3
-2.2
0.1
0
-2.2
0.1
0.1
0.1
0.1
0.1
0.1
2.3
2.3
4.6
5.75
6.9
6.9
6.9
9.1
9.1
9.2
11.4
13.7
13.7
11.5
9.1
9.1
6.9
9.2
13.8
13.7
13.8
11.6
13.9
16.1
16.3
13.7
13.8
16.1
16.1
16.2
13.8
16.1
13.7
16.1
16.1
16
13.7
13.8
15.9
13.7
13.8
13.7
9.3
11.5
9.2
9.3
9.2
9.5
11.6
14
16.2
14.1
14.1
13.9
13.9
11.9
9.3
11.6
13.8
9.2
9.3
9.1
6.9
6.9
9.1
9.1
9.1
9.1
4.6
6.8
9.1
4.6
2.3
4.6
4.6
4.5
2.3
2.3
2.3
2.3
0
0
0
0
0
0
2.3
2.3
2.3
2.3
4.6
4.6
4.6
4.6
6.9
4.6
6.9
9.1
9.15
9.175
9.2
11.4
11.5
11.4
13.7
11.4
16
15.9
20.6
22.9
22.9
22.9
22.9
22.9
23
20.6
20.7
30.1
34.7
27.5
20.7
27.5
25.4
23.1
23.1
34.4
34.4
37
39.2
41.4
46.1
34.7
34.9
41.7
41.5
44
39.5
39.3
41.7
35.3
32.5
34.6
37
39.4
34.6
34.7
34.6
34.8
37.3
36.9
34.7
32.6
30.2
27.9
30
30.5
30.1
27.8
32.4
54.1
56.2
58.4
56.4
52.6
50.3
54.5
52.3
49.9
53.7
53.9
55.7
57.8
55.5
62.1
50.4
41.1
38.8
38.7
34.3
38.7
41
40.9
43.2
46.2
43.5
41
45.9
46.4
46.3
48.3
43.4
45.9
48.3
46.4
46.05
45.875
45.7
50.4
48.9
48.5
45.9
38.9
43.6
43.6
48.1
53.6
54.4
54.2
56.5
52.2
58
54.1
56.9
56.8
54
51.4
56.2
55.8
55.9
58.7
56.8
58.8
56.4
59.2
59.4
64.1
61.9
58.3
58.4
56
57.8
58.5
53.1
48.6
48.6
48.7
48.5
53.9
53.9
56.6
54.1
55.8
51.3
53.6
53.6
57
58.8
56.2
54.1
54.2
54.3
51.5
52.2
54
54
56.4
56.5
56.6
58.9
58.5
58
55.6
55.5
53.2
50.7
50.6
43.6
36.8
36.4
39.1
32
27.3
27.3
25
27.3
34.1
32
36.4
38.7
36.2
38.5
38.6
43.1
47.5
52.4
50.2
50.2
50.2
50.4
52.8
52.6
52.5
52.4
50.3
53.4
52.9
56
57.6
58.4
56.2
55.7
60
55.7
58.1
57.6
60.3
57.9
58
57.8
58.4
59.4
58
55.4
55.4
57.8
57.8
60.3
57.7
60
55.6
55.2
55
52.5
53
55.2
55.2
55.3
57.7
55.1
50.7
48.5
46.2
41.4
38.9
39.6
37
34.5
27.5
32.3
27.7
32.5
29.8
27.5
28.1
25.5
23.2
25.5
25.4
27.9
25.4
32.8
25.5
25.4
30.1
30.2
27.4
29.8
27.3
27.4
25
18.2
20.6
22.8
18.3
13.7
11.4
6.9
6.8
6.8
4.6
7
4.6
2.3
2.3
2.3
2.3
2.3
2.3
0
2.3
2.3
0.1
2.3
2.3
2.3
6.8
5.65
5.075
4.5
6.8
6.7
6.9
9.1
9.2
11.4
11.5
6.9
11.6
11.4
9.1
11.4
13.7
13.9
16.2
13.9
20.8
23.2
20.8
20.6
20.4
20.5
22.7
22.8
22.7
20.5
20.6
22.7
24.9
29.6
31.8
29.6
27
22.9
18.1
18.3
15.9
13.7
18.4
11.6
9.3
6.9
11.4
11.5
11.5
13.9
11.6
22.9
9.3
11.6
9.3
9.2
9.2
9.1
9.2
9.5
9.2
9.1
13.8
11.4
9.2
6.9
4.6
4.6
4.6
6.8
6.7
2.3
4.5
4.5
4.6
2.3
0.1
2.3
2.3
2.2
2.2
2.2
2.2
2.2
0.1
2.3
6.7
6.8
6.8
6.8
6.8
9.1
6.8
11.4
9
11.3
11.4
11.4
11.4
11.4
15.9
18.2
20.5
13.8
9.2
4.6
20.7
22.7
25
20.4
23
25
25.2
27.3
25
29.6
34.6
32.1
29.6
27.5
27.4
27.6
27.5
34.2
34.6
27.3
29.7
27.6
29.8
27.3
27.3
25.2
27.5
29.8
22.8
25
29.8
22.8
18.2
13.7
16
13.7
13.7
16
13.7
20.5
22.7
20.5
18.1
18.1
18.4
18.4
20.8
18.5
20.8
32.6
42.5
44.7
40.4
43.8
47.8
43.5
51.1
45.6
45.1
56.5
47.7
49
48.4
43.1
42.9
50.7
45.8
47.9
52.5
49.1
47
49.5
52.3
54.8
50.4
53.1
55.9
58.3
61.2
63.7
61.7
62.1
61.7
56.5
62.1
58.8
73.1
73.55
73.775
74
86.1
94.1
76.6
74
72.6
70
78.6
66.9
78.9
73.8
79
73.4
74.6
79.2
81.2
83.3
91.2
85.1
71.2
67.3
68.2
60.6
66.1
68.3
69.9
70.8
71.1
72.3
74.7
68.2
65.8
65
55.9
55.7
62.5
53.4
48.8
51.7
53.7
51.5
48.5
48.6
46.3
43.6
43.6
43.3
43.9
39.5
53
46.2
41.6
39
48.6
50.7
48.6
43.8
38.9
40.9
41.1
41.1
48
50.3
41.3
45.6
50.7
52.6
55.5
52.5
45.5
49.8
36
34.1
31.8
24.6
31.3
26.9
11
13.2
11.1
6.8
6.6
13.2
19.9
6.7
4.4
6.7
4.5
11.2
6.8
6.7
4.6
9.1
9
10.05
10.575
11.1
11.1
15.6
15.6
17.8
24.6
22.4
29.6
20.2
26.9
22.3
24.7
22.4
29.2
24.8
26.9
29.6
24.6
24.9
24.7
26.9
29.2
31.3
31.4
33.8
29
28.9
31.7
24.8
29.3
31.6
31.5
31.5
33.7
36.1
31.6
29.3
31.6
24.8
34
34.2
27.1
33.9
29.5
25.1
29.5
32
25.2
27.1
27.3
22.9
23.1
25.2
24.8
27
22.6
27.4
27.3
24.9
22.7
31.7
20.5
27.1
20.5
24.9
22.8
22.9
22.5
22.5
18.3
20.6
18.6
13.5
15.8
15.8
11.3
11.1
6.7
6.7
4.5
4.4
4.5
0.1
2.2
2.2
4.6
2.3
2.2
2.2
2.3
11.9
6.6
4.5
2.3
3.4
3.95
4.5
8.9
8.9
11.1
11.1
8.9
11.2
18.6
18.1
18.2
20.7
18.3
16
16.2
18.5
24.9
25.2
31.7
31.9
31.3
38.3
38.5
41.3
39.1
37.2
41.2
42.8
42.7
49.6
52.4
45.8
44.4
47
50.3
40.6
49.6
49.4
46.7
43.1
47.2
49.1
46.2
41.2
47.8
45
41.3
41.5
43.8
43.7
39
39.2
42.5
45.9
47.4
42.2
45
48.8
50.1
40.7
35.8
38.5
45
40.4
43.9
40.6
44.6
45
48.6
52.8
45.6
44.1
32.5
32.3
41.9
37.8
34.8
33
34.7
35.2
36.4
35
34.5
27.7
30.2
31.4
31.5
29.3
29.2
27.7
37
34.5
33.9
34.3
31.8
35
36.6
38.2
39.5
36.8
38.8
41.2
41.2
38.5
40.9
40.7
43
38.7
41
41.4
44.4
44.6
37.8
48.2
47
45.2
44.4
44.4
44.9
51.7
54.9
54.1
53.1
58.4
67.3
57.1
52.5
55.6
52
61.5
64
66.8
61.5
63.5
64.9
57.2
65.8
66.3
61.5
66.2
63.4
59.3
74.7
60
54.9
63
57
55.4
66.8
61.3
63.2
65
58.4
59
51.8
59.2
60.5
62.7
60.4
57.8
60
66.7
62.3
74
72.1
68.9
62.9
53.6
57.6
52.4
49.5
52.1
58.1
44.7
33.3
33.1
28.6
26.4
21.9
20.1
15.3
13
15.3
19.9
21.8
26.3
24.1
19.7
15.4
17.5
19.9
24.3
26.5
28.7
31.4
22.3
22.2
26.7
28.9
33.6
28.8
35.5
33.1
35.4
30.9
33.1
39.8
42.1
44.5
42.2
40
42.2
42.3
44.8
49.2
54.1
56.4
52
58.5
56.3
59.2
57
59.4
56.6
56.7
63.3
54
49.9
54.5
70.2
68.7
72.1
67.5
59.8
58.9
54.2
57.5
46.9
45.1
42.5
37.4
40
44.8
44.4
39.1
39.6
39.6
39.4
37.5
42
37.9
43.8
43.7
43.6
41
40.8
40.8
42.9
36.2
38.1
35.7
33.4
35.6
37.6
42.4
48.7
41.9
39.7
28.6
24.1
15.4
11
15.3
19.7
13.1
15.3
13.1
17.4
19.6
19.7
30.7
19.8
19.7
19.6
19.7
24.1
21.9
22
22.05
22.1
24.2
24.2
26.5
31.1
31.2
33.2
33.4
33.2
33.2
33.3
35.6
39.8
47.3
44.5
42.3
49.1
56.4
51.4
56.5
56.9
54.6
53.9
53.7
58.3
56.4
58.8
61.6
69.2
64.4
59.3
50.3
50
54.8
54.6
55.8
55.2
58.1
58.5
60.5
51.1
48.4
53.4
55.7
54.7
51.3
72.3
71.6
65.3
67.7
65.2
60.8
67.5
65.1
70.3
68.3
60.9
60.4
54.2
56.6
71.5
63
65.5
78.7
70.2
75.6
74.2
77.5
69
74.4
79.9
59.2
48.8
55.4
41.4
41.3
43.7
41.7
44.2
41.7
39.7
43.6
45.8
48.4
46.7
47.1
50.4
48.5
57.1
65.8
65.8
52.7
58.6
55.2
54.55
54.225
53.9
55.2
55.3
52.7
53.7
81.8
55.7
55.7
65.9
59.5
52.5
45.9
41.6
46.2
43.8
43.7
41.7
44.2
41.8
39.9
33
30.6
30.7
44.8
40.5
45.1
35.9
31.4
34.1
38.4
26.8
31.1
36.2
36.1
36.3
41.2
38.7
38.3
31.5
26.9
36.2
33.9
33.5
33.7
33.7
36.2
35.9
42.7
45.1
40.6
38.3
33.4
36
38.1
33.7
38.1
35.9
38.3
33.8
38.3
42.8
36
47.6
42.8
40.7
38.4
40.2
38.1
33.6
31.2
29
31.4
28.6
26.4
24.1
24.8
26.6
17.4
24.1
24
21.8
24.1
21.8
24.2
19.8
30.9
37.4
40.1
35.4
30.9
41.7
53.6
47
51.7
50.35
49.675
49
55.8
58.4
54.5
52.1
63.8
64
57.2
54.9
54.8
63.7
70.9
63.6
64.1
70.2
68.3
68.7
68
73
75.8
77.5
78.2
91.5
103.3
110.7
110.4
104.4
111.3
132.3
118.1
104.8
102.8
109.8
114.2
109.6
91
82.3
81.2
70
57.8
62.7
58.4
44.4
58.9
56.5
58.8
75.1
80.8
80.3
73.8
74.5
86.3
97.8
99
106.7
112.7
125.5
119.8
135.8
138.39999
132.3
143.39999
142.39999
133.89999
155
144
146.5
134.60001
133.39999
137.7
141.39999
129.89999
116.5
107.4
134.5
117.6
71.9
68.7
80.1
80.2
62.2
58.9
62.2
66.9
70.2
73.1
78.3
84.2
94.8
89.3
79.2
94
101.4
100.1
88.25
82.325
76.4
119.3
124
93
90.8
100.1
100.5
110.9
116.8
111.8
132.10001
142.10001
124.7
122.9
142
147
159.60001
145
130.3
122.7
116
113.5
139.89999
135.60001
126.8
126.5
150.5
159.2
141.3
87.4
94.5
78.2
77.1
71.6
74.1
67.6
65
66.9
64.2
60.1
62.9
52.8
48.5
50.9
55.8
58.3
51.5
58.6
61
68.1
61.7
51.8
56.2
58.5
74.4
66.2
71.4
66
80.9
66.4
66.7
69.8
75.5
84.2
92.7
97
94.7
131.10001
103.9
119.6
95.4
102.7
76.9
69.7
64.7
84.4
74.7
59.7
59.6
48.6
46
53.2
47.9
44.5
50.8
46.1
52.6
55.5
57.2
65.7
56.5
55
60.3
67.3
66.75
66.475
66.2
71.1
55.1
65
54.4
57.2
57.3
62.1
73.8
81.9
64.1
58.9
66.7
76.7
88.7
81.1
66.5
68.6
73.9
68.5
68
100
112.5
106.7
98.5
92.1
90.4
77.6
74.4
72.1
69.9
61.4
54.4
45.8
37.3
48
45.8
43.9
37.1
33.1
37.3
33
35.2
35.1
39.8
35
37.4
39.5
48.2
46
44.1
39.4
34.9
47.9
39.2
34.9
41.4
41.5
43.6
39.1
43.5
50
41.2
24
24.1
28.6
26.4
19.9
15.4
15.4
22
15.4
13
11
8.8
8.8
4.4
2.3
2.3
2.2
0.1
0
0
-2.1
0
-2.1
0
0
0.1
0.1
0
0
2.2
2.2
2.2
2.2
2.2
2.2
4.3
6.5
6.5
8.6
11.1
13.1
8.9
10.9
13.3
15.4
13.1
17.5
19.8
21.9
15.2
19.7
21.7
19.6
19.6
22
24
26.2
28.4
30.6
32.9
32.9
35
45.9
48
50.3
50.8
53.2
56.5
55.8
51.2
46.2
46.4
46.3
44.2
41.8
45.9
44
44.2
39.6
39.5
30.5
28.4
24
28.4
30.6
34.9
46.4
46.3
34.8
39.3
82.7
93.9
80.4
92.3
93
96.8
114.1
110.7
113.1
103.2
92.9
81.4
75.6
80.7
78.1
81.8
69.4
63.1
58.4
50.6
49
48.8
51
49
47.5
45.7
45.9
48.7
48.6
51.4
58.8
59
63.8
64.5
65
64.8
73.4
80.25
83.675
87.1
93.3
93.9
93.4
100.2
92.7
95.4
91.9
81.6
89.7
94.9
62.2
58.3
59.1
59.9
53.5
58.1
59.6
54.6
51.8
58.6
51.7
56.3
58.8
53.6
53.6
58.4
61
61.1
57.5
59.8
60.4
65.4
56.9
59.3
68.1
58.7
51
51.2
58.5
44.1
40.3
44.6
44.3
42.3
46.6
38
37.8
49
40.1
45
38.4
35.5
42.4
42.9
40.2
44.9
42.3
40.2
40.2
37.7
38.1
37.9
40.1
44.2
39.7
40
42.3
42.2
42
35.3
30.7
28.5
34.7
30.7
15.2
13
10.8
10.8
8.7
2.2
2.1
-2.1
-2.1
-2.1
-2.1
0
2.1
-2.1
-2.1
-2.1
0
2.1
0.1
0.1
0.1
0.1
2.2
4.3
8.8
4.4
4.5
15.3
6.5
8.8
6.5
11
13.2
10.9
8.7
13
13.1
8.8
13.1
21.9
15.4
13
15.3
19.8
13.1
13.1
11
19.7
19.6
15.2
13.1
15.4
21.8
17.5
24
24.1
15.4
17.7
10.9
11
13.2
17.6
24.1
35.3
26.3
26.3
33
21.9
21.9
15.4
15.4
13.1
15.3
19.8
21.7
15.3
17.5
13.2
13.1
17.5
15.3
15.3
13.1
15.2
8.8
8.7
10.8
10.9
10.8
8.7
8.6
8.7
6.5
6.5
4.3
4.4
6.6
2.2
0
0
2.1
2.1
2.1
4.3
0.1
4.4
6.6
8.7
6.6
8.7
13.4
11
10.9
13.1
15.2
16.35
16.925
17.5
17.3
17.3
17.3
19.6
19.6
24
15.2
17.3
12.9
23.9
21.9
25.9
28.2
30.4
25.9
25.9
32.7
34.8
34.8
32.6
32.5
28.3
34.9
41.3
43.8
44
30.3
30.3
41.8
41.6
37.2
35
40
39.5
37.5
43.9
24
19.5
28.3
21.6
23.8
23.9
40.2
32.8
35.3
35.5
32.6
36.9
35.2
33.3
35.4
38
35.1
45.2
44.8
44.6
39.7
52.4
33.1
39.4
39.4
39.4
30.6
30.9
26.2
33
37.7
33.3
46.3
30.7
28.4
34.7
30.3
28.1
23.8
19.4
17.4
19.4
17.3
19.5
17.2
17.2
19.4
19.4
19.4
21.8
21.6
19.6
23.9
21.8
26
23.9
26.3
26.25
26.225
26.2
23.8
24
28.3
30.7
35.2
35.6
32.9
37.4
39.4
46.4
46.2
41.9
40.2
42.7
44.2
42
39.6
42.3
46.1
39.8
32.7
44.1
39.4
39.7
46.5
44.7
43.9
48.5
50.4
60
61
60.8
57.7
57.5
51.4
53.5
60.2
65.8
69.3
59.6
63
60.6
60.3
45
49.3
44.3
46
51
53.3
52.9
50.2
60.1
64.6
70.1
62.3
55.3
55.8
55.7
60.2
50.4
45.9
46.7
53.4
52.5
49.7
52.1
62
48.4
46.7
46.8
41.6
41.1
43.4
41.4
39.1
38.9
32.1
34.5
38.6
36.5
44.8
42.7
42.7
44.8
44.8
47.6
40.7
34.1
32.1
29.9
38.7
38.8
32.4
32.3
32.25
32.2
43.2
34.5
32.1
29.9
27.9
27.8
32.2
27.9
25.7
34.4
36.5
36.5
40.8
40.8
43
40.9
45.4
43.2
45.2
47.5
47.4
50.1
40.8
40.9
36.8
38.8
38.9
43.2
47.4
45.5
43.4
41.1
43.2
43
43.1
38.8
34.5
41.2
37
38.9
34.8
32.4
32.5
30.6
30.3
32.4
30.4
30.4
30.4
30.4
28.1
32.6
39
39.2
37.1
34.8
32.6
34.8
37.3
32.5
28.1
30.5
32.4
37.3
42.2
30.5
28.1
32.6
25.9
32.5
40.4
49.9
42.3
36.1
33.7
26.3
19.6
17.4
15.2
6.5
4.3
4.3
2.2
2.2
2.1
4.2
4.3
4.3
2.2
6.4
4.3
4.3
4.3
6.4
7.45
8.5
8.6
12.8
8.6
6.5
10.7
19.2
12.8
10.7
17.1
21.5
19.3
19.4
21.5
19.4
28.3
30.6
37.2
33.5
30.1
30.1
34.4
36.5
45.4
47.4
56.9
54.2
52.4
54.4
54.4
58.8
54.4
51.9
47.7
45.3
43.3
45.7
43.5
41.4
39.3
37
36.9
34.8
30.4
28.4
28.2
26.3
28.1
28.2
30.3
26
28.1
28.3
28.3
28.2
28.2
32.8
30.2
30.4
32.6
34.7
38.9
40.9
36.6
38.8
32.4
28.1
27.9
30.1
28
25.8
21.5
17.1
12.9
17.1
12.9
8.5
6.4
4.3
4.3
2.2
2.2
2.2
2.2
2.1
2.1
2.1
2.1
4.2
4.2
4.2
4.2
8.5
6.4
8.5
9.55
10.6
8.5
10.7
39.9
42.4
39.9
44.9
43
47.2
56.2
52.2
45.6
50
61.7
68.2
67
59.6
65.3
61.8
64
64.8
68.5
69.2
58.3
58.2
60.5
60.1
67.2
63.3
64.6
65.8
61
58.7
56.1
55.9
53.7
58
55.8
62.3
56.1
58.1
56.3
49.4
61.2
49.7
47.8
56
50.5
43.6
41.2
43.7
45.7
48.1
47.9
41.4
43.5
48
48.1
47.9
52.5
58.6
53
57.1
55
58.1
57.3
42
66.6
51.4
50.5
46.1
43.6
43.1
45.6
45.9
40.4
30.4
29.7
23
23.1
23.1
12.5
14.8
10.4
12.5
8.3
8.3
12.6
14.8
14.6
16.7
21.5
20.9
23.2
22.15
21.625
21.1
25.3
27.2
27.6
25.5
29.8
27.6
32
27.6
27.6
34.4
29.7
25.7
27.4
31.8
38.6
45.6
47.3
54.9
61.2
63.7
60.4
64.3
71.9
67.8
74.2
72
67.2
82.9
71.4
69.9
67.1
62.7
62.5
65.1
60
62.2
38
33.5
29.6
21
31.5
29.7
23.1
16.8
16.8
25.3
25.3
21.1
18.9
16.8
19
23
23.2
23.2
29.6
51.1
63.1
76.7
91.5
94.7
97.3
97.4
99.5
94.3
89.4
119.9
132
117.4
135.10001
141.7
137.60001
127.5
116.1
57
55.3
55.6
72.2
56.1
45.5
49.6
48.3
44.3
42.1
46.5
31.1
24.8
24.9
27
20.7
26.8
30.9
39.2
45.5
40.35
37.775
35.2
37.2
45.5
47.8
49.8
64.4
51.8
54.3
58.2
62.8
60.5
60.6
60.5
64.5
58.2
56.1
56.3
56.6
54.6
52.1
50.2
48.1
47.8
49.9
47.9
45.7
52.1
54.4
45.9
41.6
43.9
48
40
33.6
37.7
33.5
33.6
29.5
31.5
21.1
16.9
16.9
16.9
17
21.4
17
19.2
12.8
23.2
23.2
21.1
21.2
23.2
19.1
16.9
16.8
14.8
14.8
21.1
23.2
25.2
23.1
23
23.1
27.4
25.1
23
22.9
25
16.6
16.8
14.5
12.5
8.4
6.3
6.3
6.2
6.2
4.2
6.2
4.2
2.1
4.2
4.2
4.2
4.2
2.1
2.1
0
2.1
4.2
2.1
4.2
4.2
5.2
5.7
6.2
8.4
6.3
6.3
6.2
6.3
10.4
8.3
10.4
14.5
16.6
22.7
20.8
12.5
14.5
22.8
18.8
22.8
20.9
20.8
24.9
29.2
25.3
25
20.8
22.9
22.9
16.7
18.7
16.7
20.8
18.8
16.6
18.7
18.7
18.7
16.7
14.6
14.6
14.7
12.5
10.4
14.6
12.5
14.6
14.6
14.6
12.5
8.4
8.3
8.3
6.3
10.4
12.5
8.3
10.4
14.5
14.5
12.5
8.3
8.3
6.3
6.3
4.2
8.3
4.1
6.2
6.2
6.2
6.2
6.3
6.2
6.2
4.1
6.2
4.1
2.1
4.1
2.1
4.1
2.1
4.1
2.1
12.4
14.5
10.3
16.6
16.5
12.4
14.6
12.5
18.7
22.9
29.2
25.9
24.25
22.6
26.8
31
33
35.1
33
37.2
39.2
43.4
37.1
43.3
37.1
39.3
43.3
43.4
51.8
47.5
58.1
62.8
63.4
67.9
72.6
81.8
114
100
67
62.7
58.2
57.9
47.4
41.3
45.6
37.3
33.4
29
31.2
27
29.2
20.9
19
18.7
16.8
16.9
18.9
19
18.9
23.3
14.7
12.6
14.7
19
14.7
17
16.9
16.8
25.7
19
18.9
21
18.8
20.9
18.9
14.6
18.7
20.9
16.6
16.6
18.7
16.6
16.5
18.7
16.6
14.4
14.5
10.3
16.5
12.4
14.5
14.4
14.4
14.4
10.3
10.3
12.3
10.3
10.3
12.4
12.4
10.4
10.3
10.3
10.3
8.3
10.4
13.5
15.05
16.6
22.9
20.9
18.7
18.6
20.7
16.6
16.5
12.4
16.6
18.9
18.7
20.7
22.9
29.5
22.8
27.2
25.2
27.5
31.3
29.4
24.9
29
29
31.5
25.2
36.1
31.3
33.7
35.7
35.4
29
29
35.7
35.5
33.8
38.3
37.8
41.7
37.6
37.6
50.4
50.8
51
46
48.3
46.1
46.3
44.3
41.9
44.1
54.6
46.6
44.3
39.9
44
50.3
50.4
64.5
57.4
59.4
57.5
66.8
78.5
56.6
54.8
56.5
56.5
60.8
56
56.2
47.8
43.3
65.9
75
54.6
52.2
61.1
58.7
34
29.1
33.1
33.7
35.4
22.7
16.4
18.6
18.6
14.4
16.6
12.5
14.5
12.4
12.4
13.45
13.975
14.5
14.4
14.5
18.8
16.6
18.6
22.7
22.9
18.8
22.8
24.9
23
24.9
22.9
27.1
29.2
33.2
33.5
29.3
31.4
29.3
33.3
37.5
50.3
52
45.8
46
42.1
48.2
48.2
52.6
46.4
56.7
63.2
69.7
58.8
52.7
56.8
58.8
57
55
64.1
64.2
61.8
55.3
57.8
55.8
42.6
51.5
42.6
58.4
42.3
59.8
49
60.4
51.1
62
65.3
57.8
55
57.8
55.4
55.4
53.4
51.4
51.4
51.3
53.6
53.1
51
41.5
41.6
41.4
37.1
39.8
35
37.2
26.7
22.6
18.6
18.5
12.3
14.3
14.3
14.4
18.5
24.7
26.8
26.7
26.7
28.7
30.9
33.1
37
42.2
44.8
47.4
54.4
63.3
71
84.8
105.4
100.4
87.4
90.4
92.3
99.9
108.7
110.3
127.6
130.39999
129.89999
144.5
148.8
121.2
108.6
106.2
110.5
121.5
111.2
103.4
142.3
141.10001
99.3
78.2
76
71.1
68.3
66
57.6
53.7
56
58.6
49.8
49.7
45.5
39.1
41.3
43.8
43.8
39.6
41.8
52.3
47.9
43.8
53.8
57.9
62.4
62.9
64.2
62.6
60.2
76.7
70.2
49.8
43.4
43.4
43.4
45.4
45.5
47.8
53.8
51.6
43.3
45.3
53.8
45.4
39
34.9
32.8
24.6
22.6
20.5
20.5
26.7
18.4
14.3
16.4
16.4
14.3
12.3
14.3
12.3
14.3
18.4
18.3
20.5
24.6
24.5
28.6
29.65
30.175
30.7
32.7
32.7
34.8
36.8
36.8
38.9
36.9
39
45.1
45
43
49.2
51.2
53.3
57.5
59.7
55.5
57.8
59.7
63.9
61.8
59.8
63.8
65.9
65.9
67.9
65.8
74.1
76.5
72.3
74.3
72.3
64.1
51.5
47.6
58
51.8
51.8
45.7
45.8
47.6
35.2
39.5
45.5
37.3
39.3
41.3
43.5
39.3
45.4
43.8
60.2
54
58.2
71.5
81.2
83.7
80.1
80.5
81.3
85.8
97.8
103.5
112.7
117.6
114.5
119.4
133.8
107.1
108.7
107.7
92.7
105.8
84
81.3
78.7
78.8
68.2
59.1
58.7
55.5
49.2
54.8
63
54.5
54.7
59.7
56.4
57.4
54.7
62.5
65.8
81.1
95.5
102.7
109.9
122.3
109.8
108.6
112.2
107.1
125.5
109
102.9
110.2
101.7
104.8
103.4
106.2
96.1
100.6
105.2
100.4
121.4
136.8
130.2
142.60001
151.3
149.8
165.5
156.39999
138.7
145.89999
126.4
105.2
104.3
112.9
122.8
114.9
125
101.5
100.7
99.8
88.8
92.5
73.1
66.6
73.1
81.9
70.9
49.6
53.9
56.1
56
62.7
56.4
58.5
59.2
54.3
61
71.7
76.9
65.6
68.6
66.9
62.9
53.5
65.6
67.7
83.4
110
100.5
87.6
57.7
45.7
42.7
40.4
36.2
33.8
34.2
30.2
29.5
29.5
31.7
33.2
33
28.7
26.6
29.1
27.1
24.6
22.4
20.4
20.4
20.4
16.3
16.3
18.3
18.3
20.35
21.375
22.4
22.4
16.3
22.5
22.5
28.7
31
38.2
40.3
42.3
42.5
44.2
41.6
47.9
47.1
45
49.1
49.1
51.3
45
40.7
47
51.2
49
55.4
59.7
60.1
47
51.4
53.9
47.4
37.2
45.9
48
50.1
52.4
46.4
41.4
37.9
27.1
29.4
38
35.4
43.9
39.9
37.9
33.8
35.7
39.9
35.9
29.3
29.6
27.3
12.6
19
18.9
25.2
25.3
16.6
19.2
23.3
18.7
21
16.7
12.4
18.6
26.8
22.8
20.7
20.7
14.4
16.4
18.4
18.4
18.5
8.1
14.5
12.2
8.1
8.1
8.1
10.2
8.1
8.1
8.1
8.1
10.2
10.2
10.2
10.2
12.2
8.1
12.2
14.4
14.35
14.325
14.3
16.4
18.3
22.4
26.4
24.4
26.4
28.7
36.6
42.7
46.9
38.7
30.5
34.7
32.5
36.6
40.6
50.9
55
48.9
48.9
45.2
40.9
40.9
43
51.1
49
47.1
51.1
45.1
47.2
39.1
34.9
33.1
28.7
26.7
24.6
18.6
16.5
20.7
20.7
26.7
24.7
22.6
22.7
22.6
22.5
26.8
43.1
51.5
43.3
35.1
33
43.4
41.3
45.6
49.8
45.5
50
47.9
50.2
50.2
54.5
63.2
63.4
61.4
61.3
65.4
63.6
55.8
49.9
52
52.2
56.1
52
45.4
43.3
45.4
45.6
47.6
45.1
45.4
40.9
51.6
48.3
43.2
45.3
43.3
45.5
45.6
47.4
47.4
45.4
45.5
43.25
42.125
41
43.1
43.2
45.1
47.4
49.2
45.3
47.5
51.8
51.9
49.2
44.9
44.9
46.8
46.8
50.8
42.7
46.7
40.6
49
45.4
49.6
56.3
51.6
53
60.1
55.2
46.7
40.7
42.9
55.4
58.7
49.8
52
32.9
58.6
57.1
47.7
41.4
43.6
41.8
37.3
35.4
35.3
35.2
31.1
35.3
37.6
31.1
39.6
39.5
37.3
28.8
41.6
43.5
41.5
47.6
39.5
38
43.7
52.5
48.3
48.6
50.3
52.4
52.3
52.5
54.5
52.4
50.4
52.5
50.1
56.7
59.1
56.5
51.9
49.7
49.1
49.6
47.7
42.8
42.8
46
39.9
32.4
34.4
34.5
36.7
32.7
30.3
28.3
30.3
34.4
36.5
34.45
33.425
32.4
30.3
34.4
32.3
34.4
42.5
44.9
34.5
36.8
41.4
41.5
37
41.2
43
50.3
52.7
43.7
43.8
50.5
48.2
43.4
39.1
52.6
52.7
53.1
50.5
54.5
57
37.7
42
39.7
42
33.5
39.8
35.4
45.8
31.1
28.7
41.2
45.6
33
22.7
26.9
29
22.6
28.9
29.2
21
22.8
20.7
29.3
20.7
29.2
31.3
24.9
29.3
22.9
23.1
18.7
22.8
29
33.1
45.5
43.5
41.3
35
39.2
38.9
36.9
36.8
39.1
41.1
33.1
32.9
32.8
34.7
30.5
32.6
32.7
26.6
26.5
18.2
14.2
14.2
20.4
18.2
18.2
18.2
16.2
14.1
16.1
14.2
16.1
16.2
18.2
19.2
20.2
22.2
26.4
24.3
28.3
30.4
38.5
42.7
44.9
44.7
47.2
42.9
41.1
57.2
55.2
53
53.1
53
57.3
49
49.4
57.4
55.6
59.7
66.1
70.4
74.4
70.4
68.3
57.7
57.5
53.5
55.7
57.6
57.7
55.8
57.9
55.8
49.4
47.4
51.8
49.9
51.9
47.7
55.9
51.8
50.1
49.8
49.9
49.8
51.6
47.6
39.1
35.1
37.4
47.5
45.3
43.6
51.9
60.3
58.1
62.4
64.9
65
71.5
64.5
62.2
66.8
66.8
67
71
66.5
62
61.9
57.6
57.3
55.3
55.4
34.8
22.5
18.4
16.2
26.3
34.5
28.4
16.2
16.2
14.1
12.1
16.2
14.1
10
20.3
20.2
29.25
33.775
38.3
36.4
44.6
48.6
50.6
54.8
50.8
48.7
51
57.3
57.2
59.8
59.8
61.9
64.2
68.8
71.1
75.3
71.1
71.2
66.8
73.2
84.4
93.9
108.6
131.7
122.6
108.4
112.4
87.8
64.6
70.8
63.1
56.5
58.7
65.3
51.5
40.8
30.5
40.8
41
56.3
24.6
34.7
36.9
24.7
28.7
35.5
26.6
33
43.5
45.9
39.4
45.9
45.6
43.7
45.6
52.4
41.5
45.8
50.2
45.9
52.6
48
45.6
45.4
47.6
47.5
49.6
51.7
51.7
48.9
47
40.5
42.7
38.5
30.3
34.4
24.2
24.3
24.5
16.1
14.1
12.1
8.1
8.1
6.1
6.1
4
6.1
6.1
6.1
6.1
8.1
8.1
8.1
8.1
6.1
14.2
12.1
12.1
10.1
12.1
12.3
10.1
12.1
20.3
18.3
18.3
30.7
30.6
34.9
34.8
32.6
34.5
30.6
34.5
34.5
43
49.1
41.2
38.8
41.1
41.2
51.5
53.3
49.6
43.5
45.6
37.4
45.5
43.7
43.4
54.2
43.7
25.1
30.9
33.2
41.4
31.3
14.5
20.8
31.1
33.1
28.9
37.3
31.2
22.8
31.3
14.5
18.9
16.6
25
31.3
31.5
37.6
43.7
35.4
43.9
46.1
41.9
46.4
50.1
51
50.4
55
50.6
45.6
37.3
41.3
48.2
30.7
28.6
16.3
16.3
20.5
10.2
4
8.1
8.3
6.1
4.1
2
2
2
2
2
0
0
0
0
0
0
2
2
17.95
25.925
29.9125
31.90625
32.903125
33.4015625
33.65078125
33.775390625
33.8376953125
33.86884765625
33.884423828125
33.8922119140625
33.8961059570313
33.8980529785156
33.8990264892578
33.8995132446289
33.8997566223145
33.8998783111572
33.8999391555786
33.8999695777893
33.8999847888947
33.8999923944473
33.8999961972237
33.8999980986118
33.8999990493059
33.899999524653
33.8999997623265
33.8999998811632
33.8999999405816
33.8999999702908
33.8999999851454
33.8999999925727
33.8999999962864
33.8999999981432
33.8999999990716
33.8999999995358
33.8999999997679
33.8999999998839
33.899999999942
33.899999999971
33.8999999999855
33.8999999999927
33.8999999999964
33.8999999999982
33.8999999999991
33.8999999999996
33.8999999999998
33.8999999999999
33.8999999999999
33.9
33.9
33.9
33.9
33.9
33.9
33.9
33.9
33.9
33.9
33.9
33.9
33.9
33.9
33.9
33.9
33.9
33.9
33.9
33.9
33.9
33.9
33.9
33.9
33.9
33.9
33.9
33.9
33.9
33.9
33.9
33.9
33.9
33.9
33.9
33.9
33.9
33.9
33.9
33.9
33.9
33.9
33.9
33.9
33.9
33.9
33.9
33.9
33.9
33.9
33.9
33.9
33.9
33.9
33.9
33.9
33.9
33.9
33.9
33.9
33.9
33.9
33.9
33.9
33.9
33.9
33.9
33.9
33.9
33.9
33.9
33.9
33.9
33.9
33.9
33.9
33.9
33.9
33.9
33.9
33.9
33.9
33.9
33.9
33.9
33.9
33.9
33.9
33.9
33.9
33.9
33.9
33.9
33.9
33.9
33.9
33.9
33.9
33.9
33.9
33.9
33.9
33.9
33.9
33.9
33.9
33.9
33.9
33.9
33.9
33.9
33.9
33.9
33.9
33.9
33.9
33.9
33.9
33.9
33.9
33.9
33.9
33.9
33.9
33.9
33.9
33.9
33.9
33.9
33.9
33.9
33.9
33.9
33.9
33.9
33.9
33.9
33.9
33.9
33.9
33.9
33.9
33.9
33.9
33.9
33.9
33.9
33.9
33.9
33.9
33.9
33.9
33.9
33.9
33.9
33.9
33.9
33.9
33.9
33.9
33.9
33.9
33.9
33.9
33.9
33.9
33.9
33.9
33.9
33.9
33.9
33.9
33.9
33.9
33.9
33.9
33.9
33.9
33.9
33.9
33.9
33.9
33.9
33.9
33.9
33.9
33.9
33.9
33.9
33.9
33.9
33.9
33.9
33.9
33.9
33.9
38.2
38.6
32.3
39.7
37.1
44.7
43.9
42.7
46
50
41.8
43.9
42.7
46.2
40.1
46.1
50.6
42.5
38.5
31
27
28.8
27.1
18.4
14.3
16.2
14.2
14.2
14.2
12
18
20
20
24.1
26.1
30.6
30.3
28.3
32.3
34.3
36.3
40.8
40.8
45.2
54.3
51.7
53.7
47.1
47
51.3
56.1
51.7
53.1
53
55.5
55.2
53.4
53.5
60.3
60
53.8
60.8
64.8
66.8
62.5
62.1
63.8
61.7
57.6
64
67.9
55.4
59.6
59.6
62.2
68
68.9
62
55.7
58.1
56
47.4
45.1
52
50.6
45.7
50.6
51
48.5
50.6
42.6
40.7
46.6
45.4
49
44.5
55.7
57.8
58.8
55.6
54.9
61.5
63.3
63.4
55.5
65.4
60.8
59.3
57.2
59.5
64.4
58.8
56.3
49.6
49.9
51.4
45.3
36.8
30.6
26.3
20.4
18.3
14.3
6.3
4.2
4.2
8.3
6.2
2.2
2.2
4.1
6.1
4.2
6.2
8.2
9.2
10.2
8.2
10.2
14.2
16.2
18.2
18.5
33.7
35.3
37.8
47.9
41.3
38.7
30.9
35.4
41.5
43.8
33.4
39.5
41.2
39
47.2
47.3
55.5
49
54.7
48.5
50.6
54.5
67.6
61
54.7
48.8
57.6
55.2
53.6
51.3
47
49.4
47.1
47
47.4
43.2
37.1
33.1
27.1
41.5
33
31
33.1
35
24.8
29.3
35
31.1
33.2
33.1
35.3
35.2
33.1
37.1
41.5
42.2
41.8
40
39.5
39.8
39.8
40
39.9
41.7
36.1
39.5
43.5
43.8
36.8
38.9
34.8
32.6
30.4
24.3
22.3
18.2
18.3
18.3
16.2
14.2
16.2
24.4
12.2
14.2
16.2
16.2
16.2
18.25
19.275
20.3
20.3
26.3
26.4
28.4
36.4
40.3
48.5
46.3
54.4
54.4
54.7
52.7
50.5
58.6
62.6
66.9
69
77.1
72.9
73.2
77.5
71.2
62.9
62.9
63.1
60.8
68.9
75.2
69
71.6
63.4
59.3
46.9
45.1
41
51.3
63.9
51.4
63.7
53.8
47.3
55.4
61.8
55.5
53.4
58.1
54
53.5
47.4
51.5
49.5
51.5
53.6
47.3
49.6
51.7
62.5
64.7
53.9
54.3
56.5
65.2
60.9
60.8
64.5
66.8
62.7
69.5
69
73.5
64.8
65.1
70.7
64.5
61.6
57.7
49.1
46.7
53.6
47
42.9
36.7
30.4
32.4
32.2
30.2
32.2
34.3
36.1
44.3
46.2
50.7
50.5
50.45
50.425
50.4
52.7
55.1
62.9
59.7
65.1
56.4
65
67.3
67.8
65.7
72.5
66.1
65.9
68.1
50.4
46.1
52.2
65.2
38.2
38.2
30.2
36.3
28.3
38.2
50.5
48.5
24.4
28.4
32.3
42.4
26.3
22.7
20.6
24.6
26.7
22.7
16.6
22.6
22.7
22.7
22.9
16.7
12.7
14.7
16.7
19
25.2
15
12.7
14.8
21
35.2
29
24.8
30.8
42.9
47.1
53.4
57.5
55.6
60
60.4
56.8
62.9
74.5
79.9
82.2
97
87.2
99.6
129.7
130.5
118
101.8
95.2
60.6
53.3
42
39.7
38.6
36.6
42.2
42.3
46.7
44.2
42.1
41.7
39.6
39.6
39.9
43.8
45.7
43.7
46.6
48.05
49.5
43.1
43.1
47.2
47.3
51
51.1
51.2
52.9
59.4
50.7
48.8
48.6
46.4
42.2
44.5
44.5
46.5
50.5
50.4
48.3
50.1
50.4
44.1
52.3
42.3
53
54.1
34.3
26.4
22.8
22.8
18.6
14.5
14.7
16.7
12.8
12.8
12.8
14.9
33
23.2
25.2
17.4
10.8
6.7
16.9
27.3
29.6
37.9
27.1
27.2
25.4
12.9
13.1
15
17
8.9
6.8
12.9
17.1
25.6
12.8
21.3
13.1
17.1
12.8
8.9
8.9
4.7
8.6
6.7
10.6
14.7
14.6
12.4
16.7
10.5
6.5
6.5
4.6
4.6
6.6
4.6
4.6
6.6
6.6
4.7
8.6
14.5
10.5
16.5
16.4
14.5
21.4
24.85
28.3
30.4
36.3
32.6
26.4
32.5
34.4
52.4
44.6
46.4
60.8
68.5
48.7
56.4
54.5
46.6
62.3
50.5
55.1
57.2
63.2
69.4
75.7
73.5
65.4
63.2
69.6
63.1
74.4
61.7
53.4
53.4
55.7
47.5
43.3
47.3
41.2
53.7
43.4
37.1
33.2
37.1
39.2
31.2
31.2
37.4
39.5
37.4
35.2
31.4
23.2
17.1
21.1
27.2
33.6
41.8
23.3
23.3
29.6
21.3
29.5
27.7
21.1
29.9
34.4
32.4
38.3
38.3
35.7
42.4
34
27.3
31.2
33.4
23.2
18.8
12.7
14.7
16.6
12.7
10.7
8.7
8.8
4.7
12.8
4.7
6.8
8.7
8.9
6.8
10.7
14.8
12.8
18.9
20.8
21.75
22.7
20.6
22.6
24.7
24.7
28.8
39.6
34.9
37.4
39.4
39.7
31.3
29.5
38.4
44.5
37.7
44.5
42
44.2
41.8
45.7
57.4
53
57
44.8
28.6
30.5
38.3
34.3
28.5
30.5
28.7
28.6
28.8
28.7
36.7
42.5
36.9
36.9
28.7
34.6
32.7
34.9
34.8
36.9
32.9
32.8
35
36.7
46.6
58.6
56.8
54.6
52.6
60.6
62.5
70.8
73.6
79.4
79.6
84.1
86
90.4
93.1
93.4
102.8
122.5
115.2
91.9
87.4
89.3
92.2
87.4
86.8
112.4
106.7
88.4
95.6
81.4
71.4
67.1
64
62.6
51.7
54
54.2
50
52.6
56.3
52.7
56.6
61.2
63
58.2
64.15
67.125
70.1
76.9
78.8
79.1
88.4
79.2
76.8
72.4
69.8
80.9
79.6
84.2
80.2
85
85.1
80.4
78.7
77.6
75.5
73.9
67
66.9
60.7
62.8
62.6
64.9
65
63
58.8
65
63.2
59
69.7
63.7
62.1
55.5
61.9
53.6
51.5
53.8
47.9
41.7
45.6
43.5
41.5
48
47.9
49.9
43.4
47.5
50.1
48.7
49.8
45.9
42
43.9
42.2
44.2
44.1
46.4
42.1
46.5
54.8
55.5
65.7
60.7
72.2
75.1
87.4
88.1
99.9
123
132
82.1
97.4
88.9
89
53.4
44.5
44.1
43.3
52.1
49.5
49.1
46.1
47.8
47.9
46.2
45.9
46.2
50.4
50.2
50.8
48.5
56
59.75
63.5
67.6
67.6
68.6
69.1
78
79.3
86
75.4
79
78.7
72.3
70.6
74.4
77
77.2
67.8
77.1
77.1
76.1
71.5
75.5
80.4
84.5
89.1
84.3
79.6
75.9
72
66.1
59.5
45.4
49.7
55.7
43.4
37.5
33.5
39.7
33.3
23.5
36.3
37.8
23.6
27.7
29.7
27.6
31.9
31.8
25.8
42.7
25.6
29.5
19.2
35.9
27.8
29.5
44
41.8
43.5
56.3
51.9
55.8
67.2
65.3
62.7
61.1
68.2
70.7
80.3
66.6
63.1
58.1
51.7
43.5
43.5
38.8
39
36.9
36.3
34.3
34.7
36.3
36.5
41.9
38.1
38.9
45.1
39.2
37.1
35.2
40.1
38.8
37.2
32.7
33.65
34.125
34.6
34.9
36.8
38.8
41
43.5
47.6
43.6
45.7
46
46.1
46.4
44
44.2
47.3
53.5
56.8
58.3
57.9
58
63.6
59.1
57.4
62.9
63.2
56.3
58.3
60.8
54.5
47.7
45.6
30
42
25.5
23.5
21.2
37.5
27.6
43.8
31.9
23.4
28.1
17.4
35.8
24
25.7
23.6
15.6
15.6
15.5
13.4
11.9
11.4
19.7
15.5
17.5
13.5
23.9
15.7
17.6
11.4
17.6
15.6
23.6
30.1
25.7
23.6
21.6
35.7
27.6
36.1
39.4
43.6
43.5
41.7
34.8
30.9
30.6
25.2
16.9
22.7
22.7
20.8
13
22.9
21.1
9
7.1
9.1
10.9
9
9
9.1
10.9
15.05
17.125
19.2
14.9
14.8
14.8
16.8
16.9
16.8
22.9
20.9
22.9
22.8
26.6
28.6
26.6
28.6
24.8
18.9
15
18.9
21.2
24.8
26.9
28.9
28.8
24.7
17
17
17.3
13.1
18.9
26.9
23
23.1
17.2
19.5
23.4
27
29
34.9
26.9
13.2
7.3
7.3
9.3
9.3
13.2
7.3
7.3
5.4
7.3
7.3
5.4
7.4
7.3
9.3
11.3
13.3
11.3
9.2
11.3
9.2
9.3
11.3
17.2
15.2
15.2
19
24.8
43
43
40.8
38.7
30.7
32.5
34.6
36.6
16.9
9.1
11.1
28.8
37.5
22.9
30.7
28.7
22.8
18.8
20.8
17
24.6
26.9
20.9
14.9
16.9
24.7
30.65
33.625
36.6
44.4
44.7
44.9
38.5
44.8
40.6
38.7
26.5
44.5
42.9
28.5
24.6
24.6
24.7
24.7
28.5
30.5
28.5
32.4
32.4
38.2
36.4
28.6
26.7
28.6
28.6
30.7
26.7
26.6
20.8
16.9
15.1
22.9
13
15.1
20.8
30.7
22.8
24.8
17
18.9
15
20.9
24.8
40.6
13.1
11.2
28.8
38.7
38.7
32.9
52.5
52.7
50.7
38.8
50.8
48.7
42.9
44.9
42.8
38.9
33
41
29
38.8
29.1
21.1
25.1
25
30.7
42.5
50.3
40.5
36.6
42.6
32.6
30.6
26.6
28.8
30.6
24.7
22.8
22.7
22.8
36.5
30.5
32.5
18.9
15
18.8
20.8
20.8
11.1
18.95
22.875
26.8
24.8
26.8
20.9
20.9
31
32.6
40.3
69
92.4
92.9
70.9
63.1
70.9
84.5
102.6
103.9
93.1
103.9
100.6
104.1
98.1
93.5
94.9
90.7
92
91.7
89.9
80.3
66.2
64.1
62.2
52.2
64
80
60
60.3
23
36.6
30.9
44.4
40.5
48.5
40.7
42.6
42.5
54.6
44.7
44.8
34.9
36.9
44.9
36.9
29.3
45.4
37.2
43
47.3
45
42.7
55.1
55.3
53
59.6
63.4
61.8
66.1
64.1
64.5
64.4
67
63.4
62.2
78.5
58.2
59.4
66.1
62.7
59.6
59.3
54.9
48.9
61.5
51.7
57.6
54.8
60.8
65.4
67.3
64.7
57.6
57.4
55.5
55.6
55.6
55.6
55.6
53.7
53.6
55.5
65.2
57.4
49.7
43.9
34.3
34.3
30.5
32.5
36.3
40.2
42.1
32.6
32.6
30.7
28.7
21
46.2
50.1
50.1
42.2
36.3
36.4
34.5
38.3
34.5
28.8
24.8
24.9
21
21.1
21.1
19.1
29.1
29
23.1
23.1
19.4
19.4
25.2
21.3
21.4
19.4
15.4
15.4
15.5
17.4
15.4
17.3
11.5
15.4
15.4
17.4
17.4
23.2
28.9
36.8
27
32.8
32.9
35
42.8
48.6
60.8
69.8
89.7
87.7
87.5
81.3
97.9
104.6
105.6
101.9
82.5
86.5
65.4
67.5
72.1
62.1
65.1
58.8
46.6
30.6
48.8
60.3
46.3
42.3
40.5
19
20.9
19
20.9
21.85
22.8
22.8
24.7
58.9
64.5
63.9
77.9
73
80.8
75.3
64.5
62.7
60.7
53.2
53.2
60.9
67.7
60
61.7
57.8
40.3
46.2
38.5
32.9
31.2
25.5
23.7
16.2
19.9
27.6
25.7
25.8
37.7
29.6
25.9
35.3
39.6
31.9
31.8
29.7
35.2
43.5
35.4
35.6
45.6
43.2
41.3
35.4
23.8
23.9
37.5
31.6
35.4
31.6
33.3
37.5
39.5
39.6
45.5
55.2
43.1
45.1
42.9
39.2
39.2
39.3
31.5
37.5
35.3
46.4
47.2
45.2
37.4
35.5
35.7
35.7
37.5
33.4
35.3
37.5
37.4
37.5
39.3
39.3
44.9
43.2
45.1
46.9
47
47
47
48.8
48.9
50.8
53.5
54.85
56.2
54.3
58.3
60.4
61.8
66.1
64.2
67.8
65.2
63.6
63.5
63.3
62.9
61
59.1
57.1
47.6
47.7
32.8
32.8
32.8
34.7
29.1
25.4
19.9
21.8
16.1
23.8
20.2
20
20
21.8
27.3
31.1
33
25.5
25.5
27.4
23.7
25.5
29.2
25.6
23.6
19.9
21.8
31.4
21.8
23.7
16.3
27.5
29.3
27.5
23.7
23.7
25.5
25.5
25.6
27.4
33.1
33.1
33.2
38.9
40.8
37
40.9
36.9
37.2
33.2
31.3
31.2
33
36.8
36.8
38.5
31.1
31
25.5
21.7
18
23.5
25.4
23.5
19.8
19.8
17.9
19.8
17.9
21.6
19.8
18
16.1
17.9
23.5
49.6
64.6
72.1
79.6
66.2
60.7
81.4
79.7
70
56.8
94.9
89.4
76.4
45.7
40.2
43.9
45.7
42.1
53.1
75.4
73.6
84.6
110.4
117.8
120.5
110
122.2
110.9
108.6
102.6
100.4
87.2
94.9
100.8
102.7
97
91.3
91.8
80.4
46.1
36.8
65.2
44.2
63.2
70.6
72.7
90.6
90.3
96.3
89.9
98.1
92
97.9
97.9
92.3
95.8
95.8
76.7
61.5
59.5
74.9
73.2
61.9
69.6
62.3
70.1
58.3
54.5
54.5
60.8
83
70.4
87.2
102.2
81
47.6
71.8
87.9
69.1
36.6
39
36.4
39.2
33.7
45.8
62.7
47.3
31.1
31.1
27.3
29.2
25.4
25.5
25.6
27.4
29.3
27.4
26.45
25.975
25.5
27.4
36.9
34.9
36.8
34.9
38.6
42.3
44.1
53.4
55.3
68.3
74
72.1
66.7
70.4
68.5
72.5
64.8
51.7
46.1
48
47.9
51.8
53.6
51.7
55.6
49.9
44.2
40.5
46.1
48
48.1
48.2
51.8
52.1
51.7
44.4
51.8
46.2
42.6
55.8
55.7
59.5
59.5
50.2
61.5
65.6
54.1
50.3
48.4
42.8
50.3
46.6
60
66.1
56.2
58.6
54.5
62.2
56.6
56.7
51
51.2
49.1
51.2
61.2
61.1
75.5
86.5
92.7
98.1
82.3
92.4
78.8
69
54.1
63.4
55.9
55.6
46
43.3
39.2
42.9
43
40.7
42.8
48.9
46.8
46.6
48.3
52.1
48.5
52
55.7
57.55
59.4
59.5
59.2
61.2
65.5
67.2
67
69.5
70.5
65.2
71.8
67.4
61.3
57.6
55.6
55.6
59.3
65.2
72.5
74.6
68.7
70.8
74.5
69.1
63.2
61.3
67.1
59.5
61.5
65.1
65.2
69.1
71.4
63.7
72.9
60.4
56.5
63.8
59.9
56.1
52.3
48.6
50.6
27.6
25.8
44.7
54.2
56.9
56.3
46.6
60.2
65.8
39
44.8
40.8
39.3
46.9
48.9
39.2
60.2
54.3
70.7
65.3
69
66.9
80
80.1
76.3
64.6
73.6
83.4
85.3
79.2
77.5
85.2
62.6
54.7
54.8
48.8
49.6
54
47.2
49.6
48.9
44.7
44.4
46.5
42.6
46.3
46.1
52.5
46.2
50.5
48.1
52.9
55.3
57.7
59.8
63.8
67.1
63.7
71.1
69.5
69.4
69.1
71.6
69.9
71.9
74.1
81.5
83.8
73.6
71.9
69.9
73.2
73.5
83.2
44.8
18.1
20
25.4
21.9
45.9
36.9
29.4
42.9
46.7
33.3
29.4
35.4
35.3
39.9
33.4
20.3
23.9
33.5
37.5
26
52.9
39.4
35.6
41.1
43.7
43.6
47.3
41.4
41.7
33.6
27.9
24.4
35.5
37.3
47.1
48.8
56.7
41.2
58.5
76.4
76.4
68.7
71
69
62.8
84.2
90.6
72.2
60.7
53.1
48.7
50.8
45.4
41.5
43.8
39.3
37.4
39.6
33.3
35
33.1
33.2
33.1
36.9
38.5
38.5
34.8
29.2
31
31
29.2
27.4
25.55
24.625
23.7
32.8
40.3
42.1
40.5
27.4
33.2
48.2
46.6
48.4
44.8
40.7
46.7
50.5
52.6
53.9
58.3
59.9
54.1
56.3
58.6
58.4
54.9
52.4
54.8
45.2
33.9
52.7
43.2
56.6
50.9
55.2
52.6
35.9
35.4
35.6
37.7
24.4
39.4
41.4
41.5
51
54.9
47.6
39.6
38
30
47.9
49.4
33.8
53.2
43.7
54.9
34.1
33.9
30.4
36
22.5
40.2
26.5
38
26.5
30.5
38.4
38.1
40.3
40.3
43.8
30.4
36.3
50.1
50.3
44.5
41.6
46.1
27.9
29.7
31.7
33.8
22.2
22.3
11
14.7
12.8
14.6
16.4
18.3
18.3
14.6
11
9.1
9.1
9.1
11
11.9
12.35
12.8
12.8
16.4
23.7
27.5
25.6
36.9
46.6
50.8
53
60.1
56.5
47.9
59.1
68.4
60.6
52.9
52.9
56.6
65.2
56.9
53.2
40.3
36.8
25.7
14.7
18.6
22.3
27.9
29.8
14.8
18.5
16.7
16.7
19.1
14.8
11.1
28
16.7
24.3
16.7
20.5
16.8
20.6
18.5
24.1
16.7
16.7
13
13.1
22.6
13.1
13
16.8
16.8
13
18.6
22.3
29.9
29.7
31.6
48.5
52.2
58
59.9
56
57.9
62
61.9
58.2
52.3
52.5
48.7
45.3
41.4
39.3
39.2
33.3
35
34.9
32.9
31.1
33.1
38.6
44.5
36.6
36.7
38.6
38.5
36.6
34.8
40.4
42.3
38.8
40.55
41.425
42.3
45.9
45.9
44.3
46.3
46.3
48
46.4
48
53.3
49.8
49.8
49.5
49.5
51.4
49.7
49.7
48.2
50.3
60.2
58
60.5
52.4
40.9
54.5
56.4
47.1
53.1
43.3
37.3
37.3
50.5
44.8
46.9
50.5
46.8
31.8
14.9
14.9
20.6
33.7
31.9
15.1
14.9
15.2
16.8
16.9
20.6
26.2
18.9
16.9
32
20.7
24.4
20.6
18.8
24.4
22.6
17
28.2
30.2
24.6
20.9
26.4
30.2
20.7
21
34.1
26.3
31.9
24.4
24.4
28.1
26
28.1
22.1
23.9
23.9
18.3
22
22.1
18.3
20.2
18.4
14.7
12.9
12.9
12.9
12.9
12.9
14.7
14.7
14.7
14.7
12.85
11.925
11
12.9
12.9
14.7
16.5
18.3
23.9
29.4
29.5
25.8
31.2
23.9
38.7
42.6
42.8
42.8
38.8
48.3
44.6
46.3
44.6
52.6
56.4
54.5
63.8
52.6
52.6
39.2
46.9
54.4
56.4
56.7
48.8
46.8
37.4
63.9
56.4
46.9
50.6
56.5
43.1
58.3
47.1
60.1
52.5
35.3
50.1
59.6
65
59.3
53.8
54
56
52.1
44.5
56.4
56.3
52.9
51.2
43.1
51.2
46.8
50.7
43
43.3
50.7
48.8
39.4
41.2
43.4
43.7
39.7
35.8
41.9
33.8
20.5
22.3
20.5
18.6
18.6
18.7
9.4
9.4
7.5
3.9
3.9
7.5
2
0.2
3.8
0.2
2
5.6
7.5
5.7
4.8
3.9
3.8
5.7
5.7
9.3
13
18.6
24.4
32.3
39.5
29.6
25.9
27.6
31.3
31.4
40.6
48.1
48
57.7
48.5
54
48.4
54
40.7
52
55.9
56.1
54.2
54.1
52.1
61.9
54.1
61.3
63.8
59.6
67.6
65.3
63.7
56.1
52.3
48.5
50.5
48.9
58.2
54.3
52.3
44.7
54.4
41.1
46.8
52.4
54.4
50.5
56.2
54.4
54.1
46.5
44.7
54.1
39.2
46.8
42.8
54.1
54.3
56.1
61.7
54.1
50.3
63.8
69.3
63.5
67.1
71
61
48.2
52
44.3
50
42.3
47.8
33.1
22
33.1
18.4
9.3
9.3
13
9.3
11.1
7.5
11.1
12.9
20.3
18.4
21.1
22.45
23.8
23.8
40.3
38.4
40.4
34.9
36.7
35
36.8
44
42.3
46
44.2
49.6
46
42.3
49.8
42.4
47.9
33.3
27.7
33.3
53.5
46.3
49.8
48.2
49.9
44.3
48.1
46.2
53.8
46.3
50
55.6
48.1
44.6
55.7
40.9
55.8
46.6
35.2
42.9
43
56.1
48.6
41.3
44.9
43.1
37.5
35.6
42.9
41.1
26.2
31.8
32.2
30.1
30.1
34
24.6
36.1
33.9
43.2
46.9
48.9
39.3
50.8
46.9
42.7
50.4
41.1
44.8
57.9
44.6
44.6
42.6
33.4
31.5
24.2
29.9
31.8
13.3
11.3
11.3
5.7
5.8
11.3
7.5
9.3
11.2
5.7
9.4
7.5
16.7
11.2
9.35
8.425
7.5
20.3
29.6
22.1
23.9
34.9
34.8
38.6
36.9
42.4
44.1
45.9
40.5
46
46
46.1
29.6
33.4
37
42.6
36.9
37.1
46.3
38.8
42.6
33.4
42.6
51.7
50
51.8
48.1
44.4
51.8
48.1
44.7
37.2
35.3
28
37.2
39
44.7
41
43
37.3
35.5
33.7
43
41.4
45.3
41.2
50.3
35.3
35.4
33.8
37.6
45.1
56.3
46.5
45.1
48.5
46.6
50.8
39.4
37.2
37.4
39.3
41.2
31.8
31.7
37.6
35.5
35.7
39.5
41.4
43
31.6
27.8
25.9
22.3
16.7
15
9.4
5.8
4
4
3.9
0.4
0.4
0.4
2.2
2.2
2.2
0.3
2.2
4.9
6.25
7.6
7.6
5.9
5.8
5.8
11.2
7.6
15
14.9
20.5
16.8
13.2
13.1
20.4
29.6
35
31.4
36.8
31.4
31.4
27.8
29.6
31.5
29.7
22.4
35.1
29.7
31.6
29.6
35.4
37.1
31.6
26.1
27.8
35.3
29.8
26
29.8
35.4
27.9
26.1
24.3
22.5
22.5
22.5
24.4
18.9
20.7
24.6
24.5
26.2
22.5
18.9
16.9
11.5
16.9
22.5
20.6
17
20.7
13.3
11.4
18.9
13.2
17
9.6
15.2
11.5
9.5
11.4
11.3
11.4
17.2
17.1
13.4
9.5
5.9
7.7
11.3
4.1
0.4
0.4
0.4
0.4
0.4
2.2
0.4
0.4
2.2
5.9
4.1
4.1
4.1
4.1
4.1
4.1
4.1
9.5
5.9
14.9
16.8
16.9
20.6
20.5
18.6
13.2
16.8
18.7
16.8
22.4
22.2
26
13.2
13.2
24.2
29.7
26
28
24.3
24.2
17
22.5
15.1
22.4
15.1
15.1
22.4
16.9
18.7
20.6
18.8
15
15.1
29.7
20.6
26.2
20.6
16.9
17
22.5
28.1
20.6
20.6
22.6
20.7
18.8
24.2
33.5
31.7
24.4
29.8
18.8
28
24.2
22.4
22.4
29.9
22.5
28
22.6
15.1
15.1
20.7
18.7
18.7
18.7
22.3
22.4
16.8
24.2
26.1
22.3
18.7
13.1
11.3
15
11.4
5.9
5.9
9.5
9.5
9.5
13.1
11.3
14.9
18.5
25.8
27.7
24
25.9
25
24.55
24.1
29.5
29.4
29.6
29.6
29.5
25.9
26.1
22.4
29.8
33.4
31.6
31.4
33.3
33.1
42.3
38.7
40.6
44.2
38.7
37.1
31.5
40.9
41
35.3
41.2
31.7
26.4
24.3
31.9
35.7
37.5
28.1
35.7
35.6
33.8
28.1
13.4
26.5
26.2
35.8
31.7
18.9
17.1
39.2
26.4
33.9
32.1
15.2
15.2
17.1
11.8
19.1
17.4
17.1
26.8
17.1
9.9
13.6
24.8
23.2
21
23.2
19.1
21.3
23.2
21.2
28.7
19
17
20.7
22.5
24.2
24.2
22.4
24.1
24
25.8
29.7
28
24
23.9
25.8
27.6
27.5
23.9
25.8
23.9
25.7
29.4
29.5
27.6
22.1
22.1
24.8
26.15
27.5
29.6
25.8
25.8
27.8
29.5
27.6
33
31.3
31.2
33
33
31.2
38.6
38.5
37
27.5
27.5
27.6
22.3
25.9
24.2
24.3
18.9
20.5
16.9
16.9
16.9
20.5
22.2
29.9
20.5
20.5
26.1
26.1
20.6
24.2
22.4
24.2
27.9
24.4
20.7
18.9
26
26.1
20.7
18.9
18.8
18.8
24.4
24.2
17
15.2
17.1
15.3
20.6
17.1
20.9
17.2
19.1
24.3
26.2
24.2
22.5
22.6
19
22.5
24.5
26.1
27.9
27.9
20.6
18.8
18.7
16.8
13.3
11.4
9.6
7.8
7.8
6
6
6
7.8
6
4.2
5.9
7.8
7.8
6
6
4.2
6
6
7.8
8.7
9.6
9.6
15
34.6
31.1
29.4
41.7
46.9
48.6
57.5
50.4
45.2
61
54
50.5
53.9
55.7
66.2
83.7
103.1
126
97.8
98
94.2
85.6
48.6
45.2
32.9
50.5
57.5
45.1
45.1
39.9
70
61
48.9
68.2
24.1
48.8
50.5
50.6
47
41.7
43.5
73.6
43.6
41.8
54.1
54.2
38.3
43.6
47.2
34.8
34.9
40.1
47.3
47.5
45.6
36.6
38.6
34.9
38.5
38.5
42.1
38.4
38.5
42.1
43.9
42
38.5
33.2
40.2
40.3
31.3
43.7
45.6
36.5
31.2
36.5
32.9
22.3
25.8
36.4
22.3
20.6
24.1
24.1
25.9
20.6
24.1
24.1
27.6
36.3
32.8
36.3
38.05
39.8
34.5
38.1
41.5
45
46.8
53.8
52
55.5
55.5
59
81.8
71.3
80
74.7
62.6
46.8
50.3
57.3
45.1
50.3
60.8
57.3
57.3
55.6
39.8
43.3
55.6
46.8
39.8
46.8
52.1
41.6
34.6
34.6
38.1
39.8
53.9
36.3
50.4
43.3
59.1
46.8
48.6
52.1
55.5
55.5
62.6
73.1
80.2
80.2
74.9
71.4
73.3
96.3
87.4
83.9
82.2
91
82.2
84
96.5
87.6
96.5
91.1
85.8
80.5
84.3
80.9
68.5
59.6
66.7
70
71.7
68.2
75.2
85.6
87.4
91
87.5
78.5
68
50.4
34.6
29.3
27.6
31.1
25.9
25.8
24.1
22.3
18.9
15.4
17.1
16.25
15.825
15.4
18.9
18.9
22.4
22.4
22.4
25.9
34.7
45.2
45.2
39.9
33
31.2
34.7
43.4
46.9
47
50.5
64.4
66.2
80.2
75.1
70.1
50.5
45.2
50.5
80.3
68.1
55.7
52.2
66.3
68
64.5
61
59.3
75
55.8
50.5
48.7
46.9
48.7
41.7
54
40
47.1
41.7
45.3
41.8
38.2
43.5
48.8
50.5
50.5
41.7
43.4
52.2
52.2
55.8
66.4
64.6
59.3
59.4
59.7
57.8
50.9
49.3
52.8
47.5
40.3
45.8
49.3
58.5
54.8
52.9
49.3
52.7
49.1
50.7
47.3
32.9
24.2
29.5
27.7
25.9
13.7
15.4
11.9
6.7
5
5
5
8.4
8.5
5
8.5
10.25
12
15.5
13.7
18.9
18.9
15.4
24.2
26
29.4
27.7
27.7
34.7
31.2
38.2
46.9
52.3
50.4
46.9
46.9
48.6
57.4
62.7
62.6
66.1
57.4
57.3
66.1
57.3
50.4
59.1
60.8
59.1
62.6
59.1
55.6
50.3
48.7
48.6
55.6
52.2
50.4
52.1
53.9
52.2
50.4
47
48.8
47
50.5
43.5
41.8
40
45.3
40
41.7
45.4
48.9
40.2
47.2
54.3
50.8
45.4
54.3
50.8
52.5
54.3
49.1
43.7
47.3
52.6
65.2
65.2
66.9
56.2
56.2
56.3
40.3
38.3
50.7
45.2
38.1
38.2
27.6
29.4
25.9
25.9
27.6
22.4
13.7
15.4
20.6
24.1
20.7
24.1
25.85
26.725
27.6
32.9
32.8
32.8
34.6
38.1
39.8
39.8
45.1
45.1
48.6
57.4
41.6
48.6
52.1
45.1
36.4
34.7
33
36.5
31.2
29.5
29.5
31.2
29.5
26
22.5
26
24.2
29.4
31.2
27.7
32.9
29.4
36.4
29.4
31.2
34.7
39.9
41.7
36.5
41.7
36.5
34.7
29.5
26
29.5
22.5
29.4
38.3
33
36.5
41.9
33
36.5
36.5
33.1
36.5
45.5
45.4
47.1
54.1
59.5
47.1
43.5
50.6
48.8
52.4
50.6
50.7
54.2
47.3
42.1
41.9
35
38.6
34.9
31.4
31.3
27.6
27.6
32.9
32.9
25.9
27.6
29.3
31.1
29.3
29.3
31.1
34.6
54
41.5
39.8
38.05
37.175
36.3
39.7
43.2
43.2
43.2
51.9
48.4
48.4
53.6
57.1
55.3
57.1
55.3
69.3
76.5
66
66
80
76.3
38
38
34.5
31.1
39.8
43.3
46.8
45.1
46.9
34.6
46.8
55.6
48.6
41.6
48.6
39.9
39.9
48.7
34.7
24.2
27.7
50.4
31.2
24.3
24.2
19
27.7
34.8
27.8
26
36.6
31.3
29.5
27.8
26.1
22.6
22.7
17.4
19.2
10.4
17.5
26.3
24.6
22.7
22.8
24.4
28.1
33.5
38.6
40.4
35.2
27.9
24.5
26.3
26.3
24.4
28
26.1
26.2
22.5
24.3
22.5
22.4
24.1
24.1
24.2
27.8
30
24.1
25.9
27.6
29.4
29.4
29.4
31.2
27.65
25.875
24.1
20.7
22.5
22.5
22.5
25.9
25.9
24.2
25.9
24.2
25.9
20.7
19
24.2
24.2
27.6
29.4
27.7
27.7
24.2
22.5
29.5
34.8
29.4
27.8
27.7
29.5
26
22.5
20.8
24.2
26
24.2
27.7
25.9
24.2
27.7
27.8
26
24.3
24.2
27.7
27.8
26
22.5
27.8
22.6
26
19.1
24.3
22.6
17.3
20.8
27.7
27.7
26
33
34.7
36.4
41.6
45.2
61.9
31.4
20.7
31.2
36.4
38.1
36.4
38.2
50.7
63.5
63.2
54.3
61.2
69
56.1
34.7
29.5
12
1.8
0
-1.7
-1.7
-1.7
0
-1.7
0
-3.5
-1.7
-3.5
-3.5
-1.8
-1.7
-1.7
-1.7
-1.7
-1.7
-3.5
0
0
1.7
1.7
3.4
3.5
5.2
6.9
3.5
1.7
5.2
5.2
12.1
6.9
6.9
5.2
5.2
8.7
10.4
10.4
12.2
7
12.1
8.6
13.9
13.9
12.1
8.6
12.1
10.4
12.1
13.9
13.9
12.1
8.7
12.2
13.9
13.9
13.9
15.7
15.6
10.4
19.1
17.3
17.3
12.1
17.4
15.6
20.8
26
32.9
38.1
40.2
41.25
41.775
42.0375
42.16875
42.234375
42.2671875
42.28359375
42.291796875
42.2958984375
42.29794921875
42.3
40.2
38.7
35.1
31.8
28
28.1
29.9
33.6
29.9
26.2
29.6
30.2
32
30.1
26.4
24.3
22.5
20.8
27.7
22.5
20.8
20.8
22.6
22.6
17.5
19.2
22.6
24.3
20.95
19.275
17.6
12.5
14.2
12.5
10.8
14.2
17.7
22.9
33.1
43.4
43.3
41.7
43.6
46.8
41.6
40.1
35.2
29.8
26.4
25
12.8
21.5
49.9
24.9
25
38.9
30.4
33.8
23.4
23.5
23.5
27
21.7
20.1
23.7
23.8
25.4
30.6
25.6
27.3
25.3
27.3
27.2
23.9
28.9
29
32.7
25.7
24.1
23.9
27.5
30.9
30.9
20.6
17.2
19
20.7
17.2
20.8
19.1
24.4
26.2
22.6
22.6
20.9
22.6
24.5
17.5
20.9
19.2
19.2
15.7
15.6
15.8
14
13.9
15.6
12.1
12.2
10.5
5.4
2
5.4
3.7
3.7
2
5.4
3.7
3.7
5.4
3.8
3.8
2.2
2.1
3
3.45
3.9
2.2
4
5.6
4
5.7
4
4
4.1
7.5
5.7
10.9
18
14.4
12.6
12.6
21.3
26.6
25
17.9
12.8
21.6
26.9
26.9
35.9
35.9
39.1
32.3
33.7
27
26.7
23.2
18.1
16.4
23.3
18.3
19.9
13.1
16.5
13.1
8
11.5
13.2
9.9
13.3
18.4
13.2
9.9
9.9
15
11.6
11.7
13.5
13.4
13.5
18.7
20.3
18.7
18.7
18.8
23.8
18.7
22.1
20.5
23.9
27.4
22.3
18.7
25.6
29.1
25.6
20.4
20.5
23.8
22.2
27.3
29.1
29.4
30.9
18.05
11.625
8.4125
6.80625
5.2
3.5
1.9
3.6
1.9
3.6
3.6
3.6
5.3
7
7
7.9
8.35
8.8
13.9
12.2
15.6
15.6
17.3
17.4
12.3
9
7.3
9
10.7
14.1
12.4
10.8
14.2
14.2
17.6
21
15.9
14.3
14.3
14.4
12.7
14.3
16.2
16.1
14.4
14.5
12.8
14.4
12.8
14.5
16.3
23.1
16.3
16.4
23.2
18.2
16.3
14.7
16.4
14.7
13
16.5
13
13.1
16.6
18.3
13.1
11.5
9.8
13.3
18.4
23.7
11.6
20.3
27.2
18.6
20.3
20.3
23.8
18.6
20.3
22
21.9
23.8
32.4
27.2
27.3
28.9
32.6
35.8
37.5
43.3
51.2
52.6
50.9
52.2
38
41.9
43.6
36.1
39.4
44.5
50
40.8
40.9
43
39
34
35.6
39
44.1
39.05
36.525
34
32.3
35.7
35.7
34.1
35.8
35.8
40.9
39.2
34.2
29.1
27.5
29.2
31
25.9
29.3
32.7
27.7
29.3
24.3
15.8
21
21
19.4
19.4
17.8
14.3
12.6
12.6
17.9
11
16.2
11
9.3
14.5
14.6
11.1
12.8
12.9
16.5
14.7
11.2
14.5
12.9
19.9
14.7
14.7
11.3
16.5
14.8
18.3
16.6
20
15
21.8
21.9
20.1
15
14.9
21.8
20
21.8
18.3
13.3
16.8
18.6
18.4
15
16.8
16.8
20.2
18.5
22.1
18.5
16.8
16.8
10
11.7
10
10.1
10.1
6.6
6.7
6.6
6.7
5
6.7
6.7
5.1
6.8
6.8
8.5
6.8
10.2
11.1
11.55
12
15.3
13.7
13.7
15.5
12
20.6
24.2
32.9
41.2
48.1
44.7
36.1
39.5
31.1
29.3
29.4
32.8
43
41.3
46.8
58.7
58.5
51.9
52
50
48.4
58.8
55.4
60.8
69.3
69.9
53.7
55.8
43.5
45.3
29.8
24.6
28.1
38.7
40.3
40.2
35
29.9
22.9
17.9
16.2
17.9
24.8
18
21.5
14.5
16.3
16.4
12.9
16.3
18.1
16.4
18.2
16.4
16.4
19.9
14.8
21.6
19.9
23.4
25.2
26.8
26.9
30.2
26.8
26.8
35.4
38.9
32
33.6
37.1
49.1
31.8
63.6
40.6
30.1
33.5
30.1
26.7
26.7
31.8
33.6
31.9
37
33.6
26.9
28.6
40.4
38.75
37.925
37.1
38.8
43.9
40.5
37.2
42.3
37.2
32.2
32.2
37.3
37.3
32.3
30.6
32.3
32.3
37.5
34.1
30.7
29.1
29
27.5
37.6
34.2
37.6
30.8
32.6
32.6
27.5
24.2
22.5
20.8
22.6
25.9
20.8
21.1
19.2
26.1
26.1
29.6
28
36.7
35
41.9
45.3
43.8
47.2
50.7
54.2
50.7
47.3
47.5
54.4
70.05
77.875
81.7875
83.74375
84.721875
85.2109375
85.45546875
85.577734375
85.6388671875
85.66943359375
85.684716796875
85.6923583984375
85.6961791992188
85.7
74.9
67.7
70.9
74.3
67.4
52.8
45.5
51.1
55.1
44
42.1
36.9
40.5
40.5
33.6
29.9
24.8
19.5
14.3
14.4
12.5
10.8
10.8
9.1
9.1
9.1
9.1
9.1
10.8
11.65
12.5
12.5
12.5
15.9
14.2
17.6
19.4
19.4
21.1
22.8
22.8
26.4
21.1
19.5
29.9
33.4
29.9
24.8
24.8
26.4
28.2
24.8
26.6
26.5
31.8
31.7
32
33.8
33.7
28.5
33.8
23.1
24.9
26.6
30.2
24.8
30.3
28.5
28.5
28.4
17.9
25
24.9
23.2
23.3
23.2
23.3
28.5
21.5
28.6
33.8
28.5
32.4
32.5
30.6
27
28.7
27.1
30.9
23.4
28.7
37.8
32.4
30.6
36.1
32.3
32.6
30.9
27.2
36
36.2
30.7
28.7
28.9
23.3
23.3
23.2
25
19.5
19.5
19.4
23
23
15.8
14
14
14
13.9
19.3
17.6
12.2
6.8
6.8
8.6
7.7
7.25
6.8
10.4
10.4
12.1
10.3
6.8
8.5
8.6
8.5
8.6
8.5
8.5
8.5
10.4
14
17.6
19.4
15.8
19.4
19.5
21.4
19.6
28.8
21.4
21.4
19.5
19.6
23.3
15.9
15.9
15.8
14
15.8
17.7
15.9
17.7
15.8
19.6
17.7
16
17.6
21.4
17.7
17.7
16
21.4
10.6
19.5
21.7
14
19.7
21.5
21.5
27.1
17.7
17.9
21.5
23.4
23.4
34.9
30.8
27.1
27.3
29.2
34.8
32.8
36.7
36.7
48.2
43.9
42.2
38.4
42.2
38.4
32.6
30.7
36.2
34.3
34.4
28.8
26.9
21.2
23
23.1
19.3
23.1
24.9
21.2
19.3
19.3
24.9
24.9
28.7
32.4
32.4
32.4
32.4
28.7
30.5
34.3
32.5
30.6
30.6
36.3
32.5
36.3
30.7
32.7
34.5
30.7
47.8
51.7
49.8
51.9
48
40.3
44.3
48.3
40.6
36.8
35
35
25.3
33.2
27.4
29.1
21.4
36.9
27.3
31.3
31.2
23.4
29.3
25.5
33.2
36.9
35
35.1
39
43
38.9
38.9
38.9
38.9
38.9
38.9
38.9
38.9
38.9
38.9
38.9
38.9
38.9
38.9
38.9
38.9
38.9
38.9
38.9
38.9
38.9
38.9
38.9
38.9
38.9
38.9
38.9
38.9
38.9
38.9
38.9
38.9
38.9
38.9
38.9
38.9
38.9
38.9
38.9
38.9
38.9
38.9
38.9
38.9
38.9
38.9
38.9
38.9
38.9
38.9
38.9
38.9
38.9
38.9
38.9
