"x"
42.1
40.725
36.7125
29.7875
26.8375
28.225
23.1375
21.35
17.1875
11.3375
7.0875
20.54375
29.9125
30.9125
27.875
25.8875
30.4125
33.075
24.375
28.0125
30.575
30.3375
28.4625
41.909375
52.675
49.825
30.575
33.575
34.7
35.45
31.45
31.0625
43.8875
35.6625
20.225
28.884375
45.0875
35.675
34.3625
38.5625
34.125
32.8875
32.3875
33.2375
47.425
28
15.6125
18.925
32.1875
48.3625
30.1
28.4125
35.1625
34.5125
39.25
44.3
49.85
55.1875
29.1875
32.396875
40.625
60.775
74.0375
51.3125
46.9375
44.6
48.4125
38.2125
34.125
16.6125
13.675
15.275
30.025
49.6875
105.66250125
86.4625
80.0125
85.725
63.175
54.6125
70.225
32.3
9.3
9.10625
25.1625
57.3625
52.975
42.875
28.125
32.525
47.5625
53.7375
65
75.9875
83.575
100.484375
108.7
69.3875
45.575
35.0625
37.5
41.925
66.2
75.9
62.8625
54.375
46.8375
51.00625
63.15
71.85
69.6125
64.5
54.725
58.6
48.025
45.9375
63.1125
41.275
28.325
21.85625
42.525
58.775
87.3125
50.25
47.475
49.0875
41.75
38.95
39.1375
33.4
23.225
35.43125
51.1375
65.6
51.1875
43.9875
45.9625
63.475
82.55
88.025
71.2375
77.95
27.5875
17.084375
32.2625
43.8875
64.7625
61.8875
52.6625
43.3
51.5875
56.725
49.8
39.2625
11.075
10.23125
23.525
43.4375
59.775
58
51.475
47.65
43.5875
51.4375
56.6625
41.8375
22.6125
26.846875
40.4875
43.6125
29.4875
29.65
36.45
30.3625
37.4375
49.5125
46.775
32.15
29.775
41.215625
50.1375
68.3125
39.575
45.325
35.1375
28.425
21.9625
24.9875
30.45
24.5125
26.6375
26.353125
24.625
25.0625
28.175
24.6625
26.2125
23.8625
27.95
38.3125
54.5625
16.3375
-1.95
-1.725
31.6
50.5625
49.725
51.525
48.3875
40.8875
34.425
26.8
15.7625
6.025
1.8125
5.178125
18.225
26.7875
32.625
44.7375
53.4625
49.1125
49.8875
51.275
24.2125
6.6625
3.875
4.69375
8.425
13.2125
14.9125
18.875
24.025
53
61.5125
26.2375
40.875
35.4375
40.125
33.85625
39.825
47.5625
48.7125
40.7375
25.1875
20.4875
26.3375
32.0125
37.975
36.8625
43.275
51.75
43.3875
55.1875
63.5125
47.175
37.375
34.5875
23.5875
37.0875
15.4
2.5625
1.425
12.2375
34.1625
18.625
13.9375
14.3625
12.425
11
9.875
8.675
8.4125
9.95
9.425
10.09375
20.825
29.2875
43.6
48.0625
35.0375
26.8
38.3625
26.3
21.1125
12.3125
27.7
21.41875
42.975
48.9625
46.3
37.275
33.6625
22.8125
25.825
28.0125
31.1625
9.8625
9.4125
21.0125
30.6625
53.05
57.525
52.4
51.1
56.4
74.325
71.4625
55.15
28.425
21.3625
34.578125
61.5625
60.5875
55.0625
47.425
27.2625
24.9625
38.1125
23.0125
17.8875
10.3625
12.5375
26.33125
44.7375
41.5875
44.65
45.7625
50.6
46.9875
46.9875
52.7625
42.2375
33.375
33.0625
38.328125
50.0375
49.55
56.7875
66.35
80.625
78.475
81.6625
80.6875
63.1125
38.9125
40.3875
56.903125
58.8375
65.0375
69.45
74.625
61.275
45.9125
41.9
53.175
59.8
48.1625
40.3375
50.103125
59.5125
57.5
71.2375
78.425
51.475
55.2375
61.75
76.6125
61.4875
20.15
6.4375
13.75625
30.1
35.2375
44.325
49.5125
41.0875
39.2
42.925
46.875
42.0625
15.9875
7.3125
15.35
30.3625
37.7625
38.4875
41.15
30.4
30.4625
26.325
25.2625
25.05
15.9875
13.3125
18.715625
25.7625
30.6125
34.65
40.225
44.1875
43.775
38.9
35.8
38.7875
41.15
41.325
43.271875
50.575
53.3625
54.4
54.4625
43.4625
41.4625
45.325
51.4625
42.8625
38.05
39.9125
45.403125
47.1125
51.05
58.2375
54.3625
50.7875
52.55
52.625
49.275
48.3875
39.8625
37.35
40.65
39.15
51.625
53.0125
55.15
55.1375
54.825
52.4375
59.4125
55
46.75
46.6
49.69375
54.2
54.5625
57.2625
55.625
51.9
42.175
39.3375
37.7125
40.9625
36.8625
36.1625
42.821875
45.6375
42.525
45.7625
47.0125
40.125
36.3375
33.375
34.1375
26.25
13.95
13.95
18.65625
34.875
39.7625
57.8625
45.65
45.4
37.525
34.2125
41.275
31.7375
12.1125
12.225
20.28125
27.1625
22.7875
22.4875
25.325
24.0625
29.8625
28.95
25.9625
18.0625
7.675
5.25
8.96875
19.975
21.775
26.3625
27.05
28.6875
31.2125
39.15
34.975
27.1125
7.0625
4.3
13.6
27.1375
35.875
27.9625
44.05
36.2125
38.3125
37.25
36.35
33.275
13.925
16.3125
28.01875
38.4625
46.675
55.3
62.5125
57.725
53.3
46.825
52.3
37.8875
18.8
17.375
22.1
21.3
39.075
48.5875
52.65
50.8
46.0875
61.7375
75.6125
77.775
46.825
43.3875
51.1625
75.75
78.125
98.925
99.25
85.225
58.625
72.8625
65.4875
63.5875
28.9
19.675
23.796875
42.4125
53.1
59.5375
58.6875
33.975
25.375
34.95
39.8625
34.5
9.0875
1.375
5.775
12.2
21.9
30.275
39.3625
26.5625
34.8375
33.075
25.8375
16.325
10.425
19.8125
29.7625
45.0875
52.9125
74.0875
72.125
60.025
47.1
52.275
47.35
42.9125
41.75
47.15
44.525
48.825
49.3625
51.5375
63.4625
57.8
56.175
65.075
118.01250125
113.67500125
68.525
52.4875
63.909375
77.3125
96.7625
101.3125
73.7375
65.125
38.0125
46.75
88.325
84.4125
40.45
23.6
29.9125
44.875
47.8625
59.725
57.6
52.6375
47.275
60.425
61.0875
60.3
25.25
9.45
22.528125
50.0875
63.6125
89.1875
105.9
63.55
29.375
65.0875
73.175
73.625
59.375
57.7375
45.19375
54.6125
59.7625
54.975
45.9
44.1875
46.85
50.475
45.0875
41.65
34.425
37.05
48.375
56.0375
66.3125
72.65
71.85
80.2375
58.3375
32.825
70.25
50.825
39.15
54.9375
58.39375
60.9875
71.55
83.2125
97.85
68.05
49.3
58.325
62.075
52.025
42.1375
56.7125
47.0125
52.7375
80.1625
83.8125
101.6625
43.325
46.5125
50.7375
79.6375
85.8
35.4375
25.5625
37.590625
58.025
105.2
116.4875
115.6999975
81.58662109375
46.4378383636475
46.300538431108
46.3000021032465
46.3000000082158
46.3000000000321
46.3000000000001
46.3
46.3
46.3
46.3
46.3
46.3
46.3
50.9
53.075
47.5
23.1
14.925
22.096875
40.0875
52.775
61.8375
73.3125
72.7625
69.0375
68.75
74.5875
64.775
36.7125
34.925
33.734375
42.2
52.725
70.2
90.075
90.175
85.4375
114.775
105.925
82.4125
57.05
48.4875
48.4875
53.5375
43.35
39.275
32.5125
40.675
49.0125
47.0375
50.775
50.3375
37.1625
36.075
41.184375
45.6875
48.8875
50.95
58.85
48.425
62.7625
55.425
64.375
50.4
39.25
42.025
59.440625
76.2125
75.3125
86.9375
114.925
118.56249875
67.6875
65.9
96.7375
80.9375
42.2375
32.625
57.784375
78.025
88.7625
94.125
46.775
45.1
36.1375
36.4375
28.45
17.1375
9.675
18.6625
21.93125
28
51.9625
84.9125
110.35
62.725
39.3625
56.1125
63.525
63.2875
21.55
25.875
47.725
69.5625
57.85
63.3
66.3625
44.75
41.9125
28.5125
48.825
53.65
11.6125
11.5125
12.453125
23.7125
49.225
49.125
56.6125
36.6625
33.1875
44.4375
49.1375
41.85
20.0375
25.425
55.734375
47.175
26.75
49.175
48.8375
41.9
40.9
58.7625
35.8375
28.1375
21.4125
43.0625
60.55625
69.825
83.6
95.525
59.0625
45.1
36.025
31.55
32.5125
25.35
11.95
12.075
23.303125
35.575
42.8
36.275
31.8125
35.7
36.5125
40.4
60.45
49.225
35.1375
48.525
58.34375
58.425
62.2875
69.8625
54.525
31.85
21.05
21.95
49.9375
53.8625
29.35
17.725
22.578125
30.05
52.05
58.1125
51.625
54.4125
54.8625
49.5375
35.575
28.9375
12.825
11.1375
15.671875
24.85
37.5375
60.5375
87.4
58.9
57.025
71.6875
110.9125
106.1125
70.2375
65.875
97.378125
128.025
170.48749875
131.37500125
78.25
37.225
29.2
30.175
58.3375
52.6
28.6625
32.475
56.346875
74.775
63.425
71.2625
40.4
29.9
25.975
23.525
19.7375
15.0875
12.3375
10.575
12.8125
19.0625
41.6625
55.3375
69.3875
73.5375
77.5125
72.9375
65.9
62.825
27.225
28.8125
27.384375
32.2875
40.7625
51.6625
46.8375
65.825
44.975
49.3375
65.7625
91.7125
49.45
52.375
59.921875
65.675
74.775
77.35
79.6625
75.3875
78.9
75.4875
81.675
73.825
47.6625
42.7125
47.203125
56.45
67.8
77.375
72.1
62.175
62.7375
63.2
54.5875
48.6875
20.575
21.05
42.25
41.2125
54.35
60.25
64.5875
53.5125
56.175
76.6375
79.75
74.7875
60.9
58.125
76.340625
89.9875
98.475
105.925
71.6375
52.6
48.8625
51.3125
64.075
52.3125
25.0875
20.7
28.18125
39.9375
34.675
21.55
12.4625
8.45
9.9125
7.3625
3.01875
1.4875
0.4125
1.775
8.334375
22.2
58.4375
69.625
47.1375
28.525
18.2125
18.7875
24.4875
18.5625
11.0375
10.75
11.753125
12.55
16.6625
31.4125
45.25
33
33.35
23.4625
32.0875
37.8625
19.575
24.5875
38.75625
56.125
64.2125
86.15
94.375
74.15
76.325
79.4125
97.1875
134.84999875
60.6875
30.625
34.946875
36.25
43.925
55.6625
47.675
31.1625
27.5
26.1
32.5
44.2875
21.7625
6.4375
11.984375
20.1125
41.6125
55.4875
58.4
55.525
35.0625
48.6125
41.275
60.625
35.3125
14.4625
20.3125
60.7625
77.3625
83.0875
71.9
39.8125
33.1125
64.1375
90.4875
70.7375
55.725
29.875
24.3
24.525
24.325
25.9875
46.2125
60.1625
54.65
64.2375
67.6875
65.8625
63.9625
65.275
83.85625
117.0875
114.225
119.3875
64.0125
38.6875
30.925
52.6875
64.8875
55.375
43.15
45.775
50.971875
49.25
57.85
56.825
44.9625
39.05
48.475
57.8625
63.7875
69.375
46.5
41.8
57.53125
65.45
62.5125
67.4625
53.525
40.5375
39.7125
43.975
41.4125
41.35
34.4125
26.4125
18.984375
24.85
24.5875
32.225
37.6125
40.0875
38.3125
39.3375
30.5875
30.75
21.2375
9.7
11.0125
17.1625
18.775
21.025
26.75
59.1625
44.575
49.6375
56.85
58.575
36.6875
26.15
36.965625
43.475
53.8375
48.3125
45.675
38
30.2625
33.05
35.875
32.2
17.075
14.1875
14.334375
19.0625
22.2
22.1375
23.575
48.55
58.0125
65.85
67.925
60.3125
48.35
46.6875
60.009375
67.4375
67.525
65.425
41.0375
27.2375
31.1125
40.45
48.3
50.675
46.175
44.6875
48.4875
60.4375
67.4625
72.3875
69.15
55.0875
47.5875
35.325
37.7625
48.2125
33.875
25.65
35.55
46.375
48.4375
55.3375
56.875
48.4
42.825
36.2
38.675
41.3625
31.0125
22.55
26.446875
40.6875
53.225
55.325
56.4125
44.0625
37.5375
37.2
44.0125
64.075
50.9875
42.9875
45.24375
49.475
44.25
45.8375
53.425
59.05
66.85
64.2
67.3625
73.35
60.5
50.675
54.009375
66.925
76.4625
82.275
55.15
53.5125
58.7625
64.7125
79.2375
70.1375
42.4375
32.375
33.53125
46.675
56.075
58.075
50.9125
35.475
31
30.3375
26.35
14.25
3.9875
3.2
9.415625
15.2
15.4875
42.9375
47.3125
32.1375
27.125
42.0875
46.125
40.8625
41.3125
54.3125
61.684375
77.55
78.275
74.625
55.625
46.4625
44.7125
66
68.4375
66.65
42.4375
42.4625
47.759375
53.6125
64.2875
74.9875
54.3375
53.6375
54.175
48.3
54.0875
48.1125
35.325
29.2875
30.721875
53.4625
79.025
82.2
68.7
58.5875
86.175
89.625
101.9
96.5625
78.225
61.8375
72.565625
88.925
98.675
117.30000125
136.23750125
122.0875
110.725
88.9
81.759375
97.225
66.6875
55.975
62.9
86.1125
96
108.7125
101.95
83.525
76.95
77.25
74.4375
83.2125
61.4375
32.475
39.796875
58.725
72.9875
94.5
64.075
57.2
43.825
42.5125
37.2625
39.1125
34.3875
38.8
52.30625
65.9375
65.0625
63.3
60.8
65.6625
56.175
49.1625
63.525
73.725
55.9125
42.0375
57.15
77.8125
76.9125
82.9125
66.95
39.0125
38.125
43.6375
47.1875
70.6625
54.8125
37.9625
48.05625
48.85
72.1
67.725
58.7625
39.075
31.0875
34.25
28.125
47.5375
20.5625
14.875
10.821875
17.475
35.075
50.5625
42.55
35.125
33.3375
45.8125
48.5375
47.35
31.9625
28.7
21.509375
31.075
52.85
66.825
50.4625
35.125
34.8625
32.2375
30.35
40.45
20.05
2.4625
3.7125
23.0875
44.7
44.35
29.4375
29.1125
25.9
23.3
21.9
43.9625
14.45
-0.6125
2.990625
15.3875
17.325
35.8375
30.95
36.825
39.1
31.4375
22.9
10.4375
5.075
5.075
24.859375
63.2625
63.8125
72.875
67.9
51.3625
47.275
37.375
39.0375
48.5375
26.6375
25.975
39.91875
73.375
76.9875
69.825
45.775
43.95
48.7125
44.2
56.825
61.2875
33.8625
9.825
17.078125
34.5
64.2
77.475
63.8375
60.55
49.225
41.2
33.075
39.475
19.1125
2.425
5.55
21.525
45.65
62.1125
52.8125
49.725
41.25
43.05
37.3125
54.1
25.75
4.875
6.05
31.475
46.35
55.2
65.8375
64.9875
59.1625
43.2625
40.9125
54.3875
27.025
13.05
12.9625
21.775
33.4
52.7125
55.125
43.575
43.375
41.2125
39.6875
65.475
33.3125
3.175
2.565625
22.65
36.6
56.0625
43.3375
41.8875
42.2125
38.4375
36.675
28.775
9.4625
2.175
3.3625
21.8375
38.2
43.0875
60.1375
49.65
53.5875
46.8125
48.925
47.4875
12.2
4.15
12.25
23.4625
41.7875
71.9625
59.6625
62.3625
56.2375
45.425
37.0125
42.4625
30.7375
10.775
12.3875
26.0125
55.7875
55.775
45.425
42.925
42.975
42.2625
42.625
53.7
39.2625
21.5
22.734375
26.4375
29.375
35.55
59.4375
52.5875
58.7375
36.875
49.025
54.15
30.7375
25.025
46.865625
68.7875
79.2375
86.575
44.5375
39.125
47.65
43.125
52.0625
75.0875
58.6375
30.4625
36.640625
32.25
15.8875
19.1125
55.2375
64.0125
51.55
40.9625
37.0375
42.475
33.3375
27.4
30.884375
54.075
60.8625
46.5625
23.5625
24.875
22.25
37.625
36.7875
33.8375
33.7625
29.7
41.146875
27.8
21.2625
21.425
15.1875
14.225
12.6
20.55
34.1625
23.8125
10.5125
5.125
3.996875
10.9875
10.0375
18.9125
12.8375
9.5375
10.275
17.4
25.95
35.125
12.4125
4.55
10.540625
22.6875
29.0375
39.175
33.4125
44.325
40.1875
47.95
57.575
71.70625
62.3375
57.55
73.04375
88.7125
83.2125
63.325
71.95
59.25
52.3
49.1625
57.2125
48.45
32.3625
20.2625
19.8
37.9125
60.9
71.8
65.9
51.2125
43.0625
40.8625
40.375
48.1375
32.575
12.3125
11.8875
20.3625
33.35
46.1
37.7375
35.15
32.75
34.6875
41.0125
58.2625
30.9375
20.2625
26.653125
51.0125
65.425
47.7875
26.975
32.9875
27.4875
32.25
16.7625
18.4375
14.525
14.725
18.496875
29.0125
35.95
41.025
21.9625
21.35
19.2625
12.7125
16.8625
14.55
6.7125
7.3125
6.353125
11.7
13.4375
15.275
16.1875
14.5875
15.1125
13.325
18.4875
26.2875
16.5375
11.4875
22.18125
32.0125
36.2875
37.6125
42.5
43.15
45.9875
51.7125
54.0125
51.2875
53.6625
52.7
63.828125
81.725
78.175
52.9625
39.3125
45.95
39.5125
37.7125
45.0625
46.225
22.2375
6.775
14.56875
29.4
44.6
58.8
52.875
52.9375
45.575
43.525
37.8
36.475
17.8375
1.95
-0.29375
13.6125
23.4125
29.925
27.725
31.3625
26.8
25.7
22.2625
20.925
2.225
-1.1125
3.6125
17.425
34.0625
28.25
26
36.2875
35.0875
30.7625
14.4875
13.575
10.60390625
20.675
22.603125
30.2
31.5875
53.6875
42.1453125
45.225
30.6125
28.7625
33
33
34.1375
34.275
33.49375
47.125
46.8625
46.5125
34.05
41.8875
40.2625
43.45
49.825
47.6125
33.5125
30.575
55.54375
52.325
36.475
49.2125
45.65
63.7875
54.475
45.2
56.1
49.4875
28.0375
22.0875
22.95625
34.725
41.7125
63.525
45.575
43.7
37.5875
37.4625
25.1625
28.4375
17.4125
5.9125
13.915625
25.6875
34.4
43.4375
48.4125
44.45
35.275
33.85
38.575
37.9375
29.05
7.3625
17.434375
31.0125
34.375
29.65
22.1375
25.05
44.775
47.8
47.425
37.8875
29.7625
31.075
41.88125
41.0875
58.7
64.95
54.95
48.0875
36.2875
32.625
27.8125
20.55
37.775
52.75
50.096875
39.225
69.55
103.5875
71.5125
68.875
70.2875
50.6625
58.3625
42.4625
42.85
40.45
51.6625
53.9486328125
53.6013618469238
53.6000053197145
53.6000000207801
53.6000000000812
53.6000000000003
53.6
53.6
53.6
53.6
53.6
53.6
53.6
53.6
51.65
62.9125
85.85
114.5375
73.5375
66.025
68.2125
53.4
21.3625
32.93125
70.4125
90.1875
80.9375
64.8451171875
63.6048637390137
63.6000189989805
68.1125000651926
61.675
48.225
26.6875
13.2
25.546875
50.225
54.5
52.4609375
44.1638122558594
44.1002492666245
44.1000009736978
45.1500000035798
40.65
41.775
44.4875
50.3375
57.9375
60.9
63.7875
39.0625
25.975
22.6375
16.1875
16.3875
17.2625
20.225
23.575
31.15
37.078125
40.9875
34.675
36.8
39.5
36.9375
38.2625
40.75
32.8875
26.5625
23.5375
17.2875
28.16875
34.35
33.175
29.1375
27.775
30.85
36.4
40.375
32.425
31.45
30.9625
33.9875
30.715625
29.975
27.175
28
27.95
28.55
29.1625
27.55
23.075
30.1875
16.225
8.5625
6.64375
24.3625
21.25
26.55
20.95
21.7
16.68125
13.844189453125
19.8
27.95
21.7375
20.4875
30.490625
33.225
30.8
31.2
26.575
29.7375
37.9875
35.6875
43.4125
53.875
46.6875
28.025
32.54375
42.725
34
19.6875
20.575
31.675
16.6375
13.9625
7.3
6.875
13.875
15.625
15.4375
22.3375
17.425
41.3375
24.4625
28.6375
38.1625
57.1625
49.7125
55.225
48.9375
50.2875
57.0125
55.5125
58.2625
46.725
54.7875
55.775
49.5125
42.1375
45.5375
48.2875
46.3375
27.625
26.159375
47.45
38.425
38
43.525
51.95
43.7625
35.2625
32.175
43.075
34.45
13.4875
12.79375
33.625
39.2625
31.2125
33.7125
40.975
44.0375
40.525
32.9875
27.9875
23.675
20.6
21.084375
49.075
55.85
53.8375
50.5
54.425
49.525
47.525
38.3
56.425
49.7875
36.1625
43.725
51
59.2
57.7
63.4
65.8625
55.8125
49.525
54.025
61.9375
32.025
37.8375
46.98125
54.775
54.0875
45.05
38.2375
48.8625
44.425
31.5875
28.9625
23.575
20.425
22.675
46.05
56.1875
51.4625
50.575
47.6125
32.875
35.475
36.8125
38.425
20.3875
25.0375
29.8
33.909375
43.15
51.4875
58.125
58.2875
54.65
52.0125
64.35
57.3375
68.6125
58.7375
32.175
35.509375
32.3375
38.675
34.175
22.725
14.0125
20.325
18.85
20.95
24.725
26.0375
17.65
16.828125
27.5625
26.425
22.0875
38.0875
33.525
39.775
20.9875
17.3125
24.4875
24.4875
15.7125
18.765625
27.3
24.6375
22.6625
16.9375
11
21.275
25.825
32.35
53.55
30.6125
12.5875
16.875
25.6625
27.5375
19.025
16.15
12.4625
11.975
12.3375
19.05
16.325
4.1375
1.95
6.046875
7.95
8.175
9.5125
7.5375
8.025
10.425
12.125
11.225
14.05
9.7125
15.8125
25.190625
25.6125
30.35
34.125
25.8375
33.025
22.6375
15.65
25.2625
25.6625
13.95
3
3.9375
41.525
45.0375
40.525
38.5625
37.275
44.0125
33.8375
42.95
37.175
30.2
9.875
7.4
10.9125
16.1375
19.55
28.0125
31.5125
29.2625
22.275
22.2
26.6625
21.025
11.1625
20.70625
46.4
56.0125
47.725
26.9375
26.15
16.325
18.275
24.325
25.8875
9.7
8
13.615625
25.9
16.1625
16
17.9375
16.5625
15.4125
16.6328125
15.8375
18.7125
10.6
5.025
6.6375
12.875
15.925
19.05
18.5125
15.225
15.5125
19.7125
25.8125
24.35
9.55
3.525
2.875
8.1
11.875
11.975
6.8375
8.2375
9.7
9.575
11.7
8.1
13.1125
19.0125
27.675
30.575
21.95
21.9375
21.5625
22.075
18.3125
16.0625
17.6875
19.9375
20.8625
26.9375
28.753125
43.725
33.625
23.75
24.5875
27.325
26.75
27.32265625
28.4375
31.575
19.5375
11.0875
13.384375
22.5125
15.9125
17.0375
19.8375
21.9375
20.4375
19.9375
21.7625
18.3125
6.9875
2.6
5.0125
17.15
31.525
32.0125
28.9625
37.225
42.45
42.9375
53.95
43.5625
40.5875
38.8375
40.234375
52.05
39.9625
37.5125
32.9625
35.225
38.5
41.325
36.3125
37.875
35.3
28.8
23.790625
23.625
33.9875
29.1375
36.35
35.7875
36.0875
33.4875
34.9375
33.75
28.4
14.7125
15.825
26.2875
24.1875
17.5625
19.75
23.85
23.5125
18.5625
10.0375
10.0875
12.1625
7.175
11.15
17.7
18.9
19.075
16.6125
14.85
13.05
9.1125
8.275
8.5375
8
7.8125
30.88125
34.5625
25.2125
26.1375
24.3625
21.9875
19.5875
22.25
34.1
39.0875
33.775
31.2625
43.175
27.45
31.3
29.025
60.1125
72.6
67.675
82.2625
67.8
71.275
39.35
25.075
42.3125
56.3375
62.05
61.55
46.9625
45.0375
45.975
43.675
45.275
32.7625
24.725
19.0125
27.25
28.2125
28.9875
34.1125
28.475
33.8625
40.4
67.4875
44.0375
27.0375
17.7375
28.2375
27.625
33.8
30.3
32.8
37.15
57.99267578125
60.1345336914063
45.2125
36.525
44.2
44.925
19.15
24.5125
34.7625
39.325
20.8875
11.1375
10.95
9.6625
9.2625
9.2375
7.4375
4.5625
6.1125
17.3125
22.6125
18.325
17.9875
12.9875
14.85
12.1625
10.675
11.325
10.85
8.5875
6.8125
10.51875
18.3375
19.8
45.3875
63.0875
59.0125
30.8875
26.6625
25.85
23.5875
12.2375
7.3
7.075
14.7
19.475
37.5375
34.225
32.55
29.4125
30.425
41.725
64.0125
43.325
11.0625
14.475
20.175
21.65
27.0875
28.2375
32.6125
30.5875
28.3375
28.05
30.875
31.325
24.7
19.51875
32.0875
38.2875
19.1875
19.425
24.3125
24.8125
20.2
25.5
30.475
26.9375
22.8
14.159375
24.7
26.2
22.25
22.8375
26.3625
22.2875
17.3
20.8375
18.6
12.075
6.625
7.8125
12.0125
34.5875
27.5625
25.175
18.125
13.0375
8.175
5.5
8.425
22.3125
26.8875
22.778125
28.8375
47.025
42.8375
28.9625
28.6
36.4625
49.1875
45.025
40.1125
41.8875
38.4125
50.09375
63.7
55.525
26.8875
24.875
26.6
23.6
47.85
56.475
50.5125
32.0875
16.9625
25.359375
34.125
58.9625
33.3625
35.2375
29.6125
29.65
33.9
39.7125
35.95
19.8875
11.7875
12.75
26.3625
40.0875
44.5125
31.3125
30.325
22.6625
30.7
43.1125
43.6625
24.525
7.425
15.55
35.275
55.075
56.8
51.5875
47.175
40.9875
20.925
13.6875
27.7375
15.5625
12.7625
19.278125
21.5375
14.3
14.0125
14.425
14.75
20.2625
18.55
21.1125
15.5125
10.175
24.4
53.415625
68.4375
70.3875
77.2
56.975
57.0875
64.9125
47.775
43.4
33.2375
26.375
21.8875
36.115625
44.6375
53.6
40.6125
34.775
39.9875
45.275
46.3
59.125
56.85
51.775
61.3125
74.73125
84.8125
95.775
59.125
42.1875
42.7125
37.7625
31.4
31.4125
34.8875
27.925
19.075
29.75625
44.2375
39.625
44.0375
25.4375
26.275
23.825
20.225
24.2375
28.8125
24.4
14.425
22.58125
34.75
38.6
32.95
28.1625
25.275
23.9875
22.5375
23.125
23.8
13
5.4625
7.79375
12.35
19
19.475
21.175
47.175
40.2125
42.8
44.675
51.45
51.3375
26.9
28.84375
40.35
38.775
29.2
33.375
43.4875
32.8125
57.1375
67.3875
67.5
57.2
31.025
32.515625
42.3625
37.65
31.375
33.6
20.95
17.4875
15.0375
9.925
11.525
8.3625
6.8875
18.3
22.2
21.925
17.1125
11.9625
11.575
10.275
10.8125
11.05
10.75
8.3875
6.775
8.3
12.0375
14.625
18.175
15.4
19.6625
14.625
10.975
19.2875
36.9625
19.975
12.4
11.74375
17.525
18.4125
18.5625
15.8
19.9375
25.65
17.575
19.2625
18.9375
13.225
5.0875
10.30625
24.2
28.5875
21.3
19.5625
19.5
17.4875
15.1125
23.4875
36
20.025
5.725
9.578125
16.3375
46.65
56.2375
65.475
49.0125
30.5125
29.0375
22.8875
24.5125
29.5875
16.95
16.175
26.0625
33.0375
47.7
39.6125
31.8875
29.0875
24.9125
34.5625
45.8625
46.175
21.6875
20.9625
21.7375
25.1625
19.075
16.675
19.6625
21.475
12.925
10.975
11.8
8.5
8.0125
12.59375
19.4
20.7875
22.8
16.4
14.15
15.35
16.0375
18.0625
15.925
13.1
17.625
25.6125
35.8375
42.125
36.6375
50.9125
56.8
62.8
66.2875
69.2625
62.9
43.075
19.2625
24.478125
48.05
64.35
73.05
82.775
95.9875
84.0375
81.45
71.3375
76.3125
62.9375
50.025
52.296875
53.8625
36.8875
28.725
30.1
28.525
22.325
21.2
24.275
26.4
34.9625
24.4375
19.028125
21.5625
25.9125
26.8125
27.9375
25.65
23.375
21.6125
20.3875
22.3
12.4125
7.0375
9.44375
24.875
40.8375
52.125
73.9625
75.9625
49.8125
49.268505859375
50.7940176010132
50.799976631254
50.7999999087158
50.7999999996434
50.7999999999986
50.8
50.8
50.8
50.8
50.8
50.8
50.8
50.8
50.8
50.8
50.8
50.8
50.8
50.8
50.8
50.8
50.8
50.8
50.8
50.8
50.8
50.8
50.8
50.8
50.8
50.8
50.8
50.8
50.8
50.8
50.8
50.8
50.8
50.8
50.8
50.8
50.8
50.8
50.8
46.6
44.2125
45.075
53.025
51.325
61.9
22.6875
7.0125
12.5625
36
50.9375
56.4
47.975
52.8625
46
42.9
45.4375
47.2
29.175
25.05
37.440625
50.0375
64.7
65.375
57.6625
72.525
56.75
56.675
53.9125
55.8625
23.6875
10.225
11.30625
28.375
46.425
51.375
30.4
29.5
30.45
26.15
24.725
16.1625
7.3625
4.8
4.76875
12.25
17.525
36.075
46.4125
47.1375
33.75
35.35
23.4875
15.7
11.2625
16.9125
25.409375
43.575
59.0625
38.175
58.5875
50.4125
48.15
44.0375
40.0875
45.1875
18.7125
17.5125
16.425
40.025
59.9125
48
53.5
63.725
48.7625
47.9875
42.9125
45.9875
38.85
47.275
61.85625
61.45
65.65
71.1625
52.9625
62.6125
34.7125
37.7125
46.875
57.6
52.7125
52.6625
56.121875
71.75
66.775
40.5625
32.2375
29.05
26.425
28.2875
25.7
29.55
19.55
8.8375
12.8625
17.5
20.5125
29.1
54.1
19.8125
19.225
19.1
21.0875
26.2
26
14.9875
11.584375
17.3125
23.875
23.575
26.175
17.475
20.1875
23.4125
23.1875
28.45
7.975
3.45
7.24375
7.65
19.3875
19.5125
16.975
14.8875
11.9875
11.1125
6.275
8.2875
7.6125
3.95
5.89375
10.55
19.525
28.525
22.3125
18.625
19.3625
18.95
19.3
21.25
21.425
20.2125
26.925
21.775
22.95
21.8875
15.05
18.075
29.9875
29.4125
34.0125
36.875
16.475
25.475
58.55625
69.3875
62.9625
51.9625
40.05
46.7125
42.875
31.75
28.6125
31.3
23.975
26.0875
48.26875
55.775
57.0875
62.5125
65.6375
90.6625
80.9
59.3875
45.1125
35.9875
38.225
42.7125
37.096875
49.3
67.3
55.4
64.325
86.275
96.275
58.3625
44.3875
49.45
36.95
24.7125
29.971875
32.475
27.9875
34.8625
33.175
39.325
43.5625
36.625
53.6875
104.925
93.4625
62.4
63.1
78.225
57.0625
33.65
23.4625
27.875
25.75
36.6375
45.2125
46.9125
40.85
40.775
54.2125
65.6625
69.075
83.65
70.4375
65.475
50.85
57.2125
68.7125
89.1125
57.9875
46.0125
48.453125
88.6
91.325
69.3625
46.775
35.5375
34.375
46.4
50.4375
53.475
49.4625
41.1
48.871875
78.6125
90.6625
74.175
46.8625
48.35
31.3625
25
42.5375
56.9
43.2875
12.7375
18.6875
25.05
46.2
68.3
34.725
39.675
46.95
56.7625
79.4875
110.4125
97.925
68
66.16875
80.5375
74.0375
61.55
61.175
62.6
80.9125
52.525
70.4625
95.3875
69.15
63
69.375
74.375
69.4125
67.325
60.875
57.4
34.05
35.85
38.1125
56.0625
53.6875
61.4125
67.878125
65.3375
50.4375
41.6
28.7625
27.1125
20.2625
27.8625
26.525
33.7
29.7875
27.3
38.95625
45.5875
53.0875
57.4
50.125
50.1125
40.9625
42.625
37.175
38.1125
20.3375
10.1125
12.390625
32.7125
56.45
76.7
62.9875
54.9625
49.2375
46.925
54.775
69.4
29.3625
9.8375
16.40625
36.525
74.1125
75.3
47.2375
48.875
36.5
40.8
36.85
47.5375
29.65
10.775
11.490625
29.6
41.0625
36.7375
33.275
38.55
32.0125
36.775
39.0875
36.7
17.6375
5.4625
6.68125
26.85
56.575
55.7875
52.65
53.1375
54.4625
39.4875
41.2375
61.1
45.3375
15.3375
13.603125
31.825
63.0125
74.1125
56.225
45.5125
48.8
44.4
44.9125
52.45
31.3375
10.10625
9.334375
18.675
28.275
29.7125
22.3375
24.375
22.9
23.025
17.125
15.1125
7.875
9.1375
15.440625
21.15
23.7625
27.3625
26.5625
27.1625
24.3125
25.6125
22.4
25.25
17.3375
14.3
20.065625
35.3
47.45
63.675
55.425
50.625
47.7375
47.7875
46.75
54.7
43.0875
24.975
24.859375
50.675
78.5
96.8125
73.95
69.675
62.5625
45.0375
46.075
50.8875
52.4
48.475
59.28125
85.0625
95.475
95.5
85.175
75.8375
83.675
77.6875
76.05
83.025
65.3125
36.35
34.915625
54.8
69.825
74.1875
70.075
73.675
79.0625
76.225
72.0625
89.175
59.5
46.45
54.640625
78.3
65.575
38.175
21.5125
16.5125
16.4375
22.55
34.225
38.1
20.6625
7.5625
9.771875
17.4625
27.35
28.7625
23.3125
22.675
27.0375
18.7125
19.3375
43.85
69.4875
78.6
103.134375
113.075
111.7625
82.325
28.5125
23.7625
21.3
61.55
86.6
96.0875
77.3125
83.625
95.609375
117.2
105.95
88.75
70.0875
63.6125
53.425
62.475
68.7125
67.35
57.2625
52.7375
60.61875
70.25
82.35
89.1375
65.1375
61.0875
47.5375
51.4125
65.975
68.3125
44.8625
37.4375
41.2625
62.375
63.725
76.025
69.35
53.9125
51.5375
54.5625
47.6375
53.3375
17.7875
25.2125
45.21875
69.3125
80.6125
73.45
54.3375
52.45
47.375
40.6
43.8375
47.4125
14.7
17.3375
50.4625
67.025
82.7125
85.2125
84.8125
72.3375
64.8
66.3
77.85
79.8
52.25
42.0125
44.659375
53.3125
52.375
53.3125
48.825
43.625
44.8625
43.075
38.4875
54.725
40.2125
61.9625
72.475
69
66.375
63.2875
52
43.65
38.4875
43.575
36.7875
41.85
12.55
16.175
19.909375
41.2875
52.7375
70.5375
37.675
27.925
21.6625
29.45
52.0125
47.7875
26.5875
19.25
40.53125
48.0625
54.3
58.4375
33.2125
23.1125
31.35
36.3125
43.2875
38.8875
12.825
12.525
23.50625
23.6625
33.775
62
87.2875
44.625
42.15
45.0625
52.0625
42.5625
21.575
12.025
15.484375
34.625
74.6375
74.8375
66.1125
46.05
39.7875
41.4125
46.725
48.1625
26.7625
19.275
25.496875
26.0625
31.3
26.2375
26.0375
20.625
31.3125
59.3125
67.9875
62.6875
33.6875
11.825
20.184375
23.575
46.1625
30.875
26.7625
13.8875
15.35
15.9625
36.8
46.6625
44.25
56.825
57.24375
65.6875
77.55
86.25
76.1875
45.375
47.025
57.6875
66.2375
41.925
52.475
58.55
69.615625
68.325
76.4875
86.125
63.2375
49.925
47.9125
38.675
36.7375
31.825
18.5
17.6875
23.609375
31.2875
33.55
37.5875
44.7
42.2375
32.575
31.3125
29.65
26.8375
9.4125
5.175
9.515625
24.475
35.1125
47.375
50.25
44.6
41.3625
47.5
43.3375
32.6875
9.45
6.45
11.453125
34.5875
47.3625
58.75
61.6875
56.4125
60.1
60.2375
71.975
73.55
64.675
60.65
57.6125
61.4
80.7125
50.7875
41.85
33.925
30.775
36.65
101.7625
78.675
19.8
12.225
11.321875
13.0125
13
12.825
12.325
11.1
13.6625
10.7375
14.95
26.225
32.5875
39.525
38.415625
41.15
38.6125
33.8375
17.0375
14.1625
12.9375
22.0125
49.525
64.6875
23
9.9375
16.40625
22.4875
31.2
44.1875
41.125
34.425
35.3
44.9125
60.5625
113.80000125
72.9375
80.3
87.925
93.0625
92.6625
74.9125
38.3375
20.8
18.9125
20.5625
35.475
42
15.9375
13.05
15.309375
24.4
39.7625
48.45
53.175
55.4125
44.25
42.7375
45.825
34.9125
15.5375
16.3
43.30625
72.7375
76.3125
73.4375
55.825
40.275
38.575
59.25
71.0125
66.675
62.7125
65.3
67.1375
51.0625
60.4
51.8625
52.7125
57.3
51.4875
50.8875
52.125
62.0625
42.875
62.5
74.340625
82.075
75.525
58.7375
35.475
22.65
28.4875
31.7875
30.5125
44.9125
44.0375
47.0125
59.959375
66.4375
61.2875
60.225
43.275
30.5875
37.3625
46.9875
50.125
50.675
23
24.75
36.36875
54.5625
72.25
68.1375
57.575
49.0625
59.325
53.1
53.1375
73.1375
59.825
66.4625
70.665625
76.6375
80.9625
73.65
58.2
45.9
37.575
37.5625
52.325
40.5375
10.925
8.4375
11.721875
18.45
27.1
53.45
48.4
31.1625
23.9625
21
35.9
31.65
9.175
7.475
12.81875
20.9875
29.55
42.025
44.6125
34.6625
24.7
27.3125
25.925
15.5125
4.5375
4.025
7.340625
17.3
28.3
28.3875
32.7125
33.9875
28.78515625
40.34765625
52.5875
43.825
17.35
18.65
21.365625
33.15
43.8625
58.9875
75.75
45.7375
35.6375
37.975
54.1375
42.85
21.5625
10.3875
9.821875
12.95
30.0125
34.025
24.525
16.85
13.1125
17.35
22.7875
20.975
14.3625
13.9625
15.95625
30.8625
29.5125
36.6125
24.375
21.1125
22.675
33.975
44.5
29.5875
12.075
10.625
14.503125
18.45
23.825
34.0625
43.8625
46.0375
67.1375
69.8375
65.0875
57.6
25.1125
10.125
11.2
19.6875
23.7
27.25
24.138525390625
24.3989786148071
24.3999960102141
24.3999999844149
24.3999999999391
24.3999999999998
24.4
24.4
24.4
24.4
27.2375
41.675
54.425
48.55
32.5375
34.3125
43.0375
38.6125
19.35
11.2
22.096875
47.4625
66.3375
69.8875
46.5375
26.6625
25.9375
30.6
51.875
57.6625
33.875
47.025
51.528125
57.8625
61.2125
72.7625
68.3625
57.4375
59.9875
64.359521484375
63.6029668807983
63.6000115893781
63.600000045271
63.6000000001768
63.6000000000007
63.6
63.6
63.6
63.6
63.6
63.6
63.6
63.8
69.2125
46.2125
50.5
52.93125
70.1625
71.275
85.2375
72.4625
56.5625
45.475
49.75
78.5625
65.45
35.1875
18.3375
32.71875
45.1
63.6
64.4875
52.3125
35.675
34.5625
33.925
41.0375
53.75
14.05
8.525
11.590625
29.075
38.7
42.5375
60.1375
53.55
51.4375
67.3375
75.0125
64.35
49.025
31.2625
45.35625
53.075
62.3
71.15
61.65
44.95
36.425
38.4875
49.5375
36.6125
10.775
8.775
13.71875
18.175
26.5125
26.2375
33.325
34.5
33.475
33.2625
31.55
20.3625
10.5875
8.35
11.875
15.5
20.6375
27.7
28.075
28.025
24.45
34.4
28
21.4375
14.8875
14.45
13.946875
20.3625
26.4625
46.5625
33.1625
25.575
26.675
29.4
26.7625
15.825
9.7625
9.7875
12.390625
19.475
28
33.3125
48.725
50.475
46
78.775
87.8125
54.3375
24.8375
26.5375
38.334375
39.8625
53.0375
55.7875
48.3875
39.7625
42.4375
57.7
102.325
83.525
66.95
51.1875
50.3625
47.825
40.6125
34.5625
34.8
30.875
23.25
25.6875
60.5375
61.8625
28.025
18.9625
26.39375
35.575
36
39.1125
47.6625
39.7125
25.5625
36.5375
50.9625
33.2125
14.4375
13.25
13.246875
15.375
17.65
24.3
27.85
28.875
29.95
45.5375
73.9625
96.6375
43.425
21.9
20.015625
34.025
25.4875
48.4
65.7
62.225
39.625
25.25
25.2375
17.625
19.075
37.1125
48.50625
25.2125
21.825
32.6625
33.9125
25.0875
21.7125
24.0375
21.375
14.3125
10.55
9.7125
9.5375
10.375
15.075
16.9625
22.425
21.9125
21.9
25.5
32.4125
33.075
22.6375
23.95
28.06875
42.325
27.5875
25.575
30.75
31.7375
32.65
48.3
63.7125
59.125
22.1
14.6875
18.725
30.95
45.325
38.325
43.675
39.7125
31.125
33.025
44.775
45.6125
23.25
18.4625
38.3
55.45
46.2375
41.175
48.075
42.4125
47.1125
57.275
64.6875
42.775
17.975
14.7125
18.2875
25.2875
34.1375
43.1125
41.9
33.175
29.9625
31.8
33.45
30.875
12.85
11.2
13.128125
15.325
22.6125
27.3625
29.95
40.2625
70.6875
57
57.3875
42.6
25.6375
26.8
32.409375
28.775
29.625
29.325
32.6875
30.575
19.65
20.4375
19.8625
21.425
15.475
14.95
15.875
18.325
22.1375
27.0875
47.575
56.775
72.025
76.025
105.925
97.7125
73.4625
69.3375
72.7875
55.9
38.1375
42.85
54.2625
41.6
30.2625
44.7125
56.0875
40.175
19.75
19.35
18.165625
19.89140625
25.25
34.325
42.3875
40.8875
41.3875
44.075
50.275
37.575
17.55
16.3625
21.571875
27.1921875
41.6875
59.275
56.8875
44.6625
31.775
42.3625
55
36.35
20.55
16.8375
27.921875
42.075
43.5375
43.5875
43.5875
36.0125
32.825
37.9375
48.7625
33.95
15.4375
14.5125
22.296875
26.9375
35.65
33.1375
26.5625
24.725
23.9125
21.55
20.3375
19.5
19.75
28.2625
33.128125
39.9625
48.7125
59
49.7125
36.25
32.3875
33.625
42.5
29.7875
20.4
21.4375
31.05
24.4875
37.05
46.4875
56.25
62.3125
54.8625
96.4375
141.4125
110.72499875
66.1
61.9375
62.8625
61.95
64.125
66.725
60.375
46.2375
37.9125
41.1125
53.9
42.125
23.5875
27.0125
39.565625
51.575
61.625
70.95
74.1
69.875
66.7125
87.2375
114.5125
93.175
60.95
62.475
61.81875
62.375
63.425
62.575
50.25
59.8875
53.8125
53.7625
58.95
67.9875
49.3375
46.6625
38.796875
38.5125
39.4375
44.4625
54.95
53.675
47.6875
54.3125
57.4875
61.45
44.05
33.65
34.671875
52.025
60.6875
57.25
56.6375
54.5125
52.675
47.3375
45.1625
36.9375
29.1625
27.7125
33.98125
37.8875
39.6375
51.8875
46.875
48.45
53.575
61.35
100.9875
68.675
52.675
45.6625
58.0875
63.5625
90.9875
95.275
83.2375
69.15
60.1375
63.175
51.1875
47.375
48.7625
47
63.2125
61.7625
57.2625
67.1625
76.2
71.175
56
75.8375
73.9875
69.5875
61.425
57.975
59.25
65.325
67.925
69.7875
73.9
71.875
65.575
63.75
67.6640625
67.9625
51.95
47.825
53.309375
58.825
63.9375
67.4125
65.1375
60
55.5125
55.6125
61.45
58.8875
50.3125
47.8375
58.403125
62.225
65.3625
68.625
67.4875
68.925
70.225
60.275
52.6
46.5125
42.5125
41.3625
39.20625
46.1625
45.275
52.65
57.2875
51.3375
44.35
43.0375
41.4875
44.1375
45.425
47.8
51.03125
54.4625
58.3
63.025
57.925
56.6875
55.6625
70.8125
75.3875
62.425
55.75
53.45
54.296875
58.7625
63.1625
67.75
69.5125
68.95
64.15
66.025
71.325
68.1625
58.9875
60.775
63.16875
63.475
61.6
65.7125
67.040625
51.41640625
50.0875
46.425
50.4875
48.9
44.475
53.375
56.303125
61.175
66.65
68.1625
68.5
63.2125
54.5625
69.4125
69.15
59.725
47.5875
53.125
58.609375
78.2375
90.8
98.3625
107.0375
89.3125
89.5375
113.83749875
131.21249875
112.475
106.975
106.2875
112.475
