"x"
66.9
70.8
70.8
65
65
63.1
65
66.9
61.2
68.8
72.7
65
66.9
57.4
65
68.8
66.9
66.9
57.4
51.6
45.9
44
49.7
36.3
42.1
47.8
38.3
32.5
30.6
24.9
24.9
24.9
26.8
26.8
23
23
30.6
28.7
28.7
32.5
28.7
32.5
28.7
28.7
24.9
21
24.9
24.9
26.8
26.8
30.6
30.6
32.5
32.5
38.3
40.2
38.3
44
42.1
47.8
51.6
57.4
57.4
53.5
55.5
49.7
47.8
49.7
49.7
42.1
40.2
42.1
47.8
44
49.7
40.2
45.9
53.5
65
42.1
38.3
36.3
45.9
51.6
51.6
44
44
41.15
39.725
38.3
32.5
30.6
32.5
44
59.3
74.6
65
61.2
53.5
57.4
51.6
38.3
30.6
32.5
30.6
32.5
34.4
30.6
24.9
24.9
26.8
24.9
26.8
40.2
42.1
45.9
30.6
34.4
36.3
32.5
26.8
23
21
23
21
19.1
19.1
21
15.3
15.3
17.2
13.4
15.3
15.3
15.3
17.2
13.4
14.35
14.825
15.0625
15.18125
15.240625
15.3
15.3
15.3
13.4
17.2
15.3
21
21
24.9
28.7
34.4
44
49.7
47.8
49.7
68.8
68.8
70.8
74.6
84.2
86.1
95.6
103.3
95.6
95.6
88
86.1
88
82.2
82.2
70.8
66.9
68.8
68.8
68.8
68.8
68.8
68.8
68.8
68.8
70.8
58.35
52.125
45.9
40.2
49.7
59.3
65
72.7
72.7
65
61.2
61.2
55.5
45.9
42.1
38.3
38.3
36.3
42.1
44
45.9
40.2
36.3
28.7
28.7
26.8
24.9
26.8
24.9
21
23
21
23
17.2
15.3
23
21
13.4
15.3
17.2
15.3
15.3
17.2
17.2
17.2
17.2
17.2
19.1
19.1
21
17.2
19.1
21
21
21
24.9
21
26.8
28.7
32.5
38.3
42.1
45.9
55.5
51.6
49.7
38.3
38.3
45.9
47.8
49.7
51.6
55.5
53.5
53.5
55.5
53.5
59.3
61.2
57.4
55.5
59.3
55.5
57.4
55.5
47.8
49.7
47.8
49.7
45.9
51.6
49.7
42.1
40.2
36.3
36.3
37.3
37.8
38.3
38.3
38.3
40.2
38.3
38.3
42.1
45.9
55.5
49.7
47.8
63.1
70.8
65
63.1
68.8
70.8
66.9
66.9
51.6
45.9
51.6
45.9
42.1
42.1
30.6
23
23
19.1
23
19.1
21
24.9
23
23
15.3
13.4
13.4
15.3
11.5
15.3
19.1
15.3
15.3
13.4
15.3
13.4
15.3
13.4
13.4
17.2
15.3
15.3
17.2
15.3
13.4
13.4
13.4
15.3
13.4
9.6
11.5
11.5
9.6
7.7
13.4
15.3
15.3
15.3
15.3
13.4
15.3
15.3
21
17.2
23
26.8
34.4
32.5
40.2
40.2
42.1
44
44
45.9
47.8
44
51.6
47.8
47.8
49.7
44
32.5
36.3
28.65
24.825
21
15.3
13.4
11.5
13.4
11.5
13.4
13.4
19.1
15.3
15.3
23
19.1
19.1
21
24.9
32.5
21
21
28.7
23
19.1
23
26.8
21
19.1
17.2
9.6
13.4
9.6
9.6
5.7
5.7
11.5
11.5
11.5
9.6
11.5
11.5
11.5
9.6
9.6
9.6
9.6
9.6
9.6
11.5
5.7
5.7
9.6
9.6
5.7
9.6
9.6
5.7
11.5
11.5
5.7
9.6
9.6
9.6
9.6
11.5
9.6
15.3
9.6
11.5
15.3
13.4
13.4
17.2
13.4
17.2
13.4
15.3
15.3
13.4
13.4
13.4
13.4
15.3
15.3
15.3
11.5
11.5
11.5
11.5
7.7
5.7
7.7
11.5
11.5
15.3
17.2
17.2
17.2
17.2
17.2
19.1
21
23
26.8
30.6
26.8
40.2
40.2
28.7
34.4
34.4
34.4
40.2
44
44
42.1
36.3
26.8
17.2
23
28.7
34.4
23
21
23
23
21
17.2
19.1
19.1
13.4
7.7
7.7
9.6
7.7
7.7
11.5
13.4
11.5
11.5
11.5
7.7
11.5
7.7
7.7
11.5
7.7
9.6
11.5
7.7
13.4
9.6
7.7
9.6
9.6
11.5
13.4
13.4
11.5
15.3
13.4
9.6
15.3
11.5
15.3
15.3
15.3
15.3
17.2
17.2
19.1
19.1
19.1
19.1
19.1
21
26.8
28.7
28.7
28.7
30.6
32.5
30.6
26.8
28.7
32.5
23
24.9
24.9
23
23
32.5
28.7
26.8
24.9
24.9
26.8
28.7
36.3
30.6
28.7
28.7
30.6
28.7
26.8
26.8
26.8
26.8
34.4
28.7
26.8
24.9
21
19.1
23
23
21
19.1
19.1
21
23
19.1
23
24.9
24.9
19.1
21
19.1
21
21
17.2
17.2
19.1
19.1
19.1
17.2
17.2
13.4
13.4
13.4
13.4
13.4
11.5
15.3
13.4
15.3
15.3
17.2
13.4
13.4
13.4
13.4
17.2
17.2
13.4
15.3
17.2
15.3
15.3
17.2
15.3
21
19.1
21
17.2
21
24.9
24.9
26.8
28.7
30.6
28.7
26.8
21
23
23
19.1
17.2
17.2
17.2
15.3
13.4
13.4
13.4
9.6
13.4
9.6
13.4
9.55
5.7
7.7
9.6
9.6
13.4
9.6
13.4
9.6
13.4
15.3
15.3
19.1
19.1
23
21
19.1
21
21
24.9
21
21
23
24.9
23
21
19.1
19.1
19.1
19.1
19.1
24.9
23
19.1
21
17.2
17.2
17.2
15.3
15.3
17.2
17.2
24.9
23
21
17.2
21
19.1
19.1
17.2
17.2
17.2
17.2
17.2
17.2
17.2
17.2
17.2
17.2
17.2
17.2
17.2
17.2
17.2
17.2
17.2
19.1
19.1
15.3
17.2
17.2
21
21
23
26.8
28.7
28.7
30.6
28.7
28.7
30.6
26.8
24.9
21
21
17.2
19.1
15.3
17.2
17.2
19.1
17.2
15.3
13.4
15.3
17.2
15.3
14.35
13.4
13.4
13.4
13.4
13.4
13.4
7.7
9.6
9.6
11.5
11.5
15.3
15.3
13.4
17.2
15.3
17.2
15.3
17.2
17.2
17.2
17.2
15.3
19.1
21
19.1
19.1
21
17.2
19.1
19.1
17.2
19.1
19.1
19.1
17.2
17.2
17.2
19.1
21
23
21
23
17.2
21
19.1
19.1
19.1
19.1
17.2
13.4
13.4
15.3
17.2
15.3
17.2
13.4
17.2
21
17.2
15.3
15.3
13.4
15.3
15.3
17.2
19.1
17.2
19.1
21
21
21
23
21
24.9
28.7
24.9
26.8
26.8
28.7
24.9
23
23
23
24.9
26.8
28.7
26.8
26.8
24.9
24.9
24.9
26.8
26.8
28.7
29.65
30.6
40.2
42.1
42.1
53.5
51.6
47.8
51.6
45.9
42.1
34.4
34.4
32.5
24.9
23
32.5
36.3
38.3
30.6
23
23
30.6
32.5
26.8
38.3
24.9
24.9
30.6
23
19.1
15.3
17.2
19.1
15.3
15.3
11.5
9.6
9.6
13.4
15.3
15.3
15.3
15.3
13.4
15.3
15.3
13.4
19.1
17.2
15.3
13.4
13.4
15.3
13.4
15.3
15.3
13.4
13.4
17.2
15.3
17.2
17.2
17.2
19.1
19.1
19.1
19.1
24.9
19.1
28.7
40.2
47.8
34.4
30.6
32.5
34.4
36.3
42.1
42.1
38.3
34.4
26.8
21
17.2
21
17.2
19.1
15.3
17.2
15.3
15.3
15.3
9.6
9.6
6.7
5.25
3.8
5.7
3.8
5.7
5.7
7.7
9.6
9.6
17.2
15.3
17.2
23
26.8
24.9
24.9
24.9
24.9
19.1
21
23
23
24.9
23
28.7
30.6
30.6
32.5
26.8
32.5
32.5
40.2
38.3
36.3
40.2
38.3
42.1
40.2
40.2
36.3
30.6
40.2
32.5
49.7
40.2
44
49.7
36.3
32.5
42.1
42.1
44
42.1
36.3
40.2
49.7
51.6
59.3
57.4
61.2
61.2
59.3
63.1
59.3
61.2
61.2
53.5
55.5
57.4
63.1
76.5
80.3
70.8
82.2
74.6
74.6
72.7
65
63.1
66.9
63.1
59.3
51.6
49.7
47.8
45.9
44
44
44
45.9
45.9
42.1
40.2
32.5
28.7
26.8
25.85
24.9
24.9
28.7
30.6
28.7
34.4
30.6
30.6
36.3
45.9
49.7
55.5
49.7
38.3
45.9
51.6
45.9
36.3
38.3
40.2
36.3
26.8
26.8
23
28.7
23
21
17.2
15.3
13.4
15.3
15.3
11.5
11.5
13.4
11.5
15.3
11.5
9.6
9.6
9.6
9.6
7.7
7.7
7.7
7.7
7.7
7.7
9.6
7.7
7.7
5.7
7.7
7.7
9.6
9.6
13.4
9.6
11.5
11.5
13.4
15.3
13.4
19.1
19.1
17.2
15.3
13.4
13.4
13.4
13.4
13.4
15.3
15.3
17.2
17.2
17.2
17.2
15.3
17.2
19.1
13.4
15.3
11.5
15.3
15.3
15.3
11.5
11.5
19.1
21
21
21
28.7
25.85
24.425
23
23
23
21
24.9
23
23
23
23
24.9
24.9
26.8
26.8
21
28.7
28.7
30.6
34.4
28.7
30.6
32.5
32.5
30.6
32.5
24.9
23
21
21
23
24.9
26.8
21
24.9
19.1
21
21
24.9
40.2
28.7
17.2
13.4
24.9
19.1
13.4
15.3
17.2
17.2
17.2
21
24.9
24.9
23
21
24.9
19.1
19.1
13.4
13.4
13.4
15.3
15.3
21
17.2
17.2
15.3
13.4
13.4
13.4
15.3
15.3
17.2
17.2
17.2
17.2
17.2
17.2
19.1
17.2
17.2
17.2
19.1
19.1
19.1
17.2
21
21
19.1
17.2
17.2
15.3
11.5
17.2
17.2
19.1
18.15
17.675
17.2
17.2
19.1
21
21
23
21
23
21
23
23
21
21
21
19.1
19.1
17.2
19.1
24.9
24.9
24.9
23
24.9
24.9
26.8
23
24.9
24.9
26.8
26.8
21
23
23
24.9
26.8
24.9
26.8
21
19.1
19.1
21
19.1
19.1
21
24.9
23
23
21
23
21
24.9
24.9
28.7
30.6
36.3
51.6
72.7
70.8
61.2
40.2
42.1
40.2
45.9
40.2
44
45.9
49.7
47.8
47.8
47.8
49.7
45.9
49.7
49.7
47.8
44
44
44
45.9
42.1
38.3
36.3
36.3
34.4
30.6
28.7
24.9
26.8
26.8
26.8
23
23
23
24.9
25.85
26.325
26.8
23
24.9
23
23
26.8
30.6
32.5
34.4
38.3
38.3
38.3
44
49.7
53.5
55.5
61.2
61.2
76.5
78.4
82.2
82.2
78.4
86.1
57.4
84.2
99.4
99.4
95.6
88
88
86.1
86.1
70.8
65
74.6
82.2
80.3
68.8
53.5
61.2
55.5
70.8
70.8
59.3
63.1
59.3
59.3
65
66.9
68.8
65
63.1
66.9
66.9
65
63.1
65
59.3
70.8
76.5
78.4
70.8
66.9
68.8
68.8
80.3
88
88
82.2
84.2
82.2
82.2
76.5
65
61.2
63.1
61.2
63.1
65
65
61.2
61.2
63.1
65
68.8
68.8
66.9
68.8
74.6
74.6
72.7
70.8
74.6
73.65
73.175
72.7
70.8
72.7
74.6
72.7
72.7
76.5
76.5
76.5
80.3
84.2
88
82.2
80.3
84.2
82.2
80.3
70.8
74.6
66.9
61.2
51.6
53.5
49.7
32.5
24.9
24.9
17.2
17.2
17.2
17.2
15.3
15.3
21
17.2
17.2
15.3
17.2
15.3
15.3
15.3
9.6
15.3
15.3
15.3
15.3
15.3
15.3
19.1
17.2
17.2
21
17.2
15.3
17.2
19.1
21
24.9
19.1
19.1
19.1
19.1
23
21
21
24.9
23
21
21
26.8
26.8
24.9
26.8
26.8
24.9
26.8
28.7
34.4
30.6
30.6
30.6
32.5
26.8
23
23
21
17.2
21
21
19.1
23
19.1
19.1
21
18.15
16.725
15.3
17.2
17.2
19.1
21
21
21
19.1
23
19.1
21
23
23
24.9
23
21
17.2
19.1
21
21
19.1
19.1
17.2
21
21
17.2
17.2
17.2
17.2
15.3
15.3
17.2
15.3
15.3
11.5
13.4
11.5
9.6
13.4
11.5
9.6
9.6
9.6
15.3
15.3
15.3
13.4
15.3
17.2
17.2
13.4
15.3
17.2
17.2
19.1
17.2
13.4
15.3
13.4
21
15.3
13.4
17.2
15.3
17.2
17.2
19.1
23
19.1
21
19.1
26.8
24.9
21
24.9
26.8
28.7
26.8
26.8
24.9
24.9
24.9
23
23
21
21
17.2
15.3
17.2
13.4
17.2
17.2
19.1
19.1
19.1
19.1
19.1
17.2
17.2
21
21
21
21
21
23
24.9
23
26.8
23
23
24.9
21
19.1
23
24.9
24.9
23
26.8
38.3
38.3
32.5
34.4
28.7
34.4
32.5
28.7
26.8
26.8
23
26.8
28.7
24.9
24.9
23
23
17.2
19.1
17.2
15.3
17.2
15.3
17.2
19.1
17.2
17.2
19.1
17.2
17.2
15.3
17.2
15.3
19.1
21
24.9
23
23
21
28.7
26.8
24.9
24.9
24.9
23
23
23
21
19.1
21
24.9
26.8
26.8
21
23
28.7
28.7
28.7
30.6
28.7
23
23
21
17.2
21
19.1
17.2
17.2
13.4
13.4
13.4
17.2
15.3
14.35
13.4
13.4
13.4
11.5
11.5
13.4
13.4
15.3
19.1
19.1
17.2
21
21
23
23
21
19.1
21
21
19.1
23
21
19.1
17.2
15.3
19.1
17.2
15.3
17.2
15.3
17.2
11.5
11.5
15.3
9.6
9.6
11.5
9.6
7.7
9.6
9.6
9.6
7.7
7.7
7.7
9.6
7.7
7.7
9.6
9.6
11.5
9.6
11.5
11.5
9.6
15.3
9.6
7.7
9.6
9.6
9.6
7.7
9.6
13.4
15.3
15.3
13.4
13.4
15.3
11.5
11.5
11.5
11.5
11.5
9.6
11.5
11.5
15.3
11.5
13.4
11.5
11.5
11.5
11.5
13.4
13.4
15.3
17.2
17.2
17.2
19.1
19.1
19.1
21
21
21
21
19.1
19.1
19.1
19.1
19.1
15.3
15.3
23
24.9
23
24.9
23
28.7
28.7
30.6
24.9
28.7
28.7
30.6
30.6
32.5
34.4
32.5
32.5
32.5
34.4
32.5
30.6
32.5
30.6
28.7
26.8
30.6
34.4
32.5
30.6
30.6
26.8
26.8
19.1
23
24.9
21
24.9
28.7
24.9
24.9
23
24.9
21
23
24.9
24.9
24.9
24.9
23
21
26.8
28.7
26.8
28.7
30.6
30.6
32.5
36.3
34.4
32.5
36.3
36.3
34.4
30.6
28.7
28.7
24.9
24.9
24.9
26.8
26.8
24.9
23
23
24.9
23
23
24.9
24.9
24.9
24.9
26.8
24.9
28.7
28.7
30.6
30.6
30.6
30.6
26.8
26.8
26.8
26.8
26.8
34.4
47.8
51.6
42.1
44
42.1
38.3
42.1
40.2
40.2
32.5
28.7
30.6
28.7
30.6
26.8
30.6
24.9
24.9
24.9
26.8
24.9
23
26.8
26.8
28.7
28.7
17.2
17.2
24.9
21
23
23
13.4
13.4
13.4
13.4
13.4
15.3
15.3
17.2
15.3
13.4
15.3
11.5
19.1
21
21
21
19.1
19.1
21
21
24.9
21
21
23
23
24.9
26.8
26.8
24.9
26.8
26.8
30.6
32.5
34.4
32.5
32.5
30.6
30.6
26.8
24.9
24.9
21
23
15.3
15.3
15.3
13.4
13.4
13.4
13.4
11.5
11.5
9.6
11.5
11.5
10.55
10.075
9.6
9.6
9.6
9.6
9.6
11.5
11.5
13.4
13.4
13.4
13.4
15.3
15.3
15.3
15.3
19.1
21
17.2
21
17.2
15.3
19.1
19.1
23
19.1
15.3
19.1
19.1
19.1
23
17.2
17.2
21
24.9
23
21
21
23
28.7
21
15.3
24.9
19.1
19.1
15.3
19.1
21
15.3
21
21
21
21
17.2
21
19.1
21
19.1
23
23
21
19.1
23
23
23
19.1
23
23
26.8
30.6
34.4
38.3
44
40.2
42.1
38.3
38.3
36.3
42.1
42.1
40.2
38.3
34.4
34.4
36.3
36.3
36.3
38.3
42.1
40.2
44
47.8
42.1
44
47.8
46.85
46.375
45.9
45.9
49.7
44
44
53.5
40.2
36.3
57.4
61.2
45.9
53.5
57.4
57.4
55.5
53.5
57.4
57.4
59.3
51.6
55.5
59.3
57.4
53.5
53.5
51.6
45.9
42.1
28.7
32.5
28.7
30.6
26.8
24.9
26.8
24.9
17.2
24.9
28.7
28.7
21
21
13.4
15.3
19.1
19.1
19.1
15.3
15.3
23
21
23
21
21
23
19.1
17.2
21
23
19.1
23
21
19.1
23
23
21
23
26.8
30.6
34.4
38.3
40.2
40.2
49.7
51.6
51.6
49.7
47.8
47.8
49.7
44
45.9
44
38.3
38.3
40.2
40.2
40.2
40.2
36.3
42.1
42.1
42.1
45.9
50.7
53.1
55.5
53.5
51.6
53.5
59.3
61.2
55.5
61.2
66.9
63.1
65
66.9
66.9
68.8
66.9
68.8
66.9
59.3
51.6
45.9
30.6
34.4
28.7
23
19.1
23
24.9
21
17.2
17.2
17.2
21
13.4
23
23
17.2
19.1
21
17.2
21
23
23
24.9
24.9
23
23
26.8
24.9
23
24.9
28.7
24.9
23
21
21
23
21
23
21
24.9
21
17.2
13.4
13.4
17.2
11.5
15.3
13.4
17.2
21
23
21
21
17.2
21
19.1
21
19.1
17.2
19.1
15.3
13.4
13.4
11.5
13.4
11.5
11.5
9.6
3.8
7.7
7.7
7.7
7.7
11.5
8.6
7.15
5.7
5.7
7.7
7.7
7.7
9.6
7.7
7.7
7.7
7.7
9.6
9.6
7.7
9.6
15.3
15.3
21
21
30.6
28.7
32.5
34.4
32.5
34.4
30.6
38.3
36.3
47.8
45.9
42.1
42.1
42.1
38.3
44
40.2
34.4
40.2
42.1
42.1
49.7
51.6
49.7
57.4
45.9
59.3
45.9
40.2
40.2
34.4
32.5
23
23
23
21
23
28.7
28.7
21
24.9
23
21
23
24.9
23
15.3
19.1
21
24.9
23
24.9
24.9
23
24.9
24.9
24.9
26.8
24.9
24.9
32.5
34.4
26.8
24.9
24.9
19.1
19.1
17.2
15.3
13.4
11.5
11.5
11.5
13.4
13.4
15.3
13.4
12.45
11.5
15.3
21
28.7
26.8
28.7
30.6
32.5
32.5
34.4
28.7
34.4
53.5
66.9
61.2
57.4
53.5
53.5
53.5
57.4
66.9
63.1
59.3
57.4
66.9
70.8
59.3
44
47.8
44
55.5
57.4
49.7
42.1
36.3
32.5
28.7
17.2
19.1
19.1
17.2
15.3
15.3
13.4
13.4
15.3
15.3
13.4
13.4
13.4
26.8
17.2
17.2
15.3
15.3
17.2
19.1
19.1
17.2
17.2
15.3
17.2
19.1
19.1
19.1
23
23
19.1
19.1
23
19.1
23
23
19.1
24.9
26.8
19.1
19.1
21
24.9
26.8
21
21
24.9
26.8
26.8
28.7
28.7
28.7
28.7
28.7
26.8
30.6
34.4
27.7
24.35
21
26.8
30.6
34.4
30.6
28.7
26.8
36.3
34.4
36.3
32.5
32.5
32.5
32.5
34.4
30.6
34.4
36.3
36.3
40.2
59.3
78.4
74.6
76.5
66.9
51.6
47.8
21
19.1
30.6
26.8
38.3
42.1
34.4
30.6
30.6
23
26.8
24.9
23
21
23
30.6
26.8
21
21
26.8
24.9
28.7
24.9
28.7
23
26.8
19.1
19.1
15.3
17.2
21
21
23
24.9
23
24.9
28.7
30.6
30.6
28.7
30.6
34.4
34.4
36.3
32.5
34.4
36.3
36.3
32.5
32.5
34.4
32.5
36.3
34.4
32.5
32.5
30.6
38.3
42.1
42.1
30.6
34.4
26.8
24.9
28.7
28.7
32.5
31.55
31.075
30.6
30.6
30.6
32.5
36.3
32.5
32.5
36.3
40.2
40.2
47.8
45.9
45.9
45.9
45.9
53.5
51.6
57.4
53.5
59.3
70.8
78.4
63.1
59.3
63.1
61.2
55.5
34.4
30.6
34.4
34.4
28.7
30.6
30.6
32.5
26.8
24.9
32.5
32.5
21
26.8
21
26.8
32.5
30.6
28.7
28.7
26.8
21
23
28.7
17.2
15.3
19.1
19.1
19.1
17.2
24.9
26.8
28.7
26.8
26.8
34.4
28.7
32.5
32.5
32.5
36.3
36.3
42.1
38.3
45.9
42.1
47.8
51.6
45.9
44
42.1
42.1
38.3
38.3
36.3
32.5
30.6
30.6
26.8
23
21
21
26.8
28.7
28.7
28.7
30.6
25.8
23.4
21
23
24.9
23
23
23
23
26.8
32.5
34.4
24.9
21
28.7
23
30.6
26.8
26.8
38.3
38.3
36.3
28.7
19.1
19.1
21
19.1
21
17.2
19.1
21
17.2
15.3
24.9
26.8
17.2
21
15.3
17.2
17.2
17.2
15.3
15.3
19.1
15.3
17.2
26.8
17.2
19.1
19.1
15.3
15.3
19.1
15.3
15.3
19.1
19.1
19.1
15.3
13.4
17.2
19.1
17.2
17.2
15.3
19.1
23
17.2
26.8
26.8
23
17.2
24.9
21
23
28.7
26.8
24.9
32.5
30.6
28.7
30.6
26.8
30.6
30.6
30.6
30.6
30.6
26.8
24.9
28.7
30.6
28.7
32.5
32.5
34.4
35.35
35.825
36.3
36.3
38.3
40.2
42.1
42.1
44
45.9
42.1
47.8
40.2
42.1
45.9
42.1
38.3
32.5
30.6
32.5
30.6
28.7
24.9
24.9
28.7
24.9
23
23
17.2
17.2
19.1
21
19.1
17.2
17.2
13.4
15.3
13.4
13.4
13.4
15.3
17.2
15.3
17.2
17.2
17.2
15.3
17.2
13.4
17.2
15.3
13.4
17.2
16.25
15.775
15.5375
15.41875
15.3
13.4
13.4
13.4
13.4
13.4
13.4
17.2
15.3
13.4
15.3
15.3
17.2
24.9
26.8
30.6
26.8
32.5
28.7
28.7
23
23
19.1
24.9
26.8
28.7
26.8
28.7
24.9
21
21
21
23
19.1
21
21
21
17.2
19.1
17.2
16.25
15.3
13.4
13.4
17.2
15.3
17.2
19.1
24.9
30.6
36.3
44
61.2
55.5
47.8
51.6
55.5
55.5
47.8
49.7
45.9
51.6
66.9
97.5
95.6
101.4
103.3
97.5
103.3
93.7
89.9
80.3
88
88
84.2
72.7
70.8
68.8
59.3
55.5
57.4
57.4
57.4
49.7
49.7
51.6
44
44
44
44
44
44
47.8
44
44
42.1
42.1
42.1
42.1
38.3
47.8
44
44
45.9
38.3
45.9
45.9
44
45.9
57.4
72.7
72.7
80.3
89.9
91.8
86.1
74.6
68.8
72.7
66.9
68.8
76.5
66.9
57.4
55.5
55.5
55.5
51.6
51.6
53.5
57.4
61.2
63.1
70.8
72.7
72.7
72.7
72.7
70.8
68.8
70.8
66.9
68.8
70.8
59.3
59.3
51.6
44
42.1
40.2
36.3
40.2
40.2
32.5
36.3
36.3
36.3
30.6
24.9
24.9
34.4
21
19.1
19.1
21
17.2
13.4
15.3
17.2
15.3
15.3
17.2
15.3
17.2
15.3
19.1
13.4
19.1
17.2
17.2
24.9
21
17.2
17.2
21
17.2
19.1
19.1
19.1
21
26.8
23
24.9
23
28.7
28.7
30.6
23
26.8
28.7
34.4
40.2
44
42.1
42.1
42.1
45.9
45.9
51.6
63.1
66.9
55.5
51.6
49.7
47.8
51.6
49.7
42.1
36.3
34.4
30.6
17.2
17.2
21
19.1
21
21
19.1
17.2
19.1
21
16.25
13.875
11.5
13.4
15.3
17.2
19.1
19.1
19.1
19.1
23
26.8
24.9
26.8
24.9
24.9
24.9
19.1
24.9
26.8
30.6
34.4
34.4
26.8
24.9
26.8
19.1
23
23
23
21
24.9
23
19.1
17.2
19.1
17.2
17.2
15.3
13.4
17.2
15.3
13.4
15.3
13.4
11.5
13.4
13.4
13.4
9.6
15.3
11.5
13.4
15.3
13.4
13.4
15.3
13.4
13.4
13.4
11.5
11.5
15.3
13.4
15.3
19.1
17.2
15.3
21
26.8
26.8
23
19.1
15.3
21
21
21
21
24.9
19.1
15.3
13.4
15.3
17.2
17.2
15.3
24.9
23
21
19.1
21
23
24.9
24.9
26.8
26.8
27.75
28.225
28.7
30.6
26.8
24.9
28.7
28.7
30.6
30.6
26.8
28.7
24.9
32.5
24.9
24.9
23
21
23
21
19.1
21
19.1
23
23
23
24.9
24.9
24.9
23
21
15.3
17.2
15.3
17.2
17.2
17.2
15.3
13.4
13.4
13.4
15.3
15.3
15.3
17.2
26.8
21
40.2
38.3
30.6
19.1
21
21
19.1
21
26.8
15.3
23
19.1
17.2
15.3
13.4
15.3
15.3
15.3
13.4
15.3
17.2
15.3
15.3
15.3
15.3
17.2
21
23
26.8
32.5
30.6
23
23
19.1
21
17.2
15.3
19.1
15.3
15.3
15.3
13.4
13.4
13.4
15.3
15.3
13.4
17.2
23
21.05
20.075
19.1
17.2
17.2
19.1
19.1
19.1
17.2
107.1
105.2
107.1
110.9
105.2
97.5
78.4
72.7
66.9
57.4
49.7
42.1
38.3
36.3
26.8
23
28.7
28.7
30.6
44
53.5
57.4
32.5
26.8
26.8
23
21
24.9
26.8
36.3
38.3
40.2
36.3
38.3
32.5
28.7
28.7
34.4
34.4
34.4
26.8
28.7
30.6
26.8
26.8
32.5
40.2
38.3
38.3
40.2
44
44
47.8
42.1
40.2
40.2
38.3
34.4
36.3
45.9
63.1
65
70.8
78.4
82.2
89.9
101.4
107.1
114.8
112.8
112.8
110.9
107.1
103.3
99.4
97.5
99.4
99.4
101.4
99.4
97.5
97.5
99.4
103.3
103.3
103.3
107.1
105.2
104.25
103.3
105.2
105.2
105.2
109
107.1
99.4
99.4
101.4
99.4
101.4
99.4
107.1
101.4
101.4
89.9
93.7
105.2
110.9
114.8
84.2
78.4
72.7
66.9
65
74.6
66.9
65
55.5
38.3
45.9
45.9
57.4
42.1
45.9
55.5
59.3
65
53.5
59.3
40.2
47.8
42.1
36.3
34.4
40.2
51.6
53.5
53.5
45.9
45.9
44
47.8
44
42.1
38.3
42.1
44
49.7
51.6
55.5
57.4
57.4
57.4
57.4
63.1
55.5
55.5
51.6
53.5
51.6
49.7
47.8
53.5
59.3
61.2
61.2
57.4
53.5
55.5
47.8
45.9
45.9
42.1
44
40.2
44
44
42.1
40.2
44
40.2
38.3
40.2
44
45.9
47.8
53.5
59.3
70.8
80.3
82.2
87
91.8
91.8
72.7
70.8
74.6
88
93.7
97.5
99.4
99.4
91.8
66.9
72.7
57.4
44
44
47.8
40.2
42.1
36.3
30.6
23
24.9
26.8
26.8
23
26.8
26.8
23
19.1
21
19.1
15.3
15.3
13.4
15.3
15.3
19.1
13.4
13.4
15.3
13.4
21
15.3
15.3
21
15.3
19.1
21
21
23
19.1
28.7
26.8
30.6
30.6
28.7
30.6
26.8
26.8
26.8
28.7
30.6
30.6
30.6
30.6
34.4
30.6
38.3
40.2
49.7
53.5
57.4
59.3
57.4
55.5
49.7
55.5
68.8
70.8
49.7
42.1
36.3
32.5
30.6
26.8
28.7
28.7
28.7
28.7
26.8
24.9
26.8
28.7
28.7
30.6
32.5
34.4
34.4
34.4
32.5
34.4
32.5
28.7
26.8
28.7
30.6
26.8
28.7
26.8
28.7
26.8
26.8
24.9
26.8
28.7
26.8
24.9
24.9
21
17.2
21
21
24.9
21
19.1
26.8
26.8
24.9
26.8
28.7
34.4
34.4
30.6
30.6
30.6
32.5
32.5
40.2
40.2
42.1
40.2
45.9
47.8
40.2
47.8
40.2
44
34.4
40.2
36.3
36.3
47.8
57.4
55.5
68.8
57.4
53.5
61.2
72.7
66.9
66.9
76.5
82.2
78.4
84.2
80.3
74.6
70.8
65
59.3
59.3
59.3
51.6
51.6
47.8
42.1
42.1
45.9
45.9
47.8
61.2
59.3
54.5
52.1
49.7
45.9
40.2
44
38.3
40.2
42.1
45.9
40.2
40.2
36.3
42.1
42.1
44
55.5
59.3
66.9
78.4
76.5
76.5
89.9
97.5
93.7
82.2
76.5
63.1
44
40.2
40.2
36.3
32.5
36.3
23
32.5
30.6
28.7
26.8
24.9
24.9
24.9
21
23
21
26.8
19.1
21
17.2
19.1
30.6
30.6
19.1
21
23
23
21
28.7
28.7
36.3
26.8
32.5
28.7
24.9
19.1
23
21
26.8
26.8
28.7
24.9
28.7
28.7
28.7
26.8
30.6
34.4
38.3
45.9
44
45.9
45.9
45.9
44
45.9
49.7
47.8
49.7
40.2
49.7
47.8
49.7
40.2
40.2
55.5
53.5
40.15
33.475
26.8
26.8
23
17.2
23
30.6
28.7
32.5
34.4
34.4
34.4
32.5
36.3
38.3
36.3
32.5
30.6
38.3
34.4
36.3
51.6
57.4
61.2
61.2
51.6
44
36.3
30.6
24.9
26.8
24.9
23
23
24.9
23
21
21
21
23
21
19.1
21
24.9
21
17.2
17.2
19.1
17.2
19.1
19.1
17.2
17.2
19.1
19.1
17.2
17.2
17.2
19.1
21
19.1
17.2
19.1
17.2
21
17.2
13.4
13.4
17.2
11.5
15.3
17.2
17.2
17.2
13.4
13.4
11.5
17.2
13.4
11.5
11.5
13.4
9.6
11.5
9.6
7.7
9.6
7.7
7.7
7.7
5.7
5.7
5.7
5.7
7.7
6.7
6.2
5.7
5.7
5.7
5.7
7.7
7.7
7.7
7.7
7.7
9.6
9.6
9.6
11.5
11.5
11.5
11.5
17.2
11.5
13.4
19.1
23
21
30.6
45.9
47.8
49.7
42.1
38.3
44
47.8
49.7
53.5
59.3
53.5
55.5
51.6
59.3
57.4
61.2
59.3
51.6
44
44
49.7
44
49.7
49.7
40.2
49.7
42.1
40.2
40.2
40.2
47.8
49.7
45.9
42.1
47.8
55.5
59.3
57.4
40.2
40.2
45.9
34.4
34.4
40.2
36.3
38.3
36.3
32.5
30.6
26.8
30.6
30.6
32.5
28.7
34.4
30.6
28.7
28.7
23
24.9
24.9
26.8
28.7
24.9
26.8
28.7
30.6
32.5
28.7
28.7
32.5
33.45
33.925
34.4
34.4
34.4
30.6
34.4
40.2
38.3
40.2
51.6
51.6
59.3
53.5
49.7
45.9
42.1
45.9
40.2
49.7
51.6
57.4
61.2
65
72.7
57.4
59.3
51.6
55.5
47.8
49.7
47.8
44
45.9
45.9
36.3
44
45.9
44
44
32.5
36.3
36.3
36.3
38.3
34.4
36.3
42.1
30.6
34.4
34.4
36.3
34.4
36.3
30.6
34.4
32.5
30.6
26.8
26.8
30.6
30.6
30.6
30.6
32.5
28.7
26.8
24.9
23
24.9
28.7
26.8
28.7
26.8
28.7
26.8
26.8
23
21
21
19.1
23
23
21
17.2
13.4
19.1
19.1
19.1
19.1
21
23
23
23
24.9
23
25.85
27.275
28.7
32.5
30.6
36.3
34.4
34.4
36.3
36.3
36.3
32.5
32.5
36.3
36.3
38.3
42.1
36.3
32.5
34.4
40.2
44
45.9
44
44
45.9
47.8
47.8
45.9
38.3
32.5
36.3
32.5
26.8
28.7
30.6
30.6
34.4
38.3
26.8
30.6
34.4
30.6
28.7
26.8
23
32.5
30.6
24.9
24.9
28.7
24.9
26.8
26.8
28.7
30.6
30.6
32.5
26.8
24.9
23
23
24.9
23
26.8
26.8
26.8
32.5
34.4
32.5
34.4
36.3
38.3
42.1
38.3
36.3
42.1
38.3
44
47.8
42.1
45.9
40.2
45.9
51.6
44
44
32.5
34.4
34.4
32.5
28.7
30.6
26.8
32.5
34.4
42.05
45.875
49.7
47.8
45.9
38.3
38.3
47.8
47.8
49.7
65
66.9
59.3
72.7
63.1
55.5
49.7
55.5
59.3
66.9
51.6
36.3
34.4
32.5
28.7
24.9
26.8
32.5
28.7
28.7
23
28.7
36.3
38.3
42.1
34.4
34.4
32.5
36.3
32.5
32.5
28.7
24.9
24.9
24.9
30.6
24.9
28.7
26.8
24.9
24.9
28.7
30.6
32.5
38.3
42.1
42.1
38.3
38.3
38.3
40.2
49.7
51.6
55.5
55.5
61.2
63.1
72.7
84.2
97.5
101.4
97.5
97.5
88
89.9
95.6
91.8
86.1
84.2
82.2
80.3
80.3
82.2
78.4
70.8
66.9
65
51.6
44
42.1
44
45.9
34.4
34.4
42.1
47.8
46.85
46.375
45.9
51.6
51.6
55.5
57.4
63.1
65
76.5
82.2
82.2
76.5
74.6
65
59.3
53.5
53.5
47.8
44
44
40.2
45.9
44
44
44
42.1
36.3
40.2
36.3
38.3
36.3
38.3
32.5
34.4
23
24.9
30.6
24.9
21
21
21
19.1
24.9
24.9
17.2
23
24.9
15.3
19.15
21.075
22.0375
22.51875
23
24.9
24.9
26.8
23
24.9
23
26.8
21
19.1
23
28.7
26.8
26.8
34.4
34.4
42.1
40.2
45.9
34.4
34.4
38.3
51.6
65
72.7
80.3
78.4
80.3
74.6
68.8
66.9
65
63.1
68.8
68.8
72.7
74.6
76.5
76.5
78.4
78.4
84.2
91.8
90.85
90.375
89.9
89.9
88
88
78.4
78.4
84.2
89.9
93.7
99.4
101.4
101.4
105.2
103.3
97.5
101.4
91.8
86.1
78.4
91.8
80.3
74.6
63.1
57.4
40.2
40.2
23
26.8
26.8
26.8
23
23
24.9
21
24.9
26.8
21
21
23
23
19.1
23
24.9
19.1
19.1
21
23
23
21
23
23
19.1
19.1
17.2
19.1
21
19.1
17.2
23
23
23
24.9
34.4
32.5
32.5
36.3
38.3
38.3
42.1
47.8
47.8
51.6
49.7
53.5
45.9
51.6
51.6
45.9
59.3
59.3
51.6
55.5
51.6
51.6
47.8
45.9
40.2
40.2
44
34.4
40.2
30.6
26.8
26.8
25.85
25.375
24.9
26.8
30.6
32.5
30.6
36.3
40.2
45.9
45.9
47.8
49.7
44
38.3
45.9
45.9
44
44
49.7
44
44
45.9
51.6
49.7
51.6
51.6
53.5
53.5
53.5
51.6
57.4
53.5
59.3
57.4
51.6
57.4
57.4
63.1
61.2
51.6
57.4
55.5
59.3
63.1
59.3
59.3
57.4
47.8
45.9
40.2
44
44
45.9
42.1
51.6
53.5
63.1
63.1
61.2
55.5
47.8
42.1
42.1
42.1
40.2
38.3
37.3
36.3
42.1
44
45.9
42.1
49.7
49.7
49.7
45.9
47.8
45.9
51.6
57.4
57.4
51.6
45.9
42.1
38.3
40.2
30.6
28.7
26.8
28.7
32.5
30.6
38.3
42.1
40.2
34.45
31.575
28.7
34.4
32.5
34.4
40.2
40.2
38.3
38.3
40.2
42.1
40.2
49.7
42.1
49.7
63.1
65
65
57.4
76.5
65
51.6
55.5
53.5
55.5
51.6
49.7
45.9
44
42.1
57.4
51.6
47.8
40.2
34.4
38.3
40.2
34.4
30.6
40.2
36.3
36.3
28.7
26.8
26.8
36.3
34.4
38.3
34.4
38.3
38.3
34.4
34.4
32.5
36.3
36.3
38.3
36.3
32.5
36.3
36.3
40.2
40.2
34.4
34.4
40.2
36.3
34.4
38.3
38.3
34.4
45.9
42.1
40.2
40.2
38.3
40.2
42.1
47.8
49.7
51.6
61.2
63.1
59.3
61.2
59.3
61.2
61.2
65
63.1
66.9
68.8
68.8
68.8
65
61.2
59.3
57.4
53.5
42.1
28.7
32.5
32.5
40.2
65
49.7
40.2
38.3
45.9
47.8
40.2
36.3
47.8
49.7
34.4
24.9
30.6
30.6
34.4
26.8
24.9
21
19.1
23
28.7
28.7
23
21
21
17.2
17.2
19.1
19.1
17.2
19.1
19.1
17.2
17.2
19.1
15.3
19.1
17.2
13.4
15.3
15.3
17.2
15.3
17.2
15.3
15.3
15.3
17.2
15.3
13.4
15.3
17.2
17.2
17.2
17.2
17.2
17.2
17.2
17.2
19.1
17.2
17.2
17.2
15.3
17.2
19.1
17.2
17.2
21
19.1
19.1
21
19.1
21
21
21
21
19.1
19.1
17.2
13.4
17.2
17.2
15.3
15.3
17.2
17.2
16.25
15.775
15.3
15.3
15.3
15.3
17.2
17.2
17.2
17.2
17.2
15.3
17.2
19.1
17.2
23
23
24.9
24.9
23
23
23
23
24.9
24.9
24.9
23
26.8
24.9
24.9
26.8
23
23
23
24.9
19.1
21
17.2
19.1
17.2
19.1
17.2
19.1
21
21
21
21
19.1
19.1
19.1
17.2
19.1
21
19.1
21
21
19.1
19.1
19.1
17.2
17.2
21
17.2
21
17.2
19.1
21
21
24.9
23
23
26.8
30.6
36.3
34.4
36.3
40.2
42.1
42.1
40.2
40.2
32.5
32.5
36.3
36.3
40.2
40.2
36.3
36.3
36.3
36.3
36.3
40.2
34.4
36.3
36.3
34.4
33.45
32.5
36.3
34.4
36.3
42.1
45.9
47.8
47.8
49.7
51.6
55.5
57.4
63.1
63.1
63.1
68.8
74.6
68.8
68.8
65
59.3
59.3
65
61.2
49.7
47.8
44
42.1
34.4
34.4
34.4
32.5
30.6
32.5
30.6
32.5
30.6
26.8
21
24.9
26.8
34.4
40.2
38.3
40.2
42.1
40.2
45.9
42.1
44
42.1
38.3
42.1
32.5
32.5
26.8
24.9
26.8
24.9
26.8
23
24.9
26.8
28.7
30.6
28.7
26.8
32.5
38.3
34.4
40.2
36.3
38.3
36.3
30.6
38.3
38.3
38.3
38.3
44
44
44
42.1
40.2
36.3
30.6
30.6
34.4
34.4
30.6
34.4
34.4
28.7
26.8
25.85
25.375
24.9
24.9
26.8
24.9
28.7
28.7
30.6
17.2
15.3
17.2
21
23
21
21
21
24.9
23
28.7
28.7
30.6
28.7
30.6
26.8
26.8
30.6
28.7
28.7
32.5
23
21
32.5
21
30.6
30.6
26.8
26.8
23
24.9
17.2
19.1
19.1
21
24.9
21
24.9
21
24.9
21
21
24.9
21
21
19.1
23
26.8
21
23
24.9
24.9
28.7
30.6
28.7
28.7
28.7
28.7
28.7
34.4
36.3
32.5
40.2
40.2
47.8
53.5
53.5
49.7
49.7
47.8
49.7
47.8
49.7
44
40.2
38.3
38.3
36.3
36.3
32.5
32.5
32.5
26.8
21
23
26.8
30.6
28.7
27.75
26.8
30.6
30.6
30.6
32.5
32.5
24.9
24.9
23
23
30.6
30.6
34.4
28.7
30.6
34.4
30.6
36.3
34.4
38.3
45.9
40.2
38.3
44
57.4
55.5
53.5
45.9
42.1
55.5
51.6
47.8
40.2
45.9
47.8
38.3
40.2
34.4
34.4
34.4
30.6
36.3
42.1
44
55.5
42.1
38.3
30.6
36.3
34.4
30.6
28.7
30.6
34.4
45.9
40.2
40.2
36.3
32.5
40.2
40.2
34.4
32.5
32.5
36.3
36.3
40.2
44
49.7
51.6
53.5
51.6
53.5
51.6
55.5
55.5
55.5
51.6
51.6
49.7
44
38.3
36.3
34.4
34.4
28.7
26.8
24.9
24.9
24.9
24.9
23
23
26.8
23.9
22.45
21
21
23
23
21
21
21
23
24.9
26.8
26.8
30.6
30.6
32.5
34.4
42.1
36.3
40.2
38.3
44
40.2
45.9
49.7
47.8
42.1
44
49.7
36.3
34.4
38.3
36.3
34.4
34.4
38.3
34.4
32.5
32.5
32.5
32.5
30.6
26.8
28.7
32.5
40.2
34.4
34.4
30.6
28.7
28.7
28.7
28.7
30.6
36.3
34.4
44
32.5
40.2
38.3
36.3
34.4
40.2
40.2
38.3
32.5
28.7
36.3
28.7
34.4
45.9
34.4
40.2
36.3
40.2
40.2
42.1
38.3
40.2
42.1
42.1
42.1
38.3
40.2
44
38.3
32.5
30.6
28.7
28.7
30.6
26.8
30.6
23
24.9
24.9
21.05
19.125
17.2
17.2
17.2
19.1
19.1
21
23
24.9
26.8
36.3
32.5
36.3
34.4
32.5
32.5
26.8
34.4
36.3
36.3
38.3
38.3
42.1
51.6
51.6
40.2
42.1
44
49.7
47.8
55.5
57.4
59.3
55.5
42.1
40.2
24.9
28.7
30.6
21
19.1
32.5
28.7
24.9
21
23
23
26.8
24.9
24.9
24.9
21
24.9
26.8
24.9
21
24.9
21
24.9
23
21
24.9
21
21
21
19.1
17.2
19.1
17.2
17.2
19.1
17.2
19.1
15.3
17.2
15.3
19.1
19.1
17.2
19.1
13.4
17.2
15.3
17.2
15.3
15.3
13.4
13.4
13.4
13.4
15.3
17.2
13.4
15.3
17.2
17.2
17.2
17.2
21
19.1
17.2
21
23
24.9
24.9
24.9
21
26.8
23
19.1
19.1
23
23
26.8
26.8
23
30.6
26.8
30.6
36.3
38.3
32.5
30.6
26.8
24.9
30.6
30.6
28.7
32.5
32.5
28.7
40.2
28.7
24.9
19.1
17.2
19.1
19.1
23
21
19.1
21
23
23
24.9
23
28.7
26.8
17.2
28.7
23
26.8
23
21
21
21
24.9
26.8
26.8
26.8
26.8
24.9
23
24.9
24.9
26.8
26.8
28.7
30.6
28.7
30.6
28.7
28.7
30.6
24.9
24.9
24.9
24.9
19.1
19.1
17.2
17.2
19.1
15.3
15.3
19.1
13.4
17.2
17.2
17.2
17.2
15.3
14.35
13.4
17.2
19.1
19.1
21
19.1
19.1
19.1
24.9
28.7
26.8
32.5
40.2
40.2
34.4
40.2
32.5
40.2
36.3
38.3
40.2
38.3
42.1
49.7
38.3
42.1
40.2
38.3
47.8
40.2
42.1
44
51.6
40.2
30.6
36.3
36.3
36.3
34.4
32.5
32.5
30.6
30.6
32.5
28.7
28.7
23
24.9
24.9
26.8
26.8
26.8
26.8
26.8
26.8
28.7
28.7
28.7
28.7
32.5
26.8
30.6
32.5
32.5
28.7
36.3
32.5
34.4
36.3
34.4
36.3
32.5
36.3
34.4
40.2
38.3
38.3
26.8
30.6
32.5
26.8
21
21
19.1
17.2
21
15.3
9.6
9.6
9.6
9.6
7.7
11.5
13.4
10.55
9.125
7.7
5.7
7.7
7.7
13.4
11.5
13.4
13.4
13.4
19.1
17.2
17.2
21
23
19.1
23
21
23
19.1
24.9
26.8
34.4
30.6
38.3
34.4
34.4
34.4
36.3
32.5
24.9
32.5
30.6
32.5
36.3
32.5
34.4
38.3
42.1
40.2
32.5
36.3
34.4
40.2
47.8
36.3
38.3
32.5
30.6
24.9
24.9
23
23
26.8
34.4
34.4
30.6
26.8
30.6
28.7
30.6
28.7
28.7
30.6
26.8
26.8
32.5
32.5
32.5
36.3
42.1
42.1
47.8
49.7
45.9
47.8
42.1
45.9
45.9
44
47.8
42.1
36.3
32.5
24.9
24.9
23
19.1
24.9
24.9
23
21
19.1
19.1
21
21
21
21
23
23
26.8
24.9
32.5
36.3
36.3
45.9
44
57.4
59.3
53.5
63.1
63.1
66.9
61.2
59.3
40.2
30.6
45.9
61.2
45.9
32.5
34.4
36.3
42.1
36.3
34.4
28.7
34.4
26.8
26.8
28.7
28.7
26.8
26.8
28.7
26.8
26.8
30.6
24.9
23
28.7
26.8
24.9
24.9
30.6
24.9
24.9
25.85
26.325
26.5625
26.68125
26.8
26.8
21
24.9
24.9
32.5
26.8
26.8
24.9
26.8
26.8
36.3
28.7
36.3
36.3
40.2
42.1
36.3
42.1
53.5
47.8
47.8
53.5
66.9
68.8
49.7
40.2
44
44
38.3
28.7
30.6
30.6
21
21
21
17.2
21
28.7
38.3
29.65
25.325
21
23
21
21
26.8
30.6
36.3
28.7
36.3
45.9
57.4
53.5
51.6
51.6
61.2
59.3
82.2
91.8
82.2
68.8
70.8
65
65
47.8
42.1
45.9
44
44
40.2
34.4
38.3
30.6
23
28.7
26.8
23
21
23
23
23
15.3
21
21
26.8
24.9
21
15.3
19.1
17.2
19.1
17.2
15.3
17.2
17.2
17.2
23
23
23
34.4
30.6
34.4
30.6
24.9
28.7
30.6
34.4
30.6
38.3
36.3
40.2
42.1
44
44
45.9
49.7
44
49.7
45.9
45.9
40.2
38.3
38.3
32.5
28.7
23
21
23
21
17.2
19.1
17.2
15.3
17.2
19.1
18.15
17.675
17.2
17.2
19.1
21
21
19.1
19.1
23
23
24.9
23
23
23
23
23
24.9
23
24.9
28.7
26.8
32.5
32.5
34.4
38.3
32.5
36.3
30.6
30.6
26.8
30.6
38.3
38.3
30.6
36.3
32.5
26.8
26.8
30.6
30.6
28.7
21
21
26.8
28.7
26.8
24.9
26.8
24.9
30.6
26.8
23
34.4
26.8
32.5
34.4
32.5
26.8
28.7
26.8
34.4
34.4
34.4
34.4
38.3
47.8
45.9
49.7
49.7
53.5
49.7
49.7
51.6
47.8
53.5
45.9
55.5
51.6
55.5
55.5
55.5
55.5
51.6
53.5
42.1
30.6
32.5
30.6
30.6
34.4
40.2
44
42.1
47.8
44
41.15
39.725
38.3
40.2
38.3
34.4
38.3
49.7
42.1
42.1
42.1
40.2
40.2
40.2
42.1
40.2
40.2
38.3
40.2
45.9
40.2
44
47.8
47.8
44
42.1
38.3
32.5
38.3
32.5
32.5
38.3
32.5
28.7
26.8
26.8
23
23
23
23
23
21
21
21
21
17.2
17.2
17.2
17.2
17.2
19.1
15.3
21
17.2
17.2
19.1
17.2
19.1
17.2
15.3
15.3
19.1
21
21
23
24.9
28.7
32.5
36.3
34.4
34.4
34.4
40.2
42.1
44
49.7
70.8
74.6
80.3
80.3
84.2
80.3
82.2
88
84.2
82.2
76.5
76.5
76.5
78.4
82.2
80.3
82.2
82.2
84.2
68.8
64.05
61.675
59.3
53.5
53.5
53.5
57.4
49.7
42.1
49.7
74.6
74.6
63.1
51.6
49.7
47.8
42.1
26.8
28.7
28.7
28.7
42.1
34.4
44
32.5
32.5
30.6
28.7
32.5
30.6
32.5
28.7
24.9
26.8
30.6
23
23
17.2
21
19.1
19.1
21
15.3
15.3
15.3
17.2
17.2
15.3
17.2
19.1
17.2
21
23
19.1
19.1
17.2
19.1
19.1
19.1
21
21
23
23
24.9
26.8
26.8
24.9
30.6
34.4
32.5
36.3
45.9
49.7
53.5
45.9
49.7
44
47.8
59.3
59.3
63.1
74.6
82.2
82.2
78.4
63.1
51.6
53.5
49.7
44
45.9
44
42.1
42.1
47.8
45.9
45.9
45.9
45.9
45.9
53.5
55.5
53.5
47.8
45.9
49.7
55.5
57.4
49.7
47.8
59.3
103.3
93.7
95.6
95.6
97.5
97.5
84.2
89.9
95.6
84.2
84.2
89.9
78.4
88
86.1
82.2
74.6
82.2
80.3
82.2
72.7
63.1
63.1
68.8
65
61.2
59.3
57.4
57.4
59.3
51.6
49.7
51.6
49.7
47.8
42.1
42.1
44
47.8
49.7
49.7
53.5
51.6
55.5
47.8
42.1
47.8
44
44
45.9
44
53.5
51.6
59.3
61.2
59.3
65
65
55.5
59.3
59.3
59.3
65
65
57.4
49.7
45.9
32.5
32.5
26.8
23
21
23
28.7
26.8
23
23
23
21
24.9
24.9
26.8
27.75
28.7
32.5
40.2
36.3
45.9
44
45.9
44
44
49.7
59.3
61.2
57.4
63.1
51.6
49.7
49.7
42.1
44
47.8
42.1
44
36.3
40.2
51.6
63.1
51.6
47.8
59.3
65
44
36.3
24.9
24.9
26.8
30.6
26.8
24.9
23
13.4
19.1
23
21
17.2
21
23
21
17.2
17.2
21
17.2
15.3
19.1
19.1
19.1
21
23
26.8
26.8
26.8
26.8
26.8
24.9
26.8
28.7
38.3
42.1
53.5
66.9
78.4
76.5
74.6
72.7
74.6
76.5
78.4
78.4
78.4
82.2
74.6
74.6
66.9
72.7
74.6
82.2
80.3
78.4
80.3
82.2
84.2
84.2
80.3
80.3
82.2
87
89.4
91.8
95.6
101.4
105.2
110.9
107.1
109
110.9
109
103.3
105.2
107.1
103.3
101.4
107.1
88
72.7
78.4
89.9
84.2
95.6
89.9
91.8
84.2
80.3
70.8
45.9
36.3
45.9
45.9
45.9
34.4
28.7
26.8
34.4
28.7
28.7
24.9
26.8
23
17.2
26.8
26.8
21
17.2
19.1
23
21
19.1
19.1
19.1
17.2
17.2
19.1
15.3
15.3
19.1
17.2
17.2
26.8
30.6
26.8
23
21
23
24.9
24.9
21
38.3
45.9
53.5
55.5
61.2
49.7
47.8
61.2
63.1
65
63.1
68.8
61.2
61.2
57.4
57.4
51.6
51.6
49.7
47.8
45.9
38.3
36.3
36.3
38.3
45.9
40.15
37.275
34.4
30.6
28.7
34.4
36.3
36.3
42.1
47.8
65
57.4
63.1
68.8
70.8
57.4
55.5
53.5
53.5
45.9
47.8
76.5
91.8
78.4
74.6
65
65
66.9
59.3
55.5
55.5
49.7
44
49.7
36.3
42.1
36.3
36.3
30.6
30.6
40.2
42.1
36.3
30.6
28.7
28.7
26.8
28.7
30.6
24.9
24.9
26.8
28.7
32.5
24.9
24.9
23
24.9
24.9
23
26.8
32.5
30.6
32.5
36.3
44
47.8
42.1
49.7
55.5
49.7
45.9
40.2
36.3
42.1
51.6
44
40.2
42.1
42.1
38.3
40.2
34.4
26.8
28.7
24.9
32.5
28.7
26.8
21
23
19.1
21
13.4
17.2
19.1
18.15
17.675
17.2
11.5
11.5
17.2
17.2
19.1
28.7
26.8
24.9
23
32.5
32.5
36.3
32.5
34.4
34.4
36.3
34.4
40.2
36.3
40.2
32.5
36.3
38.3
32.5
36.3
34.4
38.3
34.4
38.3
34.4
32.5
28.7
30.6
34.4
36.3
36.3
34.4
36.3
26.8
24.9
28.7
32.5
28.7
23
23
24.9
24.9
19.1
24.9
23
24.9
28.7
28.7
30.6
34.4
38.3
34.4
32.5
28.7
38.3
40.2
30.6
32.5
36.3
30.6
28.7
30.6
34.4
40.2
34.4
44
47.8
55.5
55.5
57.4
59.3
65
57.4
57.4
66.9
51.6
47.8
47.8
47.8
53.5
88
91.8
91.8
97.5
99.4
103.3
105.2
107.1
105.2
104.25
103.3
105.2
105.2
109
114.8
112.8
118.6
7.7
9.6
13.4
13.4
17.2
19.1
23
23
28.7
21
24.9
23
19.1
23
24.9
32.5
34.4
34.4
45.9
45.9
38.3
32.5
30.6
30.6
28.7
34.4
34.4
23
28.7
23
21
24.9
24.9
23
24.9
21
24.9
26.8
21
21
19.1
21
24.9
24.9
21
24.9
23
26.8
36.3
28.7
30.6
34.4
34.4
40.2
42.1
45.9
42.1
42.1
53.5
57.4
53.5
55.5
55.5
59.3
57.4
65
63.1
70.8
66.9
65
65
63.1
55.5
45.9
42.1
36.3
34.4
34.4
30.6
28.7
24.9
21
19.1
21
23
23
19.1
19.1
19.1
19.1
23
24.9
26.8
26.8
26.8
28.7
28.7
30.6
34.4
32.5
34.4
34.4
36.3
32.5
36.3
36.3
30.6
34.4
32.5
36.3
40.2
36.3
36.3
36.3
32.5
36.3
30.6
36.3
36.3
40.2
34.4
30.6
28.7
26.8
19.1
21
19.1
21
13.4
19.1
17.2
23
15.3
13.4
13.4
17.2
13.4
15.3
15.3
15.3
13.4
13.4
15.3
15.3
15.3
15.3
13.4
15.3
13.4
21
23
21
17.2
19.1
17.2
21
19.1
21
26.8
24.9
21
19.1
19.1
21
19.1
17.2
21
19.1
13.4
15.3
13.4
13.4
13.4
9.6
9.6
9.6
7.7
9.6
9.6
7.7
7.7
7.7
11.5
10.55
10.075
9.6
7.7
7.7
7.7
7.7
9.6
9.6
9.6
15.3
17.2
17.2
21
24.9
15.3
21
23
28.7
24.9
28.7
24.9
30.6
32.5
36.3
32.5
36.3
38.3
40.2
38.3
40.2
36.3
34.4
28.7
24.9
19.1
26.8
26.8
24.9
23
23
19.1
15.3
21
15.3
13.4
17.2
19.1
21
23
19.1
21
21
19.1
17.2
23
21
19.1
13.4
23
19.1
17.2
17.2
21
24.9
24.9
23
26.8
28.7
26.8
32.5
32.5
38.3
30.6
30.6
34.4
30.6
38.3
28.7
26.8
26.8
19.1
23
19.1
15.3
13.4
11.5
13.4
11.5
11.5
9.6
9.6
9.6
9.6
7.7
11.5
10.55
10.075
9.6
11.5
11.5
11.5
13.4
13.4
17.2
15.3
17.2
19.1
21
23
24.9
23
23
24.9
24.9
26.8
21
24.9
28.7
32.5
32.5
34.4
40.2
51.6
42.1
47.8
55.5
53.5
63.1
78.4
72.7
61.2
51.6
63.1
78.4
59.3
65
51.6
49.7
63.1
53.5
51.6
49.7
53.5
53.5
51.6
53.5
42.1
38.3
40.2
34.4
40.2
44
45.9
53.5
53.5
45.9
49.7
49.7
45.9
47.8
42.1
44
47.8
45.9
49.7
53.5
49.7
57.4
57.4
57.4
53.5
51.6
49.7
47.8
49.7
47.8
42.1
38.3
36.3
30.6
28.7
28.7
26.8
32.5
28.7
24.9
26.8
30.6
23
24.9
34.4
44.95
50.225
55.5
57.4
55.5
53.5
53.5
59.3
59.3
57.4
61.2
59.3
66.9
51.6
47.8
26.8
49.7
55.5
76.5
80.3
80.3
80.3
82.2
84.2
78.4
72.7
63.1
45.9
47.8
45.9
45.9
40.2
44
45.9
38.3
38.3
32.5
24.9
24.9
30.6
34.4
34.4
32.5
26.8
28.7
26.8
32.5
28.7
30.6
24.9
21
28.7
26.8
36.3
24.9
30.6
38.3
40.2
38.3
44
49.7
42.1
38.3
40.2
38.3
32.5
34.4
30.6
42.1
42.1
38.3
40.2
49.7
51.6
51.6
44
42.1
42.1
44
30.6
36.3
34.4
26.8
23
21
15.3
19.1
21
24.9
23
21
23
24.9
26.8
28.7
34.4
39.2
41.6
44
49.7
51.6
53.5
55.5
61.2
61.2
70.8
74.6
72.7
70.8
72.7
70.8
74.6
76.5
74.6
70.8
74.6
72.7
72.7
70.8
68.8
68.8
72.7
74.6
70.8
66.9
66.9
72.7
76.5
74.6
70.8
78.4
82.2
78.4
74.6
74.6
76.5
80.3
76.5
70.8
72.7
72.7
80.3
86.1
78.4
66.9
63.1
78.4
86.05
89.875
91.7875
92.74375
93.7
88
88
82.2
82.2
80.3
78.4
72.7
70.8
70.8
70.8
74.6
70.8
68.8
76.5
80.3
84.2
91.8
95.6
99.4
105.2
105.2
107.1
89.9
89.9
93.7
88
82.2
74.6
74.6
68.8
66.9
63.1
63.1
63.1
61.2
61.2
61.2
66.9
68.8
72.7
75.55
76.975
78.4
82.2
84.2
86.1
93.7
93.7
97.5
97.5
91.8
93.7
95.6
95.6
95.6
103.3
103.3
105.2
99.4
95.6
105.2
109
105.2
97.5
99.4
91.8
84.2
86.1
76.5
84.2
88
91.8
95.6
88
76.5
80.3
65
57.4
66.9
72.7
72.7
66.9
57.4
68.8
80.3
72.7
66.9
61.2
68.8
74.6
74.6
68.8
63.1
65
59.3
63.1
68.8
72.7
70.8
74.6
72.7
76.5
82.2
78.4
78.4
76.5
82.2
84.2
78.4
88
97.5
97.5
88
84.2
88
78.4
78.4
78.4
84.2
84.2
74.6
76.5
70.8
65
65
65
68.8
65
65
59.3
63.1
63.1
63.1
63.1
63.1
61.2
63.1
64.05
65
72.7
72.7
66.9
68.8
68.8
74.6
78.4
84.2
95.6
95.6
91.8
88
95.6
97.5
91.8
88
84.2
78.4
72.7
91.8
95.6
93.7
93.7
84.2
88
86.1
89.9
72.7
66.9
63.1
57.4
68.8
63.1
68.8
53.5
53.5
49.7
53.5
45.9
38.3
40.2
34.4
30.6
32.5
30.6
30.6
26.8
28.7
26.8
32.5
24.9
26.8
26.8
28.7
24.9
26.8
28.7
34.4
38.3
40.2
38.3
44
42.1
38.3
42.1
53.5
53.5
49.7
47.8
49.7
53.5
53.5
59.3
70.8
70.8
80.3
70.8
68.8
61.2
55.5
47.8
47.8
45.9
42.1
45.9
40.2
32.5
32.5
30.6
30.6
32.5
36.3
34.4
32.5
31.55
30.6
28.7
30.6
32.5
30.6
32.5
36.3
36.3
45.9
45.9
51.6
55.5
51.6
51.6
57.4
57.4
59.3
59.3
59.3
63.1
57.4
55.5
61.2
49.7
51.6
49.7
53.5
45.9
45.9
44
42.1
38.3
42.1
42.1
30.6
30.6
28.7
28.7
26.8
26.8
26.8
24.9
19.1
17.2
17.2
21
17.2
19.1
15.3
23
19.1
21
19.1
19.1
19.1
21
21
19.1
19.1
23
23
21
24.9
26.8
24.9
24.9
23
24.9
28.7
28.7
30.6
28.7
30.6
28.7
28.7
24.9
23
23
17.2
19.1
17.2
11.5
11.5
9.6
11.5
9.6
7.7
7.7
5.7
7.7
3.8
7.7
7.7
9.6
9.6
9.6
9.6
11.5
13.4
11.5
15.3
17.2
15.3
17.2
19.1
19.1
23
24.9
24.9
23
24.9
26.8
28.7
24.9
26.8
28.7
32.5
30.6
30.6
30.6
30.6
23
26.8
30.6
26.8
28.7
21
24.9
23
24.9
21
24.9
28.7
23
24.9
24.9
23
17.2
19.1
17.2
21
21
21
19.1
19.1
21
19.1
15.3
13.4
13.4
15.3
15.3
15.3
13.4
13.4
13.4
15.3
15.3
19.1
23
15.3
15.3
17.2
15.3
19.1
15.3
21
26.8
30.6
23
23
23
19.1
17.2
11.5
13.4
11.5
13.4
7.7
5.7
5.7
7.7
3.8
7.7
9.6
9.6
7.7
9.6
11.5
15.3
16.25
16.725
17.2
17.2
21
21
24.9
26.8
26.8
32.5
28.7
30.6
26.8
23
24.9
28.7
26.8
26.8
26.8
30.6
30.6
28.7
32.5
32.5
38.3
38.3
36.3
34.4
40.2
40.2
38.3
40.2
34.4
36.3
36.3
40.2
40.2
36.3
36.3
30.6
30.6
30.6
30.6
30.6
32.5
32.5
30.6
32.5
32.5
32.5
32.5
23
21
28.7
24.9
26.8
26.8
23
23
26.8
24.9
24.9
24.9
24.9
24.9
26.8
24.9
24.9
28.7
32.5
32.5
30.6
28.7
30.6
40.2
40.2
36.3
34.4
26.8
24.9
21
11.5
15.3
17.2
17.2
11.5
5.7
9.6
9.6
11.5
11.5
15.3
19.1
23
23
24.9
29.65
32.025
34.4
34.4
32.5
36.3
42.1
49.7
51.6
55.5
53.5
55.5
53.5
53.5
59.3
61.2
63.1
66.9
70.8
72.7
70.8
68.8
74.6
70.8
72.7
76.5
70.8
72.7
65
63.1
53.5
51.6
55.5
59.3
47.8
57.4
49.7
42.1
47.8
45.9
42.1
40.2
42.1
42.1
47.8
40.2
42.1
38.3
36.3
34.4
32.5
34.4
44
44
51.6
47.8
45.9
38.3
28.7
34.4
40.2
49.7
49.7
63.1
65
72.7
70.8
68.8
65
68.8
68.8
68.8
66.9
66.9
72.7
70.8
72.7
72.7
76.5
76.5
76.5
76.5
78.4
78.4
74.6
74.6
74.6
74.6
76.5
78.4
78.4
84.2
84.2
86.1
86.1
88
94.7
98.05
101.4
101.4
109
101.4
95.6
95.6
91.8
88
91.8
93.7
89.9
88
88
91.8
91.8
89.9
91.8
88
86.1
80.3
74.6
74.6
72.7
63.1
51.6
53.5
59.3
66.9
59.3
53.5
45.9
44
40.2
34.4
23
23
23
30.6
30.6
21
13.4
11.5
9.6
9.6
19.1
19.1
17.2
19.1
15.3
13.4
11.5
13.4
17.2
11.5
15.3
13.4
13.4
13.4
17.2
13.4
21
23
24.9
24.9
26.8
26.8
38.3
40.2
36.3
36.3
40.2
44
44
40.2
42.1
42.1
36.3
28.7
30.6
24.9
26.8
19.1
17.2
24.9
19.1
19.1
17.2
15.3
15.3
13.4
13.4
13.4
15.3
17.2
18.15
18.625
19.1
23
24.9
23
21
21
23
26.8
26.8
24.9
26.8
26.8
26.8
32.5
32.5
30.6
30.6
28.7
34.4
42.1
44
44
36.3
42.1
36.3
34.4
34.4
30.6
28.7
23
28.7
32.5
26.8
19.1
23
26.8
19.1
24.9
21
28.7
19.1
15.3
15.3
17.2
17.2
13.4
15.3
13.4
11.5
15.3
17.2
21
19.1
13.4
19.1
21
19.1
23
21
19.1
21
23
26.8
26.8
24.9
30.6
32.5
26.8
34.4
28.7
23
26.8
28.7
24.9
24.9
24.9
21
23
15.3
11.5
11.5
9.6
7.7
7.7
5.7
5.7
7.7
9.6
5.7
7.7
5.7
7.7
9.6
9.6
8.65
8.175
7.7
7.7
7.7
9.6
13.4
15.3
15.3
19.1
17.2
17.2
23
23
21
24.9
23
28.7
32.5
40.2
34.4
40.2
34.4
34.4
38.3
42.1
36.3
44
40.2
32.5
40.2
36.3
40.2
26.8
19.1
30.6
26.8
28.7
30.6
21
23
21
21
11.5
17.2
17.2
26.8
26.8
24.9
15.3
11.5
13.4
13.4
15.3
13.4
15.3
13.4
13.4
15.3
15.3
26.8
26.8
21
23
24.9
28.7
23
32.5
26.8
26.8
24.9
23
21
28.7
30.6
38.3
40.2
45.9
42.1
28.7
26.8
26.8
13.4
17.2
19.1
13.4
15.3
11.5
7.7
11.5
11.5
9.6
11.5
9.6
5.7
3.8
7.65
9.575
11.5
11.5
7.7
13.4
13.4
17.2
13.4
13.4
11.5
15.3
24.9
23
28.7
30.6
23
24.9
30.6
17.2
9.6
7.7
19.1
15.3
23
21
17.2
15.3
13.4
13.4
23
17.2
15.3
7.7
9.6
9.6
7.7
5.7
1.9
3.8
1.9
3.8
3.8
3.8
5.7
3.8
3.8
1.9
3.8
3.8
1.9
1.9
3.8
1.9
1.9
0
0
3.8
1.9
1.9
0
1.9
1.9
0
1.9
3.8
1.9
3.8
3.8
3.8
5.7
5.7
1.9
1.9
1.9
1.9
1.9
3.8
1.9
0
0
1.9
1.9
1.9
0
0
0
0
0
0
0
0
0
1.9
0
1.9
1.9
1.9
1.9
1.9
1.9
1.9
1.9
3.8
5.7
5.7
7.7
7.7
7.7
11.5
11.5
11.5
11.5
11.5
11.5
13.4
17.2
21
21
23
21
23
21
21
24.9
17.2
17.2
17.2
13.4
15.3
13.4
17.2
13.4
11.5
9.6
9.6
7.7
9.6
9.6
13.4
7.7
9.6
9.6
9.6
11.5
11.5
13.4
13.4
17.2
19.1
15.3
15.3
23
13.4
17.2
19.1
11.5
9.6
11.5
13.4
17.2
15.3
15.3
17.2
23
17.2
17.2
19.1
23
24.9
21
23
19.1
19.1
13.4
15.3
13.4
17.2
21
15.3
15.3
13.4
11.5
9.6
11.5
13.4
13.4
9.6
13.4
15.3
17.2
17.2
18.15
18.625
19.1
19.1
21
24.9
24.9
23
23
72.7
49.7
40.2
38.3
34.4
32.5
28.7
32.5
34.4
32.5
38.3
40.2
40.2
42.1
42.1
47.8
51.6
61.2
65
59.3
53.5
72.7
42.1
45.9
49.7
40.2
42.1
44
40.2
34.4
40.2
30.6
26.8
23
24.9
24.9
24.9
21
23
17.2
21
21
19.1
17.2
21
21
13.4
17.2
17.2
17.2
26.8
26.8
34.4
38.3
53.5
51.6
61.2
61.2
66.9
68.8
68.8
68.8
68.8
68.8
72.7
74.6
70.8
68.8
70.8
70.8
70.8
68.8
65
61.2
59.3
59.3
53.5
51.6
53.5
53.5
51.6
45.9
42.1
36.3
36.3
34.4
34.4
29.65
27.275
24.9
21
23
26.8
38.3
63.1
45.9
59.3
55.5
59.3
47.8
40.2
38.3
30.6
34.4
36.3
36.3
32.5
38.3
38.3
36.3
40.2
40.2
36.3
38.3
34.4
34.4
36.3
34.4
28.7
26.8
24.9
21
24.9
21
21
22
22.5
22.75
22.875
23
19.1
23
24.9
24.9
24.9
17.2
19.1
19.1
13.4
15.3
11.5
7.7
15.3
17.2
17.2
15.3
15.3
15.3
17.2
17.2
17.2
21
23
24.9
30.6
36.3
38.3
36.3
34.4
40.2
45.9
53.5
53.5
47.8
47.8
38.3
26.8
26.8
21
17.2
17.2
17.2
15.3
13.4
15.3
13.4
13.4
13.4
13.4
13.4
17.2
13.4
15.3
17.2
18.15
19.1
21
24.9
26.8
26.8
26.8
23
24.9
26.8
23
21
15.3
19.1
21
23
24.9
21
23
21
19.1
17.2
19.1
21
21
23
23
21
28.7
24.9
28.7
24.9
23
23
26.8
21
23
23
23
30.6
36.3
36.3
36.3
28.7
30.6
28.7
23
19.1
19.1
23
23
24.9
21
21
23
23
23
17.2
21
21
19.1
23
28.7
26.8
24.9
30.6
40.2
42.1
45.9
40.2
36.3
28.7
23
24.9
34.4
28.7
30.6
30.6
23
19.1
15.3
11.5
7.7
7.7
5.7
3.8
7.7
5.7
7.7
5.7
7.7
7.7
7.7
5.7
7.7
7.7
7.7
7.7
7.7
9.6
9.6
9.6
13.4
11.5
13.4
13.4
19.1
21
19.1
19.1
19.1
21
24.9
24.9
24.9
24.9
32.5
32.5
26.8
26.8
28.7
28.7
30.6
38.3
34.4
32.5
38.3
34.4
38.3
40.2
40.2
38.3
36.3
36.3
34.4
34.4
34.4
26.8
21
19.1
26.8
28.7
24.9
26.8
26.8
26.8
28.7
34.4
34.4
34.4
32.5
32.5
36.3
38.3
42.1
42.1
45.9
45.9
47.8
53.5
55.5
59.3
65
72.7
68.8
74.6
68.8
68.8
65
66.9
68.8
65
66.9
63.1
61.2
63.1
59.3
57.4
57.4
59.3
59.3
59.3
61.2
61.2
65
61.2
59.3
53.5
65
72.7
78.4
82.25
84.175
86.1
89.9
91.8
95.6
97.5
105.2
114.8
109
109
107.1
107.1
107.1
101.4
105.2
105.2
103.3
97.5
103.3
110.9
103.3
97.5
88
91.8
91.8
91.8
89.9
80.3
86.1
82.2
78.4
72.7
57.4
51.6
38.3
32.5
30.6
28.7
28.7
21
19.1
23
24.9
23
19.1
15.3
17.2
24.9
21
15.3
15.3
17.2
15.3
13.4
19.1
21
19.1
17.2
21
21
13.4
15.3
17.2
21
19.1
23
19.1
24.9
26.8
28.7
28.7
36.3
42.1
38.3
38.3
38.3
38.3
38.3
30.6
24.9
15.3
19.1
19.1
17.2
19.1
15.3
15.3
11.5
11.5
11.5
11.5
11.5
11.5
17.2
21
16.25
13.875
11.5
15.3
26.8
19.1
19.1
17.2
15.3
19.1
17.2
17.2
17.2
19.1
26.8
30.6
28.7
30.6
26.8
23
28.7
28.7
38.3
34.4
40.2
45.9
51.6
47.8
47.8
45.9
47.8
45.9
32.5
28.7
30.6
32.5
26.8
23
19.1
21
17.2
21
26.8
26.8
23
17.2
15.3
15.3
17.2
13.4
15.3
17.2
17.2
19.1
17.2
15.3
15.3
19.1
17.2
19.1
17.2
15.3
17.2
21
17.2
24.9
34.4
26.8
26.8
28.7
38.3
42.1
40.2
36.3
38.3
36.3
26.8
24.9
23
23
23
21
21
21
19.1
17.2
15.3
13.4
17.2
15.3
13.4
13.4
15.3
15.3
13.4
13.4
11.5
10.55
9.6
11.5
13.4
19.1
26.8
28.7
26.8
30.6
32.5
30.6
30.6
34.4
34.4
36.3
36.3
34.4
32.5
28.7
26.8
30.6
32.5
34.4
38.3
38.3
40.2
42.1
45.9
45.9
45.9
44
36.3
42.1
30.6
36.3
26.8
24.9
28.7
30.6
44
24.9
24.9
26.8
26.8
15.3
15.3
21
21
21
19.1
23
23
23
24.9
24.9
28.7
28.7
28.7
28.7
32.5
26.8
30.6
28.7
26.8
34.4
32.5
32.5
34.4
42.1
45.9
51.6
49.7
53.5
51.6
63.1
55.5
44
32.5
36.3
36.3
34.4
32.5
30.6
28.7
24.9
21
19.1
19.1
21
17.2
15.3
17.2
21
21
21
21
21
21
26.8
28.7
26.8
23
30.6
28.7
36.3
34.4
30.6
32.5
34.4
49.7
51.6
57.4
47.8
42.1
40.2
42.1
44
40.2
53.5
51.6
51.6
49.7
53.5
65
49.7
53.5
49.7
45.9
45.9
42.1
40.2
34.4
36.3
34.4
34.4
36.3
30.6
32.5
30.6
36.3
28.7
28.7
26.8
26.8
26.8
23
26.8
21
30.6
28.7
21
24.9
26.8
30.6
26.8
30.6
36.3
47.8
40.2
36.3
34.4
42.1
38.3
40.2
47.8
44
51.6
55.5
63.1
65
68.8
65
55.5
44
32.5
23
21
17.2
13.4
11.5
11.5
9.6
9.6
11.5
11.5
11.5
11.5
13.4
11.5
11.5
15.3
22.95
26.775
30.6
28.7
26.8
30.6
28.7
28.7
30.6
45.9
49.7
53.5
49.7
49.7
51.6
51.6
53.5
55.5
53.5
55.5
59.3
53.5
47.8
53.5
51.6
59.3
61.2
55.5
49.7
57.4
53.5
55.5
57.4
51.6
53.5
55.5
53.5
49.7
45.9
42.1
42.1
40.2
36.3
36.3
36.3
36.3
34.4
34.4
34.4
32.5
30.6
34.4
30.6
32.5
26.8
30.6
30.6
28.7
23
26.8
26.8
28.7
28.7
28.7
32.5
30.6
32.5
36.3
40.2
42.1
40.2
40.2
42.1
44
42.1
42.1
38.3
36.3
32.5
32.5
26.8
23
21
17.2
19.1
17.2
15.3
13.4
13.4
11.5
13.4
15.3
13.4
15.3
15.3
17.2
20.1
21.55
23
23
26.8
30.6
36.3
40.2
38.3
40.2
38.3
40.2
40.2
42.1
44
40.2
40.2
44
44
49.7
45.9
44
49.7
53.5
51.6
55.5
53.5
55.5
53.5
55.5
57.4
51.6
57.4
49.7
40.2
42.1
38.3
40.2
34.4
34.4
32.5
30.6
34.4
32.5
26.8
21
21
21
19.1
32.5
28.7
23
23
24.9
24.9
28.7
26.8
21
26.8
28.7
26.8
36.3
44
40.2
36.3
36.3
38.3
47.8
49.7
63.1
57.4
72.7
72.7
70.8
66.9
65
61.2
53.5
49.7
49.7
42.1
42.1
38.3
32.5
28.7
28.7
32.5
28.7
21
24.9
23
19.1
21
21
23
26.8
25.85
25.375
24.9
36.3
36.3
32.5
34.4
40.2
38.3
42.1
42.1
40.2
42.1
44
47.8
45.9
49.7
44
47.8
51.6
47.8
51.6
51.6
44
51.6
51.6
51.6
55.5
57.4
59.3
65
57.4
63.1
57.4
65
63.1
59.3
66.9
66.9
53.5
55.5
47.8
47.8
55.5
53.5
47.8
51.6
44
51.6
47.8
45.9
45.9
36.3
40.2
40.2
44
44
47.8
51.6
47.8
47.8
45.9
45.9
51.6
53.5
57.4
61.2
65
55.5
63.1
51.6
53.5
63.1
55.5
53.5
49.7
49.7
45.9
44
38.3
32.5
28.7
23
19.1
21
19.1
15.3
17.2
17.2
17.2
15.3
15.3
17.2
17.2
17.2
19.1
17.2
16.25
15.3
17.2
17.2
19.1
24.9
24.9
24.9
24.9
34.4
42.1
45.9
42.1
40.2
38.3
40.2
42.1
47.8
53.5
49.7
47.8
49.7
51.6
55.5
51.6
51.6
57.4
66.9
65
63.1
53.5
51.6
57.4
47.8
38.3
44
45.9
42.1
36.3
38.3
38.3
34.4
30.6
32.5
36.3
36.3
36.3
30.6
36.3
32.5
40.2
42.1
38.3
36.3
40.2
34.4
42.1
38.3
42.1
44
44
42.1
44
45.9
47.8
49.7
57.4
55.5
55.5
59.3
55.5
53.5
51.6
53.5
51.6
51.6
49.7
49.7
44
44
38.3
32.5
38.3
44
38.3
38.3
42.1
38.3
34.4
36.3
36.3
44
32.5
30.6
36.3
32.5
30.6
28.7
28.7
30.6
26.8
23
30.6
32.5
32.5
30.6
34.4
44
47.8
53.5
44
47.8
66.9
65
74.6
86.1
86.1
88
82.2
74.6
78.4
86.1
88
86.1
82.2
84.2
72.7
74.6
76.5
72.7
68.8
70.8
70.8
65
63.1
66.9
59.3
49.7
49.7
45.9
45.9
44
34.4
30.6
40.2
34.4
34.4
32.5
32.5
38.3
34.4
28.7
32.5
32.5
40.2
38.3
32.5
30.6
36.3
38.3
36.3
38.3
40.2
34.4
40.2
44
38.3
36.3
32.5
28.7
28.7
30.6
28.7
19.1
21
15.3
15.3
17.2
15.3
13.4
13.4
13.4
15.3
13.4
13.4
15.3
17.2
17.2
15.3
13.4
19.1
19.1
19.1
19.1
23
19.1
24.9
24.9
24.9
28.7
30.6
28.7
32.5
28.7
34.4
28.7
36.3
38.3
34.4
34.4
32.5
36.3
40.2
40.2
42.1
51.6
55.5
63.1
61.2
61.2
63.1
63.1
61.2
59.3
59.3
53.5
55.5
57.4
57.4
53.5
51.6
47.8
47.8
47.8
51.6
53.5
55.5
55.5
51.6
53.5
47.8
51.6
49.7
47.8
47.8
47.8
45.9
42.1
42.1
44
42.1
45.9
47.8
47.8
51.6
49.7
53.5
55.5
53.5
61.2
66.9
72.7
68.8
68.8
65
78.4
78.4
76.5
78.4
76.5
65
66.9
65
63.1
61.2
63.1
66.9
63.1
63.1
65
66.9
65
65
66.9
66.9
70.8
74.6
77.45
78.875
80.3
86.1
88
91.8
97.5
101.4
105.2
112.8
105.2
93.7
80.3
80.3
82.2
86.1
86.1
82.2
80.3
86.1
93.7
91.8
93.7
93.7
82.2
86.1
88
82.2
78.4
84.2
80.3
84.2
84.2
84.2
84.2
80.3
78.4
70.8
76.5
68.8
66.9
70.8
72.7
74.6
70.8
65
57.4
51.6
54.5
55.95
56.675
57.0375
57.21875
57.309375
57.3546875
57.37734375
57.388671875
57.3943359375
57.39716796875
57.398583984375
57.3992919921875
57.3996459960938
57.3998229980469
57.3999114990234
57.4
57.4
65
61.2
59.3
66.9
68.8
78.4
82.2
80.3
70.8
74.6
74.6
68.8
68.8
66.9
61.2
51.6
47.8
47.8
40.2
36.3
30.6
36.3
24.9
23
24.9
23
23
23
23
24.9
26.8
27.75
28.7
30.6
26.8
24.9
28.7
36.3
30.6
32.5
30.6
40.2
38.3
42.1
47.8
47.8
45.9
44
49.7
51.6
40.2
44
45.9
42.1
40.2
40.2
40.2
42.1
40.2
40.2
44
42.1
45.9
51.6
53.5
44
49.7
63.1
55.5
51.6
36.3
34.4
38.3
26.8
30.6
24.9
23
24.9
19.1
19.1
19.1
21
24.9
17.2
21
17.2
13.4
17.2
11.5
17.2
9.6
9.6
13.4
15.3
26.8
24.9
36.3
47.8
55.5
53.5
61.2
57.4
63.1
65
66.9
66.9
70.8
68.8
70.8
66.9
68.8
72.7
70.8
59.3
53.5
51.6
57.4
68.8
68.8
66.9
65
63.1
63.1
63.1
61.2
63.1
63.1
63.1
63.1
63.1
72.7
72.7
74.6
78.4
76.5
72.7
84.2
84.2
89.9
93.7
93.7
93.7
99.4
105.2
107.1
110.9
116.7
103.3
103.3
99.4
93.7
95.6
93.7
95.6
97.5
93.7
84.2
80.3
78.4
74.6
66.9
61.2
57.4
44.95
38.725
35.6125
34.05625
33.278125
32.8890625
32.5
28.7
24.9
24.9
24.9
23
24.9
24.9
30.6
30.6
30.6
28.7
32.5
34.4
38.3
40.2
42.1
40.2
36.3
34.4
34.4
38.3
47.8
51.6
59.3
66.9
72.7
74.6
84.2
80.3
74.6
66.9
68.8
66.9
66.9
61.2
47.8
47.8
45.9
36.3
30.6
24.9
19.1
21
19.1
19.1
17.2
17.2
15.3
15.3
15.3
13.4
13.4
11.5
10.55
9.6
11.5
13.4
11.5
13.4
13.4
13.4
65
68.8
68.8
70.8
72.7
68.8
70.8
68.8
68.8
66.9
66.9
66.9
65
68.8
76.5
68.8
72.7
74.6
66.9
72.7
59.3
57.4
55.5
53.5
55.5
44
53.5
55.5
42.1
42.1
36.3
38.3
44
47.8
42.1
38.3
34.4
34.4
42.1
38.3
38.3
34.4
36.3
36.3
34.4
36.3
38.3
40.2
38.3
38.3
44
32.5
32.5
42.1
45.9
47.8
55.5
53.5
49.7
51.6
53.5
55.5
55.5
53.5
57.4
59.3
49.7
49.7
45.9
44
44
42.1
42.1
47.8
44
40.2
40.2
36.3
32.5
36.3
40.2
42.1
40.2
38.3
40.2
45.9
53.5
55.45
56.425
57.4
57.4
57.4
59.3
63.1
63.1
63.1
68.8
74.6
76.5
80.3
82.2
97.5
103.3
97.5
105.2
112.8
114.8
116.7
126.2
130.10001
120.5
114.8
105.2
99.4
99.4
103.3
97.5
99.4
99.4
88
80.3
76.5
72.7
70.8
68.8
63.1
61.2
57.4
51.6
44
44
36.3
30.6
30.6
23
23
28.7
42.1
42.1
44
57.4
65
66.9
74.6
76.5
74.6
72.7
78.4
78.4
74.6
78.4
82.2
78.4
80.3
76.5
72.7
70.8
72.7
78.4
80.3
80.3
78.4
74.6
68.8
66.9
61.2
59.3
53.5
51.6
51.6
47.8
49.7
49.7
49.7
49.7
49.7
47.8
49.7
47.8
49.7
53.5
51.6
53.5
53.5
53.5
53.5
59.3
61.2
63.1
65
65
66.9
63.1
66.9
68.8
68.8
68.8
76.5
70.8
70.8
70.8
70.8
74.6
82.2
74.6
68.8
68.8
65
66.9
66.9
65
66.9
70.8
70.8
78.4
84.2
78.4
82.2
80.3
72.7
59.3
47.8
51.6
49.7
45.9
45.9
44
40.2
40.2
45.9
40.2
36.3
37.3
37.8
38.05
38.175
38.2375
38.26875
38.284375
38.2921875
38.29609375
38.298046875
38.2990234375
38.29951171875
38.3
53.5
59.3
57.4
55.5
59.3
66.9
66.9
70.8
78.4
80.3
84.2
86.1
84.2
78.4
72.7
66.9
65
65
61.2
53.5
45.9
36.3
42.1
36.3
42.1
44
45.9
38.3
44
44
38.3
36.3
34.4
38.3
44.95
48.275
51.6
42.1
36.3
34.4
32.5
53.5
57.4
59.3
61.2
59.3
53.5
44
55.5
68.8
65
57.4
45.9
45.9
51.6
59.3
66.9
65
66.9
68.8
65
72.7
65
63.1
63.1
66.9
65
70.8
63.1
76.5
65
63.1
65
61.2
59.3
53.5
53.5
53.5
49.7
61.2
66.9
68.8
66.9
57.4
49.7
44
53.5
55.5
55.5
53.5
55.5
51.6
51.6
61.2
61.2
59.3
59.3
59.3
57.4
61.2
55.5
53.5
61.2
61.2
55.5
59.3
61.2
63.1
57.4
59.3
61.2
55.5
51.6
49.7
53.5
47.8
51.6
49.7
47.8
45.9
44
45.9
47.8
49.7
45.9
47.8
47.8
51.6
57.4
55.5
51.65
49.725
47.8
53.5
53.5
53.5
59.3
59.3
61.2
63.1
68.8
70.8
72.7
74.6
70.8
78.4
78.4
80.3
86.1
91.8
88
91.8
93.7
84.2
82.2
80.3
80.3
91.8
86.1
82.2
84.2
89.9
89.9
80.3
80.3
78.4
80.3
70.8
66.9
70.8
70.8
68.8
63.1
61.2
63.1
55.5
53.5
49.7
55.5
53.5
51.6
47.8
53.5
45.9
45.9
45.9
34.4
40.2
40.2
42.1
40.2
44
42.1
53.5
57.4
53.5
47.8
49.7
51.6
49.7
61.2
78.4
72.7
65
61.2
57.4
63.1
63.1
45.9
32.5
21
26.8
36.3
24.9
13.4
15.3
13.4
9.6
9.6
5.7
11.5
9.6
9.6
9.6
7.7
13.4
13.4
13.4
13.4
11.5
21
28.7
17.2
19.1
28.7
32.5
26.8
28.7
28.7
26.8
34.4
24.9
23
28.7
30.6
28.7
23
32.5
30.6
28.7
28.7
28.7
26.8
34.4
42.1
30.6
26.8
30.6
30.6
38.3
32.5
30.6
32.5
30.6
26.8
24.9
21
26.8
24.9
19.1
19.1
23
19.1
17.2
19.1
17.2
13.4
13.4
13.4
15.3
11.5
13.4
17.2
13.4
13.4
17.2
19.1
17.2
15.3
23
21
24.9
23
26.8
26.8
26.8
26.8
26.8
19.1
24.9
24.9
24.9
21
24.9
24.9
19.1
21
19.1
21
17.2
19.1
19.1
19.1
19.1
19.1
15.3
19.1
23
21
23
21
26.8
28.7
29.65
30.6
34.4
28.7
28.7
32.5
30.6
32.5
32.5
30.6
36.3
38.3
42.1
30.6
30.6
34.4
38.3
40.2
40.2
38.3
44
49.7
55.5
63.1
70.8
65
65
70.8
57.4
53.5
59.3
53.5
61.2
55.5
55.5
57.4
57.4
55.5
53.5
53.5
49.7
42.1
32.5
34.4
34.4
28.7
32.5
36.3
36.3
38.3
28.7
32.5
32.5
28.7
26.8
32.5
36.3
36.3
36.3
36.3
36.3
36.3
40.2
45.9
42.1
40.2
47.8
49.7
47.8
49.7
49.7
53.5
61.2
61.2
63.1
57.4
55.5
53.5
49.7
47.8
49.7
47.8
49.7
44
44
42.1
44
45.9
51.6
53.5
49.7
47.8
47.8
47.8
51.6
47.8
45.9
44
44
45.9
45.9
53.5
61.2
57.4
61.2
66.9
65
65
66.9
65
63.1
59.3
55.5
59.3
59.3
55.5
61.2
66.9
76.5
78.4
76.5
78.4
76.5
76.5
78.4
80.3
74.6
74.6
74.6
72.7
68.8
63.1
70.8
74.6
70.8
66.9
61.2
57.4
55.5
47.8
40.2
40.2
38.3
42.1
47.8
36.3
34.4
36.3
34.4
44
51.6
57.4
51.6
55.5
59.3
57.4
59.3
57.4
65
61.2
57.4
57.4
59.3
59.3
63.1
65
68.8
68.8
68.8
63.1
63.1
61.2
59.3
57.4
59.3
55.5
49.7
53.5
57.4
61.2
63.1
61.2
59.3
65
66.9
63.1
65
63.1
66.9
66.9
74.6
79.4
81.8
84.2
89.9
95.6
103.3
99.4
97.5
105.2
105.2
109
109
93.7
91.8
103.3
105.2
101.4
107.1
97.5
95.6
109
110.9
99.4
93.7
97.5
109
107.1
105.2
103.3
105.2
112.8
110.9
110.9
91.8
88
80.3
84.2
72.7
61.2
51.6
51.6
51.6
42.1
38.3
30.6
38.3
34.4
34.4
36.3
28.7
32.5
34.4
34.4
34.4
34.4
30.6
32.5
44
44
44
55.5
65
63.1
53.5
55.5
61.2
61.2
65
66.9
68.8
66.9
66.9
70.8
61.2
61.2
61.2
61.2
59.3
49.7
51.6
47.8
36.3
32.5
26.8
24.9
21
15.3
13.4
17.2
19.1
19.1
17.2
15.3
15.3
17.2
19.1
19.1
19.1
19.1
17.2
17.2
19.1
21
24.9
24.9
24.9
30.6
32.5
34.4
32.5
36.3
38.3
32.5
30.6
45.9
57.4
49.7
53.5
57.4
53.5
57.4
59.3
63.1
66.9
72.7
66.9
63.1
66.9
59.3
61.2
61.2
65
63.1
63.1
55.5
51.6
49.7
49.7
53.5
42.1
34.4
36.3
26.8
23
30.6
24.9
32.5
26.8
38.3
32.5
34.4
38.3
40.2
44
44
49.7
51.6
53.5
53.5
49.7
51.6
55.5
57.4
55.5
57.4
61.2
78.4
78.4
70.8
78.4
74.6
80.3
70.8
66.9
59.3
53.5
53.5
55.5
55.5
55.5
51.6
47.8
47.8
47.8
44
42.1
42.1
45.9
55.5
59.3
61.2
70.8
69.8
69.3
68.8
61.2
65
63.1
65
68.8
72.7
68.8
68.8
68.8
70.8
68.8
65
68.8
68.8
66.9
66.9
70.8
70.8
70.8
70.8
66.9
65
65
66.9
72.7
72.7
70.8
74.6
70.8
66.9
65
59.3
53.5
55.5
57.4
53.5
51.6
40.2
34.4
28.7
26.8
28.7
34.4
26.8
24.9
24.9
24.9
19.1
26.8
32.5
32.5
24.9
26.8
32.5
32.5
32.5
40.2
32.5
36.3
34.4
24.9
36.3
36.3
34.4
36.3
44
44
40.2
40.2
40.2
38.3
40.2
40.2
34.4
36.3
26.8
26.8
23
19.1
15.3
13.4
13.4
9.6
9.6
5.7
11.5
5.7
11.5
5.7
9.6
9.6
11.5
13.4
16.25
17.675
19.1
26.8
28.7
30.6
34.4
40.2
32.5
36.3
38.3
32.5
30.6
28.7
30.6
30.6
32.5
32.5
32.5
32.5
30.6
28.7
32.5
26.8
26.8
28.7
28.7
26.8
28.7
34.4
30.6
28.7
30.6
28.7
26.8
26.8
30.6
24.9
24.9
28.7
28.7
26.8
23
21
23
23
17.2
19.1
19.1
15.3
19.1
17.2
19.1
11.5
15.3
21
24.9
28.7
30.6
34.4
36.3
34.4
34.4
40.2
44
45.9
40.2
32.5
40.2
40.2
44
42.1
45.9
53.5
53.5
49.7
51.6
63.1
55.5
51.6
44
42.1
42.1
45.9
49.7
51.6
51.6
34.4
34.4
34.4
36.3
30.6
26.8
28.7
26.8
28.7
28.7
28.7
28.7
34.4
34.4
38.3
44
47.8
42.1
32.5
32.5
36.3
36.3
36.3
42.1
42.1
40.2
40.2
38.3
32.5
30.6
32.5
32.5
28.7
24.9
30.6
34.4
32.5
32.5
38.3
34.4
30.6
36.3
36.3
38.3
42.1
19.1
24.9
30.6
21
17.2
15.3
17.2
24.9
24.9
11.5
11.5
9.6
9.6
7.7
9.6
9.6
7.7
7.7
7.7
9.6
9.6
9.6
9.6
9.6
9.6
15.3
17.2
13.4
11.5
11.5
9.6
9.6
11.5
13.4
15.3
15.3
17.2
21
21
19.1
21
13.4
11.5
11.5
9.6
5.7
3.8
3.8
3.8
3.8
1.9
1.9
0.95
0
0
0
0
0
0
1.9
1.9
1.9
1.9
3.8
3.8
1.9
5.7
5.7
7.7
5.7
9.6
11.5
15.3
13.4
9.6
15.3
13.4
15.3
13.4
17.2
17.2
17.2
15.3
17.2
17.2
21
21
19.1
23
21
23
26.8
26.8
28.7
30.6
28.7
26.8
23
19.1
24.9
21
21
13.4
13.4
15.3
17.2
11.5
15.3
11.5
9.6
15.3
11.5
15.3
13.4
15.3
15.3
17.2
15.3
17.2
17.2
13.4
13.4
15.3
19.1
17.2
19.1
24.9
23
19.1
19.1
21
21
28.7
19.1
17.2
11.5
11.5
5.7
3.8
5.7
9.6
5.7
1.9
1.9
3.8
1.9
1.9
1.9
0
0
0
1.9
1.9
0
1.9
1.9
1.9
1.9
1.9
1.9
1.9
1.9
3.8
5.7
7.7
9.6
11.5
11.5
9.6
9.6
9.6
11.5
13.4
13.4
13.4
15.3
15.3
15.3
15.3
19.1
21
23
24.9
26.8
24.9
30.6
26.8
30.6
30.6
28.7
32.5
36.3
36.3
45.9
45.9
49.7
45.9
49.7
45.9
44
53.5
47.8
51.6
40.2
30.6
32.5
36.3
38.3
24.9
26.8
30.6
28.7
26.8
26.8
26.8
24.9
23
19.1
23
24.9
24.9
24.9
28.7
34.4
30.6
32.5
34.4
40.2
36.3
30.6
30.6
28.7
21
21
17.2
13.4
13.4
11.5
13.4
15.3
11.5
5.7
3.8
3.8
1.9
3.8
1.9
1.9
1.9
1.9
3.8
3.8
7.65
9.575
11.5
11.5
11.5
13.4
15.3
19.1
19.1
13.4
13.4
13.4
15.3
13.4
9.6
15.3
13.4
15.3
26.8
23
15.3
17.2
19.1
17.2
17.2
17.2
21
21
23
19.1
15.3
15.3
17.2
13.4
15.3
17.2
13.4
13.4
13.4
11.5
11.5
13.4
11.5
9.6
9.6
9.6
7.7
9.6
5.7
7.7
7.7
9.6
9.6
9.6
13.4
9.6
15.3
11.5
13.4
11.5
11.5
13.4
13.4
11.5
11.5
13.4
15.3
15.3
13.4
15.3
13.4
15.3
15.3
13.4
13.4
13.4
13.4
11.5
11.5
9.6
9.6
9.6
9.6
5.7
5.7
5.7
5.7
5.7
5.7
5.7
5.7
3.8
5.7
9.6
11.5
15.3
14.35
13.875
13.4
13.4
11.5
9.6
9.6
13.4
19.1
19.1
30.6
34.4
32.5
34.4
32.5
34.4
32.5
32.5
30.6
30.6
32.5
34.4
30.6
32.5
32.5
28.7
30.6
30.6
42.1
57.4
57.4
59.3
44
68.8
78.4
68.8
45.9
28.7
36.3
30.6
30.6
28.7
28.7
30.6
30.6
26.8
21
23
19.1
23
26.8
23
28.7
34.4
34.4
38.3
32.5
32.5
42.1
34.4
40.2
32.5
38.3
34.4
40.2
40.2
40.2
36.3
40.2
34.4
26.8
30.6
28.7
24.9
19.1
21
24.9
21
17.2
11.5
11.5
5.7
5.7
3.8
3.8
1.9
3.8
1.9
1.9
1.9
1.9
1.9
1.9
3.8
5.7
5.7
4.75
4.275
3.8
3.8
3.8
3.8
5.7
7.7
9.6
51.6
59.3
53.5
51.6
47.8
45.9
45.9
61.2
61.2
63.1
61.2
61.2
66.9
63.1
66.9
59.3
53.5
45.9
40.2
42.1
40.2
38.3
34.4
34.4
32.5
28.7
30.6
28.7
26.8
30.6
24.9
26.8
28.7
17.2
19.1
19.1
15.3
15.3
17.2
15.3
15.3
15.3
15.3
15.3
23
19.1
21
26.8
23
19.1
19.1
19.1
15.3
17.2
19.1
24.9
28.7
24.9
28.7
28.7
26.8
32.5
34.4
34.4
30.6
26.8
26.8
30.6
34.4
34.4
34.4
30.6
30.6
28.7
30.6
21
17.2
17.2
15.3
11.5
9.6
11.5
5.7
5.7
3.8
5.7
5.7
10.5
12.9
15.3
13.4
13.4
11.5
13.4
15.3
15.3
17.2
15.3
17.2
15.3
15.3
13.4
11.5
13.4
15.3
19.1
19.1
23
26.8
30.6
32.5
30.6
28.7
30.6
32.5
21
21
26.8
24.9
15.3
26.8
34.4
32.5
19.1
15.3
34.4
30.6
26.8
21
24.9
21
21
17.2
15.3
17.2
15.3
11.5
11.5
13.4
9.6
13.4
13.4
13.4
19.1
13.4
13.4
11.5
11.5
11.5
11.5
9.6
11.5
13.4
15.3
15.3
17.2
15.3
15.3
13.4
15.3
17.2
17.2
17.2
17.2
21
19.1
24.9
17.2
9.6
5.7
7.7
11.5
13.4
5.7
13.4
9.6
5.7
3.8
1.9
3.8
3.8
5.7
5.7
4.75
4.275
3.8
3.8
3.8
3.8
1.9
5.7
9.6
9.6
9.6
11.5
11.5
13.4
11.5
15.3
17.2
19.1
21
19.1
21
23
24.9
23
21
21
19.1
17.2
15.3
19.1
5.7
13.4
13.4
9.6
11.5
11.5
11.5
13.4
11.5
9.6
5.7
9.6
5.7
7.7
7.7
11.5
9.6
11.5
9.6
9.6
9.6
9.6
9.6
9.6
7.7
9.6
7.7
7.7
7.7
9.6
9.6
11.5
15.3
19.1
19.1
21
19.1
17.2
17.2
19.1
19.1
21
21
19.1
21
21
21
21
19.1
19.1
15.3
11.5
11.5
11.5
11.5
13.4
15.3
15.3
13.4
13.4
13.4
11.5
9.6
9.6
5.7
9.6
6.7
5.25
3.8
5.7
11.5
9.6
9.6
13.4
11.5
9.6
11.5
11.5
7.7
9.6
13.4
13.4
17.2
11.5
9.6
11.5
15.3
17.2
17.2
17.2
21
23
24.9
11.5
11.5
21
24.9
13.4
13.4
9.6
9.6
11.5
15.3
15.3
15.3
11.5
17.2
26.8
30.6
24.9
17.2
15.3
17.2
15.3
21
19.1
17.2
13.4
11.5
19.1
21
15.3
11.5
15.3
15.3
13.4
13.4
15.3
15.3
15.3
17.2
19.1
23
21
24.9
21
21
19.1
19.1
13.4
15.3
17.2
13.4
9.6
5.7
5.7
5.7
3.8
3.8
3.8
3.8
3.8
3.8
3.8
3.8
3.8
1.9
1.9
1.9
1.9
1.9
5.7
4.75
4.275
3.8
3.8
5.7
5.7
9.6
9.6
11.5
11.5
11.5
11.5
11.5
11.5
9.6
11.5
11.5
11.5
9.6
11.5
13.4
13.4
13.4
15.3
15.3
17.2
15.3
17.2
15.3
19.1
24.9
21
26.8
21
21
19.1
21
21
19.1
19.1
21
21
19.1
21
21
21
17.2
21
19.1
19.1
19.1
21
19.1
21
21
26.8
26.8
24.9
26.8
34.4
32.5
32.5
32.5
32.5
38.3
34.4
30.6
30.6
28.7
34.4
34.4
36.3
36.3
38.3
36.3
36.3
36.3
38.3
40.2
32.5
30.6
24.9
28.7
28.7
19.1
17.2
13.4
11.5
13.4
13.4
11.5
13.4
13.4
15.3
9.6
9.6
12.45
13.875
15.3
17.2
17.2
19.1
17.2
19.1
15.3
9.6
15.3
13.4
15.3
15.3
24.9
26.8
34.4
34.4
32.5
40.2
44
53.5
45.9
45.9
45.9
51.6
57.4
53.5
55.5
55.5
59.3
57.4
55.5
55.5
57.4
59.3
53.5
55.5
61.2
65
61.2
65
59.3
57.4
47.8
40.2
36.3
36.3
30.6
28.7
26.8
34.4
28.7
28.7
28.7
24.9
28.7
26.8
32.5
24.9
30.6
28.7
30.6
36.3
36.3
38.3
40.2
47.8
44
47.8
47.8
49.7
49.7
49.7
42.1
40.2
38.3
42.1
36.3
32.5
28.7
26.8
26.8
21
21
15.3
13.4
13.4
11.5
11.5
11.5
13.4
11.5
11.5
13.4
15.3
15.3
15.3
15.3
15.3
17.2
17.2
19.1
19.1
17.2
13.4
19.1
21
21
21
21
24.9
26.8
26.8
28.7
32.5
32.5
40.2
42.1
45.9
47.8
49.7
49.7
49.7
51.6
51.6
53.5
51.6
51.6
47.8
47.8
47.8
44
45.9
44
49.7
47.8
45.9
47.8
42.1
42.1
42.1
42.1
44
40.2
40.2
40.2
42.1
40.2
40.2
40.2
34.4
34.4
38.3
40.2
36.3
38.3
38.3
34.4
36.3
36.3
40.2
36.3
40.2
38.3
34.4
38.3
36.3
38.3
34.4
34.4
30.6
26.8
28.7
26.8
24.9
24.9
24.9
19.1
23
21
17.2
19.1
17.2
19.1
19.1
26.8
30.6
42.1
42.1
42.1
45.9
44
43.05
42.1
42.1
45.9
44
44
40.2
44
17.2
44
47.8
47.8
44
47.8
47.8
47.8
45.9
45.9
49.7
49.7
47.8
45.9
49.7
49.7
49.7
51.6
49.7
51.6
49.7
45.9
45.9
49.7
45.9
45.9
53.5
47.8
55.5
55.5
57.4
55.5
47.8
55.5
51.6
51.6
49.7
49.7
51.6
49.7
51.6
57.4
53.5
59.3
51.6
55.5
55.5
57.4
53.5
57.4
63.1
65
63.1
61.2
59.3
57.4
63.1
59.3
63.1
59.3
61.2
65
59.3
53.5
49.7
45.9
47.8
44
40.2
34.4
32.5
28.7
32.5
28.7
24.9
26.8
24.9
28.7
30.6
24.9
24.9
26.8
26.8
28.7
26.8
30.6
30.6
28.7
27.75
26.8
28.7
24.9
19.1
24.9
21
23
47.8
26.8
26.8
21
26.8
24.9
24.9
28.7
28.7
26.8
28.7
26.8
28.7
30.6
36.3
30.6
19.1
23
26.8
24.9
26.8
30.6
30.6
28.7
26.8
28.7
26.8
28.7
26.8
26.8
32.5
30.6
34.4
28.7
28.7
30.6
28.7
36.3
28.7
28.7
34.4
38.3
34.4
26.8
32.5
36.3
36.3
26.8
32.5
32.5
28.7
26.8
26.8
32.5
32.5
26.8
24.9
28.7
21
23
28.7
24.9
26.8
17.2
21
23
23
19.1
19.1
26.8
26.8
23
17.2
21
21
24.9
17.2
17.2
17.2
17.2
19.1
17.2
19.1
15.3
24.9
19.1
19.1
22
23.45
24.9
30.6
24.9
21
24.9
24.9
23
24.9
26.8
19.1
23
24.9
26.8
26.8
30.6
32.5
26.8
30.6
32.5
26.8
34.4
26.8
28.7
26.8
45.9
34.4
30.6
40.2
36.3
44
44
30.6
36.3
44
42.1
36.3
40.2
47.8
36.3
49.7
30.6
30.6
36.3
36.3
36.3
38.3
28.7
32.5
28.7
28.7
28.7
32.5
34.4
26.8
34.4
34.4
28.7
34.4
34.4
34.4
34.4
28.7
38.3
38.3
34.4
30.6
28.7
24.9
28.7
24.9
24.9
28.7
26.8
24.9
26.8
24.9
19.1
24.9
15.3
21
15.3
15.3
13.4
15.3
17.2
19.1
19.1
21
19.1
21
19.1
19.1
19.1
21
22
22.5
23
24.9
26.8
26.8
26.8
26.8
28.7
23
28.7
28.7
24.9
23
23
30.6
36.3
38.3
38.3
30.6
45.9
44
44
38.3
34.4
38.3
44
45.9
47.8
47.8
47.8
51.6
47.8
51.6
38.3
45.9
49.7
44
45.9
49.7
51.6
49.7
55.5
49.7
49.7
49.7
53.5
47.8
49.7
47.8
47.8
49.7
53.5
49.7
47.8
45.9
49.7
53.5
49.7
51.6
51.6
53.5
53.5
55.5
57.4
61.2
59.3
57.4
59.3
61.2
63.1
59.3
59.3
59.3
57.4
57.4
57.4
51.6
51.6
53.5
47.8
51.6
51.6
51.6
49.7
47.8
47.8
47.8
47.8
51.6
49.7
53.5
47.8
51.6
49.7
51.6
52.55
53.025
53.5
53.5
57.4
59.3
59.3
59.3
61.2
28.7
70.8
70.8
70.8
74.6
78.4
80.3
80.3
88
91.8
89.9
95.6
95.6
101.4
105.2
97.5
95.6
97.5
95.6
95.6
107.1
110.9
112.8
109
110.9
116.7
103.3
103.3
101.4
97.5
93.7
97.5
107.1
95.6
95.6
89.9
91.8
89.9
82.2
80.3
89.9
91.8
91.8
89.9
95.6
95.6
101.4
101.4
97.5
99.4
107.1
103.3
101.4
103.3
103.3
99.4
95.6
91.8
97.5
95.6
89.9
82.2
82.2
74.6
74.6
68.8
65
63.1
57.4
55.5
53.5
49.7
51.6
53.5
53.5
57.4
59.3
55.5
57.4
57.4
59.3
61.2
59.3
61.2
57.4
59.3
61.2
59.3
58.35
57.4
55.5
59.3
66.9
63.1
63.1
68.8
66.9
66.9
70.8
78.4
80.3
76.5
78.4
76.5
74.6
74.6
70.8
74.6
70.8
76.5
76.5
70.8
72.7
74.6
70.8
70.8
68.8
70.8
72.7
72.7
76.5
66.9
70.8
74.6
72.7
74.6
74.6
76.5
80.3
84.2
97.5
89.9
86.1
88
88
88
86.1
89.9
95.6
88
84.2
84.2
86.1
88
89.9
88
95.6
97.5
95.6
95.6
91.8
93.7
88.95
86.575
85.3875
84.79375
84.2
78.4
74.6
72.7
70.8
66.9
68.8
66.9
65
61.2
59.3
55.5
59.3
59.3
59.3
65
63.1
66.9
65
63.1
66.9
68.8
76.5
88
95.6
105.2
107.1
119.55
125.775
132
124.3
122.4
124.3
120.5
122.4
133.89999
66.9
137.7
135.8
132
124.3
124.3
118.6
122.4
118.6
118.6
110.9
110.9
109
112.8
107.1
103.3
99.4
99.4
101.4
101.4
110.9
107.1
105.2
112.8
107.1
105.2
101.4
101.4
101.4
99.4
103.3
103.3
103.3
107.1
122.4
122.4
126.2
122.4
118.6
112.8
110.9
116.7
120.5
116.7
112.8
112.8
118.6
114.8
118.6
120.5
116.7
118.6
116.7
112.8
109
103.3
103.3
99.4
97.5
93.7
93.7
91.8
91.8
86.1
82.2
80.3
80.3
78.4
78.4
76.5
74.6
78.4
82.2
82.2
80.3
76.5
78.4
74.6
76.5
80.3
84.2
82.2
84.2
82.2
88
91.8
91.8
100.4
104.7
109
107.1
110.9
105.2
105.2
103.3
107.1
137.7
109
112.8
114.8
118.6
118.6
122.4
122.4
126.2
135.8
141.5
139.60001
149.2
145.39999
147.3
149.2
158.7
164.5
166.39999
174
181.7
183.60001
168.3
158.7
158.7
151.10001
147.3
145.39999
143.39999
141.5
141.5
141.5
143.39999
139.60001
139.60001
137.7
133.89999
132
133.89999
130.10001
130.10001
124.3
120.5
118.6
124.3
120.5
122.4
118.6
122.4
139.60001
143.39999
154.89999
147.3
135.8
132
130.10001
141.5
130.10001
124.3
133.89999
114.8
128.10001
133.89999
137.7
124.3
120.5
116.7
118.6
114.8
105.2
95.6
99.4
99.4
99.4
99.4
93.7
91.8
93.7
93.7
88
91.8
91.8
89.9
95.6
95.6
97.5
93.7
95.6
96.55
97.5
91.8
80.3
84.2
82.2
88
86.1
107.1
86.1
82.2
88
86.1
88
89.9
82.2
89.9
84.2
86.1
93.7
93.7
91.8
89.9
91.8
95.6
91.8
86.1
88
95.6
95.6
89.9
93.7
88
95.6
101.4
95.6
93.7
93.7
95.6
103.3
108.05
110.425
111.6125
112.20625
112.503125
112.6515625
112.72578125
112.762890625
112.7814453125
112.8
112.8
109
124.3
143.39999
149.2
147.3
149.2
110.9
88
88
95.6
91.8
93.7
91.8
91.8
88
88
86.1
91.8
89.9
109
122.4
116.7
105.2
103.3
109
103.3
99.4
91.8
89.9
88
82.2
70.8
59.3
51.6
47.8
45.9
57.4
57.4
49.7
53.5
53.5
57.4
59.3
59.3
60.25
60.725
61.2
57.4
61.2
59.3
61.2
61.2
68.8
89.9
70.8
70.8
68.8
68.8
80.3
88
91.8
91.8
88
93.7
95.6
97.5
95.6
99.4
109
107.1
103.3
105.2
107.1
107.1
105.2
103.3
93.7
78.4
80.3
80.3
76.5
74.6
70.8
66.9
68.8
61.2
45.9
45.9
42.1
38.3
26.8
30.6
28.7
28.7
26.8
28.7
28.7
34.4
34.4
34.4
34.4
34.4
36.3
38.3
40.2
44
51.6
59.3
61.2
63.1
63.1
74.6
70.8
68.8
68.8
66.9
63.1
63.1
61.2
61.2
59.3
59.3
59.3
51.6
45.9
45.9
42.1
45.9
44
44
42.1
38.3
42.1
42.1
42.1
45.9
47.8
51.6
47.8
51.6
48.75
47.325
45.9
51.6
49.7
53.5
53.5
53.5
59.3
