"x"
80.3125
83.4375
72.6625
60.25
37.3
31.3125
31.075
28.9375
25.1125
24.6375
18.7625
26.975
35.85
34.9125
35.1375
35.6
28.225
27.0375
23.7
23.9125
36.575
33.6875
39.8
68.075
53.525
54.75
57.6
44.95
36.3375
27.9625
26.7875
34.1875
55.225
39.2125
44.59375
40.684375
46.6
74.8125
50.6625
24.875
20.5375
20.0875
20.7875
21.75
37.05
38.25
24.89375
20.553125
19.8375
31.3375
35.4
31.8
22.95
20.3
20.5375
43.9875
50.1875
54.7375
62.15625
49.259375
46.15
38.025
41.85
27.7375
20.3125
32.0375
36.575
35.3625
40.8875
24.15
16.13125
21.203125
44.9375
41.3875
53.0625
24.625
23.1875
23.1875
57.6375
98.725
52.3625
22.725
18.275
29.71875
48.05
46.3875
27.2625
20.8125
19.3625
14.5875
27.975
90.12499875
147.512505
116.9
124.67500375
103.70625
65.25
58.575
37.7625
20.5625
12.45
16.975
25.825
61.2125
69.0875
76.2625
73.4671875
85.18515625
113.1
95.6125
46.8625
24.625
21.025
31.8
41.625
39.925
44
38.4875
30.6
28.58125
46.3875
46.6
43.2625
30.6
24.8875
22.9625
24.1875
27.275
35.625
25.125
28.575
47.2875
85.825
99.2125
50.2
25.375
22.9625
31.98125
59.17109375
95.1375
116.90000125
76.725
59.65625
77.509375
104
71.25
54.4875
54.975
56.4125
55.2
85.825
89.8875
58.5625
32.05
30.375
29.29375
44.225
63.1
96.1125
68.8375
58.325
58.3375
67.65
82.475
64.3
58.55
76.38125
79.765625
84.175
82.4875
92.9875
46.6125
23.1875
35.875
40.9
41.1125
39.6875
54.2625
66.6875
73.4125
62.625
50.675
31.3125
23.6875
14.35
24.875
12.6875
18.65
30.3875
32.5
30.00625
34.459375
34.4125
28.4625
29.8875
26.5625
23.45
21.025
26.3125
36.3375
40.1625
19.625
8.25625
8.221875
46.1375
54.5
63.575
61.425
49.0125
39.2125
33.7125
31.3125
23.675
14.35
13.4
15.5375
24.1625
32.2625
37.3
48.5375
54.4875
56.4125
59.75
53.55
33.7125
15.05
6.08125
5.784375
7.15
16.0125
19.3375
22.7375
25.6125
46.3875
71.4875
55.9375
55.475
31.325
41.25
38.44375
44.9375
53.0625
51.15
47.325
27.7375
23.6625
30.8375
34.6625
40.675
35.15
39.84375
53.265625
55.95
55.2125
57.6125
35.875
29.175
26.0875
23.9125
28.4625
15.775
6.45
5.0125
8.6125
27.5125
22.9625
20.325
17.45
14.1125
14.35
13.6375
10.525
9.3625
11.025
10.55
14.5875
23.6875
38.05
44.7125
23.8875
21.0375
20.075
23.675
28.4625
19.8375
11.975
14.70625
19.909375
27.5
40.1875
41.1375
37.3
29.6625
19.6
21.025
30.375
21.05
9.3625
12.56875
23.246875
27.9875
40.6375
48.75
49.225
51.315625
49.989453125
48.05
71.725
62.1375
31.8
14.35625
29.315625
55.2125
66.6625
60.95
37.7875
29.175
23.2
32.2625
24.4
23.675
16.0125
14.23125
22.178125
54.2875
54.5125
55
62.8625
62.625
69.5625
65.475
61.675
59.0625
61.4375
62.03125
70.334375
71.2375
74.8375
90.1375
76.025
61.4375
68.8375
70.0375
63.575
58.8125
57.15
47.225
54.45
66.425
67.8625
72.675
74.3625
73.8625
69.075
62.3875
66.2
65.7125
62.8625
63.1
60.9625
64.7625
70.5125
73.6375
72.4375
58.5625
54.9625
64.0625
69.7875
59.0375
36.3375
37.665625
41.4234375
54.25
55.9375
62.8625
61.2
46.375
45.9
44.475
48.5125
42.5375
17.6875
18.28125
22.046875
33.7125
34.175
36.8125
42.8125
39.225
34.1625
36.575
39.1875
32.9875
26.325
25.1375
24.6625
32.5
36.575
39.2375
43.525
46.375
44.7125
45.1875
46.6125
48.9875
49.225
49.81875
51.421875
57.6375
60.4875
62.3875
60.0125
55.95
57.1625
57.375
57.875
52.5625
51.1375
51.725
55.8875
59.0625
58.5875
58.825
55.4625
58.825
57.6375
56.9125
60.9625
56.6625
54.0125
47.44375
49.759375
60.725
60.4875
69.8125
76.5
65.25
64.7625
73.1625
69.0875
61.2
57.3875
56.45
61.2
64.525
66.1875
66.425
63.8125
54.5
48.5125
49.0171875
54.0125
52.55
47.8
48.9875
53.5625
55.225
53.8
56.4125
50.175
48.0375
43.2875
39.225
41.15
36.35
26.325
22.59375
26.121875
46.375
49.9625
60.9625
58.3375
51.85
38.5125
40.4125
48.5125
37.2875
30.3625
34.7625
37.25
41.8625
37.775
34.1625
32.975
32.7375
38.025
34.4125
33.45
23.925
16.25
16.98125
22.109375
30.8375
31.075
38.5125
37.7875
36.6
38.5125
44.4625
40.175
30.1125
12.4375
12.33125
20.490625
31.55
37.05
38.5125
44.95
43.7625
42.1
37.3
43.7375
32.7625
22.2375
26.5625
38.38125
49.9375
54.75
65.25
65.95
52.125
43.75
47.1
65.95
55.225
28.95
19.5875
27.975
40.2
51.15
62.375
63.575
46.8375
59.5125
55.9375
60.725
55.4625
48.5125
49.71875
56.784375
66.925
73.8875
78.65
71.725
60.2375
51.6125
57.6125
70.05
63.8
32.2875
26.425
30.175
45.6625
51.8625
58.1
54.975
28.925
26.325
29.8875
35.8875
27.725
10.3
4.75
7.4125
16.025
22.9625
33
38.5
23.675
21.05
22.7375
24.4125
18.875
7.6625
13.875
26.5375
38.75
48.75
62.8625
55.4375
48.9875
44.2375
44.95
47.8
36.3375
32.75
43.63125
51.065625
49.225
53.5375
49.7
57.1375
56.175
46.85
59.7625
62.8625
64.775
47.0875
39.3375
50.03125
61.425
79.1125
76.25
63.1
41.1375
27.275
29.4125
53.5375
53.7875
24.125
18.40625
22.584375
35.6375
49.7
48.0375
53.8
47.8125
44.4861328125
45.6625
45.9
34.9125
15.775
12.6875
23.9
47.8
55.675
73.6375
76.975
47.1
34.6625
53.55
85.8125
72.1875
58.35
54.85625
62.803125
56.2
53.55
61.4375
64.7625
56.65
56.1875
52.8
58.0875
55.2125
46.6125
56.18125
51.603125
59.9875
71.2375
81.0375
81.0375
69.0875
35.85
39.45
54.025
71.9875
59.7625
66.31875
57.315625
66.2125
71.225
76.025
73.8625
42.7875
40.875
45.4125
63.8
48.75
44.95
45.3
24.4375
34.6625
60.2375
58.1
81.0625
59.275
44.25
28.475
71.225
65.75
22.95
23.78125
33.796875
77.675
85.5875
83.4375
55.2125
60.9375
61.65
61.4375
57.3625
47.825
37.5625
36.0875
54.0125
51.8375
50.4125
51.375
51.3625
49.4625
46.85
42.3375
48.75
47.0875
21.5125
22.95
36.325
55.45
66.9125
69.575
61.2
55.7
42.8
46.85
69.325
63.5875
52.8125
47.91875
52.990625
62.625
72.45
86.5375
104.7125
70.5125
91.32500125
152.28749875
116.675
73.6125
63.575
66.46875
80.796875
87.7375
70.275
54.7375
47.325
43.2875
42.575
44.475
51.8375
49.7
47.0875
51.00625
53.609375
54.25
51.6
54
67.175
66.925
77.2125
71.475
61.4375
54.5
52.5625
58.8125
72.76875
65.0125
76.4875
81.05
79.125
58.3125
37.05
47.8125
74.575
72.2
46.3875
44.0125
65.2625
76.5
59.05
63.3375
57.6
46.1375
32.5125
31.8
30.3625
14.8375
13.15
25.48125
29.115625
40.6625
50.675
72.675
72.4375
46.252734375
29.8875
42.0875
76.4875
71.2375
55.45
32.28125
50.565625
61.4375
59.3
66.4375
66.9125
44.475
42.325
35.1625
41.8375
43.7375
16.0375
12.56875
17.640625
31.3125
46.375
58.575
54.9875
40.875
25.6125
32.275
58.0875
56.875
26.05
27.60625
54.084375
67.4
43.975
42.5375
47.3375
36.825
36.125
51.8625
50.425
44.475
44.475
42.3375
42.3375
58.35
76.975
75.075
66.7
34.425
37.0875
42.8
44.7125
44.7125
26.0625
22.94375
24.840625
29.4
39.2125
43.7625
36.825
39.475
39.95
44.2375
57.6125
62.625
39.95
41.25625
56.840625
66.2
70.7625
58.075
61.4375
33.475
24.175
21.2625
56.4125
59.75
37.7875
36.33125
51.040625
34.425
45.6625
66.425
72.9125
61.4125
58.325
51.3875
46.125
28.675
11.5
9.71875
17.865625
27.5125
37.775
53.05
53.5375
47.0875
45.9
55.2125
73.8625
77.225
57.6125
57.625
65.84375
82.2375
102.575
116.925
86.3
50.45
23.9375
35.15
60.2625
58.0875
44.225
33.1
49.28125
57.1375
67.4125
69.575
61.2
25.8125
16.0125
25.575
25.85
28.675
16.725
11.61875
10.346875
25.1375
31.0875
49.7125
72.2
68.6
55.225
49.95
53.7875
53.5375
38.975
33.60625
26.490625
35.375
46.85
53.075
49.975
40.9125
35.375
41.1125
55.6875
57.85
35.15
49.9625
59.5375
69.8
77.925
77.45
78.4
76.975
79.5875
81.75
81.525
57.8375
46.6125
46.01875
49.996875
64.7875
75.075
73.65
69.8
60.71943359375
60.252783203125
56.175
51.85
46.1375
28.95
27.275
41.125
47.5625
51.125
57.1625
59.525
47.3375
38.2625
42.5625
59.05
67.1875
48.55
48.05
69.91875
89.9
88.95
93.9375
80.8
35.6125
32.525
33.2375
61.6625
73.15
36.35
23.29375
19.659375
37.5375
43.2625
21.025
14.35
8.3875
4.75
5.975
4.5125
5.4625
4.9875
6.925
9.00625
16.2625
64.05
69.55
59.9875
25.3375
12.45
11.5
14.825
21.2875
15.5375
8.75625
7.484375
9.3625
15.325
32.525
44.9375
30.8375
37.2875
28.45
33.7375
44.475
21.9875
19.4875
29.71875
48.275
67.65
67.9
63.8125
45.9125
46.3625
57.6
86.55
73.1375
50.79375
42.93125
44.165625
40.4125
36.575
49.4875
44.225
21.2625
15.3
17.2
24.8625
47.575
29.8875
10.175
15.35625
16.7375
28.925
45.425
44.925
34.425
34.425
33.9375
48.5375
53.05
26.775
11.14375
15.609375
35.3875
63.5875
63.3375
54.4875
33.725
29.6625
45.9
71
80.8125
61.1875
45.1875
41.50625
46.85
49.4625
64.7875
66.2
61.2
66.1875
74.8125
79.6
76.7375
82.2375
68.00625
64.109375
71.725
73.65
87.275
74.35
29.425
21.7375
39.4375
61.2
52.825
45.9
47.91875
53.834375
62.15
71.4875
77.925
65.7375
43.9875
43.025
62.1375
72.8875
65.0125
41.6
39.4875
44
59.9875
61.675
64.05
53.3
32.5125
31.3125
32.7625
48.7625
57.6125
43.7625
40.08125
38.571875
40.675
40.9125
44.2375
42.0875
36.8125
30.00625
31.898828125
36.5875
42.1
30.5875
16.38125
10.490625
14.35
25.375
23.9375
24.175
37.0625
62.8625
62.15
72.4375
65.975
42.575
42.21875
45.840625
51.15
69.075
61.675
54.5
44.7125
41.6125
43.05
43.2875
38.5
22.725
18.29375
28.403125
33
44.925
54.5
52.3375
47.575
61.675
69.075
74.575
70.7625
47.575
49.70625
57.253125
66.45
69.5625
76.975
41.35
21.025
21.025
41.35
54.5
57.8625
48.9875
46.49375
49.521875
63.85
70.0375
72.175
72.6875
62.85
50.4125
42.0875
45.1875
46.1375
36.8125
29.4125
37.18125
43.2875
46.1375
45.425
45.4375
42.325
32.0375
31.5625
40.9
41.15
30.85
26.5625
33.7125
50.4375
57.875
58.1125
52.825
38.0125
38.7375
39.9375
49.4875
58.5875
50.8875
50.76875
51.659375
53.0375
56.4375
61.675
51.15
33.7
31.075
32.7375
49.7375
74.125
71.475
63.81875
43.884375
63.8125
58.075
75.775
82.2375
64.2875
29.175
36.1
70.9875
78.1625
60.9625
55.45625
57.503125
64.05
56.65
53.075
33.725
13.6375
10.3125
10.55
11.25
15.0625
5.25
5.35
6.8875
19.625
17.4625
34.2125
40.6625
22.7125
12.4625
28.225
47.5625
41.15
41.3875
47.91875
57.303125
71.7
80.5375
77.2125
42.3
16.9875
23.9125
49.2375
73.1625
63.575
45.6625
43.7625
49.34375
53.525
67.8875
72.225
40.6375
21.05
11.025
18.65
46.15
48.775
21.2875
19.575
20.8
39.45
62.8625
70.0375
47.825
33.2375
38.9140625
42.5625
71.25
76.7375
62.1625
57.15
64.44375
91.8
95.6125
109.7375
105.4375
69.3375
52.3625
98.9875
150.86249875
97.525
82.9625
74.1
78.04375
85.35
88.95
89.4
59.75
31.3375
34.45
51.4125
87.5
77.6875
61.4375
54.98125
60.946875
73.65
75.3
73.6125
34.6625
17.225
16.4875
16.0125
52.125
51.375
52.325
57.875
58.5875
63.35
73.4125
72.6875
51.8875
28.6875
32.525
40.175
64.7875
68.85
60.0125
65.59375
69.134375
69.55
55.925
53.05
51.8375
44
43.5375
45.1875
62.8625
43.525
33.9375
36.94375
47.753125
52.8125
51.8375
53.775
40.1625
15.3
14.624609375
18.83466796875
26.5375
51.4
32.7375
27.49375
30.715625
27.75
48.7625
55.9625
37.05
24.625
22.9625
34.6625
62.375
67.15
55.2125
57.23125
60.415625
56.9
54.2375
67.9
43.025
27.7625
26.8
23.925
36.8125
49.9625
27.5
16.60625
15.240625
29.1625
41.625
40.65
28.4625
24.6375
21.5125
18.6375
23.4375
37.0625
25.3375
11.025
11.85625
21.025
31.3125
37.5375
20.575
21.0625
16.4875
20.325
16.25
25.35
18.6625
17.34375
43.796875
82.9625
87.275
86.8
43.2625
25.8375
21.7625
22.2625
40.625
52.825
49.225
47.94375
68.790625
85.1375
79.8625
66.9375
52.35
38.95
34.6625
38.7125
58.8125
55.7
37.2875
27.15625
30.778125
54.275
63.825
73.4
49.725
36.325
34.2
30.3625
42.8
56.9
29.8875
18.04375
20.384375
41.1125
53.7875
57.3625
47.8125
37.5375
28.81875
27.3974609375
48.5375
53.7875
32.7625
22.725
30.96875
36.8125
46.1375
54.7375
63.1
52.5875
35.875
32.5
38.725
49.4625
42.3125
34.18125
28.815625
25.3375
35.625
46.3875
37.3
27.75
26.5625
27.0375
35.1375
58.1
35.625
18.05
20.3625
28.4625
32.025
25.8375
21.2875
16.0125
15.3
15.0625
15.075
12.45
10.3
7.1625
9.575
17.4375
23.4375
23.9125
27.5
19.575
19.825
24.4125
27.5125
32.0375
14.1125
12.6875
19.6125
30.3625
34.175
50.4375
47.8125
34.425
32.75
34.65
40.8875
45.6625
35.15
26.0875
29.65
44.7
42.8125
45.425
34.925
31.3125
26.0875
35.875
40.175
47.5625
49.4625
33.23125
33.946875
28.4625
29.4125
40.4
36.5875
34.175
28.225
23.6875
70.7375
75.7875
46.6125
45.1875
53.43125
59.0625
62.8625
67.6625
31.5625
22.475
19.125
27.5125
50.6875
50.2
42.0875
33.1125
34.95
35.85
28.9375
35.1375
68.1
63.3375
41.125
43.05
48.0375
48.9875
39.9375
52.1125
53.3125
59.9875
56.1875
41.3375
28.2
16.5
16.5
16.4875
31.0875
44.7125
43.2875
46.375
39.59375
35.125
35.375
38.2625
20.3125
13.875
12.45
14.35
28.9375
26.3125
12.45
12.80625
15.134375
27.2625
26.5625
28.225
24.1375
21.5125
17.45
24.8875
30.1375
41.85
22.225
16.2625
14.46875
25.1
32.9875
42.3125
25.1125
26.5625
28.45
36.5875
55.2125
54
53.2875
57.125
69.44375
82.475
82.725
60.2375
45.4375
37.7625
36.547265625
37.5375
78.8875
62.6375
48.775
53.54375
47.578125
67.8875
73.15
78.65
53.55
31.5375
30.6
43.7625
50.8875
49.7
32.2875
19.46875
20.134375
29.8875
43.0375
43.0375
36.8375
29.1875
27.5125
36.825
55.2
57.85
50.2
48.5125
66.925
81.5375
74.8125
53.7625
30.6
16.725
18.4125
18.175
22.25
26.8
29.65
32.14375
27.453125
37.2875
43.525
40.3875
21.275
13.6375
12.45
12.6875
14.5875
17.6875
23.9125
23.06875
16.903125
16.2625
25.8375
27.9875
23.2
25.125
21.3
21.025
21.05
33.2125
24.15
18.64375
26.409375
36.3375
44.2375
37.075
28.6875
24.15
21.5
29.4125
32.7375
31.075
40.8875
58.925
78.00625
90.6125
91.8
59.2875
38.2625
24.15
20.0625
22
25.6
37.775
21.525
15.5375
19.96875
32.7625
49.2375
33.95
26.7875
25.6
24.4
22.9625
29.8875
36.6
19.35
11.5
12.2125
19.35
23.675
24.4125
24.65
24.4125
21.7875
19.1
14.35
16.0125
11.0125
8.375
13.875
19.35
24.1625
18.8875
16.2625
16.725
16.0125
16.725
17.9125
21.0125
22.9625
31.93125
42.871875
51.15
45.1875
63.1125
25.8125
19.6125
14.1125
16.0375
37.5375
37.5375
44.475
52.1
62.03125
59.75
69.1
56.65
37.2875
20.3
16.0125
28.225
48.275
46.375
35.625
30.3625
32.025
35.375
44.4875
36.575
35.6125
23.425
32.9875
33.9375
57.6125
52.125
45.1875
47.79375
44.203125
44.475
63.5875
61.1875
28.45
18.4125
16.50234375
21.5125
27.5
42.325
33.725
22.1
30.9
42.3125
36.575
44.95
46.3625
35.15
26.5625
25.8375
32.975
35.8625
24.85
17.08125
26.346875
41.3625
36.1
38
16.7375
15.5375
18.1625
28.45
61.2
47.325
41.15
37.3
38.75
44.2375
43.75
29.15
16.0125
22
26.5625
23.4375
37.5375
21.0375
27.4875
35.13125
46.134375
29.4125
29.4125
34.45
18.8875
14.5875
17.225
17.4375
67.175
88.2125
86.8
83.9125
73.51875
31.3125
32.2625
32.975
71.9625
74.8375
65.975
62.6375
67.4125
53.3
17.6875
17.79375
24.315625
36.0875
26.775
32.975
38.9625
40.875
44
62.8625
84.3875
80.55
47.8
36.34375
62.040625
96.325
92.25
98.725
94.425
64.075
42.1
41.125
45.2
51.3875
32.5125
38.0125
42.65625
39.45
38.0125
19.8625
15.55
17.2
28.4625
26.0875
22.975
26.7875
44.2125
51.3625
50.54375
56.8875
46.85
30.1375
15.3
10.55
12.925
15.3
16.7375
21.025
19.35
22.95
29.29375
32.975
33.45
26.79375
19.5875
19.35
17.675
23.2125
24.6625
28.225
18.8875
14.70625
17.165625
43.525
37.775
27.05
20.8
16.25
19.6
22.95
29.65
30.8375
33.95
17.6875
16.84375
25.3625
21.275
24.4125
20.0875
17.4375
16.025
15.3
21.7625
26.7875
17.7
10.90625
13.234375
25.1125
27.025
21.7625
26.0875
21.275
21.2625
18.3875
20.8125
29.4125
27.75
16.36875
20.384375
39.45
39.7
23.6875
16.0125
16.0125
16.975
26.8
33.225
55.2375
50.4125
50.08125
63.396875
59.775
54.5125
30.6125
19.3625
14.825
11.2625
11.7375
11.025
11.5
18.9
18.15
17.31875
21.5125
23.925
25.6
16.5125
11.025
11.7375
22.95
41.1375
47.3375
45.6625
43.0375
43.7625
40.4125
34.6625
33.9375
35.4125
29.1625
28.45
28
43.9875
50.425
45.1875
41.61875
38.346875
71.725
69.0875
56.8875
46.125
27.5125
22.025
29.8875
32.025
37.55
31.075
36.21875
38.915625
49.025
43.5
35.375
33.4625
26.55
22.25
19.1
21.75
28.9375
27.5125
26.43125
26.253125
41.8375
53.775
35.375
27.0375
23.4375
28.7
29.4125
35.625
68.3625
78.1625
83.08125
83.365625
89.6625
98.2625
65.7375
24.15
19.85
16.0125
22.95
43.025
82.4875
71.95
82.23125
83.203125
86.8125
85.35
30.3625
15.3125
11.975
12.45
12.925
16.5
25.35
50.4625
61.79375
70.703125
84.1625
64.2875
25.8125
18.875
11.25
13.6375
15.5375
26.3125
31.075
39.475
47.8
57.3625
65.475
69.8125
65.725
65.2375
52.1125
36.3375
27.0375
33.95
38.5125
37.7625
27.86875
31.015625
35.375
38.5
38.725
38.2625
17.45
15.0625
14.825
21.275
28.7
25.6125
25.1125
25.1375
31.3125
33.225
24.8625
19.35
21.178125
13.5796875
18.875
20.075
24.1875
22.725
18.8625
18.04375
33.475
30.3625
24.425
22.5
18.425
19.1
23.9375
30.8375
36.0875
23.9125
21.2875
26.90625
34.99375
32.275
27.025
24.65
23.2125
16.9625
20.5375
23.4375
22.2375
12.45
7.64375
7.665625
15.775
18.4
19.35
14.5875
13.875
19.125
21.75
15.0625
16.4875
15.5375
17.20625
30.359375
34.1625
29.4125
31.8125
17.4375
16.25
16.725
18.15
22.975
25.1125
15.5375
13.99375
15.596875
36.825
54.9875
52.0875
40.4
22.2375
28.925
32.9875
29.175
35.1125
19.3625
13.4
15.3
21.05
24.4
29.8875
31.7875
22.725
21.525
18.4125
17.2125
25.35
39.225
31.31875
38.509375
46.85
64.5125
59.7625
39.2
28.225
33.9625
24.1875
28.7
36.6
19.6125
15.675
25.99375
35.375
27.5125
27.975
26.55
20.3125
19.3625
18.8625
22
25.6
20.0875
14.46875
13.578125
21.05
22.7
23.425
21.025
19.8375
18.15
18.875
35.625
36.35
17.45
13.4
12.925
14.35
18.875
22.4875
18.875
14.1125
11.5
11.7375
12.45
11.7375
18.625
23.80625
33.178125
32.9875
24.625
18.4125
14.5875
14.5875
13.4
13.875
12.925
27.025
45.1875
54.85625
65.334375
64.9875
38.025
18.1625
20.5625
19.125
14.35
21.75
22.9625
26.0875
18.8625
12.33125
10.715625
22
17.9125
16.4875
14.35
11.7375
15.0625
11.5
11.7375
14.35
9.5875
5.4875
20.21875
29.4125
33.475
20.075
14.825
16.0125
17.932421875
19.3375
33.725
45.425
41.15
54.0125
59.41875
65.9875
58.575
30.125
23.425
26.0875
22
19.3375
27.75
44.7125
39.7
39.675
35.825
33.7
38.725
23.9125
19.1
20.8
20.8
23.45
26.075
40.9125
44.7125
25.93125
17.615625
25.8375
34.425
16.4875
13.875
9.825
11.5
13.1625
11.5
12.2125
19.35
27.3875
21.68125
23.2125
20.3125
22
26.8
17.225
15.0625
14.5875
16.9625
16.4875
21.2875
26.54375
25.340625
40.625
49.7375
38
28.9375
20.5625
17.2
21.2625
33.25
51.1375
33.725
34.8
45.9375
43.7375
42.075
41.1125
30.8375
24.3625
19.3625
42.5625
65.7375
68.1125
37.7625
38.13125
51.340625
62.1625
51.1375
35.8375
21.5375
19.8125
22.7375
26.5625
34.4375
39.9375
39.6875
32.975
30.95625
29.65
26.5375
22.7
19.375
16.725
16.9625
40.875
57.3625
34.175
33
26.43125
42.253125
46.375
34.675
18.3875
16.0125
15.775
13.875
17.4375
24.6375
38.25
41.8625
36.4625
25.75625
35.6125
42.8
30.8375
19.35
16.0125
16.0125
15.3
17.9125
18.4
15.775
14.725
24.6875
26.5625
26.075
29.6375
23.45
18.65
13.875
16.725
18.625
18.6375
17.675
17.8125
13.4625
26.0625
30.6
44.9625
47.825
43.525
31.1
21.5125
19.5875
27.0375
22.9625
16.0125
17.9125
24.15
35.375
41.1375
28.4375
22.225
22.975
26.525
31.075
53.0625
34.6625
20.55625
20.184375
28.7
32.2625
27.275
33.2375
23.7
18.867578125
21.525
30.1125
42.8125
40.9125
38.25
44.2125
60.475
39.7
32.975
28.225
25.35
22.975
22
21.275
31.8
37.075
34.30625
31.253125
44.7125
36.5875
39.6875
34.8875
31.5625
26.0625
27.275
24.8875
27.275
20.5625
28.225
23.425
28.45
50.2125
48.2875
25.6125
19.825
18.3875
16.0125
16.0125
16.25
15.5375
17.4375
26.3
39.7
40.1625
35.3875
28.9375
22.225
28.45
34.4125
50.2
54.2625
58.075
69.45
67.58125
60.225
49.475
47.0875
44
39.925
34.4125
38.275
40.4375
38.5125
32.775
28.31875
37.596875
45.2
59.0625
53.075
44.475
43.525
44.9375
33.6875
42.8125
41.1125
23.9125
18.74375
16.546875
24.375
35.625
44.2375
45.6625
47.5625
38.5
36.8
33.4625
40.175
26.55
32.38125
43.903125
61.9
77.45
53.5375
35.125
18.6625
19.375
10.3
12.45
21.975
19.125
15.075
18.3875
19.35
19.8375
23.425
18.3875
13.4
11.975
17.675
16.4875
14.35
6.725
13.04375
36.078125
52.825
73.4
35.65
25.575
20.8125
17.675
30.575
57.1125
60.4875
56.9
66.55625
61.140625
68.6125
74.825
61.425
49.5
40.4375
28.4625
22.975
26.075
41.35
63.35
68.7375
69.98125
57.375
83.9
37.075
23.6875
18.15
17.2125
18.875
19.95625
34.2
34.425
32.38125
36.621875
54.7375
56.1875
52.5875
36.825
24.875
25.1375
21.0375
27.75
36.35
35.6125
24.39375
23.090625
51.65
47.575
23.4125
23.9125
14.3462890625
19.1375
16.725
16.75
24.875
16.275
8.49375
11.203125
26.7875
35.3875
34.4375
27.2625
28.4625
32.7875
25.6125
26.075
35.6
27.725
13.875
20.3125
36.3625
36.8125
30.625
21.5
16.9625
14.1125
18.875
32.275
63.125
63.35
50.45
35.75625
56.1875
57.1375
38.725
25.35
16.25
18.8875
13.6375
8.6125
13.875
12.4375
12.1875
16.84375
16.9625
16.25
17.2
18.4
11.5
11.025
11.975
12.925
14.35
10.7875
13.6375
13.1625
16.725
18.625
22.2375
19.35
19.125
14.825
14.825
20.575
26.55
14.35
6.3375
9.625
21.5
26.3125
22.25
20.0875
18.875
18.15
22.725
25.0875
29.425
17.6875
8.74375
8.696875
16.025
25.1125
18.3875
17.675
14.35
15.775
17.4375
16.4875
22.975
12.4375
4.275
7.8875
18.65
37.3125
64.7875
41.1125
23.175
16.725
18.4
24.875
29.1625
18.4
12.925
14.49375
38.7375
41.1125
38.2625
21.05
17.675
18.625
17.2
21.7625
35.1375
27.7375
17.55625
20.715625
22.25
23.9375
20.7875
16.25
11.5
11.025
11.025
9.125
12.6875
12.6875
11.7375
15.89375
24.65
23.45
27.5125
22.475
16.4875
18.4
22.4875
31.3125
22.9375
12.45
17.35625
59.959375
63.8125
64.3
51.6
54.2625
50.675
56.6625
82.95
100.6375
87.75
66.7
46.73125
64.834375
128.39999625
123.125
117.87500125
82.45
36.5875
35.15
51.175
66.45
88.4625
66.2
57.6125
54.85625
53.7875
42.55
27.5
21.525
20.5287109375
18.6375
20.7875
24.4125
29.175
26.0625
14.70625
17.259375
24.4125
32.2625
32.025
24.4125
22.25
19.5875
21.9875
20.55
30.6
19.125
9.71875
11.915625
28.925
36.3375
52.8125
65.0125
54.975
42.075
35.6125
39.4625
41.3625
32.0375
33.25
30.24375
55.6875
49.225
33.7
21.025
27.5
33.475
64.775
77.925
56.4375
46.1375
34.8875
35.50625
70.05
44.4875
71.2375
38.5
26.8
32.5125
32.7375
38.2625
33.2125
24.15
33.83125
29.946875
48.0375
50.4375
54.975
40.8875
35.375
37.05
42.325
47.8
45.65
28.4625
23.575
25.28125
40.9
34.1875
40.9
45.9125
45.425
44.475
45.1875
42.7875
39.2
19.125
11.38125
12.509375
19.3625
28.7
32.5
34.175
31.075
31.5625
35.15
39.925
45.6625
44
37.66875
47.990625
70.275
79.5875
82.9625
70.2875
30.8375
37.7875
53.55
47.0875
51.4125
25.3375
16.0125
22.225
41.1125
55.7
44.7125
27.5
25.85
24.875
21.75
22.725
25.35
13.4
10.19375
10.490625
16.5
18.8875
18.875
15.3
15.3
17.4375
13.875
11.4875
12.9125
29.4
32.50625
39.221875
45.675
44.2375
31.075
21.025
15.775
14.5875
17.9125
19.35
32.7625
28.225
27.025
32.75
51.4
87.2625
54.5125
31.3125
30.3625
23.6875
23.4375
34.1875
46.375
53.3125
53.5375
49.39375
87.5
78.425
63.1125
56.175
38
48.5125
49
63.3375
60.25
49
49.9625
57.875
63.8125
61.4375
59.3
49.4625
22.890234375
13.1625
14.35
17.45
25.85
22.5
11.725
13.1625
21.05
20.0875
31.3125
55.7125
33.7
19.8125
17.675
18.8625
25.8375
14.1125
8.5125
6.61875
16.725
24.6125
17.675
16.0125
13.6375
8.8375
15.5375
17.9125
27.025
9.075
2.6125
4.525
8.175
16.5
18.65
13.1625
10.075
8.65
5.725
7.9
13.4
15.0625
7.5375
5.7625
13.6375
26.0625
33.95
17.2125
8.3875
11.7375
13.4
15.0625
21.525
28.7
27.7
22.2125
19.375
19.825
18.65
17.4375
16.9875
25.8125
34.65
35.15
44
20.0875
14.94375
19.540625
66.7
68.8375
34.6625
14.5875
9.11943359375
7.70554466247559
12.6875
22.7125
38.025
25.5875
19.9625
32.575
40.65
49.725
54.2875
32.9875
37.3
38.75
44.95
39.7125
34.65
30.6
35.5
29.7
43.0375
65.75
40.9
24.6625
26.325
31.55
41.1375
48.5125
50.65
40.6375
42.66875
21.921875
29.65
28.9375
26.075
20.075
18.3875
20.8
22.4875
39.675
73.8625
47.3375
36.8125
41.71875
47.325
44.7125
31.55
17.2125
11.7375
10.7875
13.875
20.55
35.15
37.5375
30.125
53.31875
58.8
44.2375
40.8875
19.85
17.4375
20.8
31.8125
50.675
73.6375
64.05
96.69375
103.928125
96.5625
89.4125
71.2375
45.425
26.5625
19.3625
25.1
46.6125
56.425
46.1375
38.4
41.78125
68.3625
94.175
76.975
51.65
24.4
17.6875
20.8125
35.6375
54.2625
40.1625
22.21875
21.384375
35.4
39.4375
43.2875
27.2625
18.4
18.625
23.425
51.4125
82.9625
63.575
57.9625
67.7125
68.8375
65.4875
51.15
33.25
23.9125
30.6
37.7625
103.50000125
104.4875
83.1875
77.45
84.75625
97.5125
98.5
80.575
51.3875
33.95
43.7625
39.225
43.525
53.0625
40.4
43.9875
75.55625
85.8125
91.3
43.275
16.025
13.6375
11.7375
17.925
33.9625
65.5
62.1375
59.39375
68.409375
59.0375
36.0875
37.5375
28.225
18.1625
20.0875
22.7125
25.5625
27.9875
24.15
17.08125
12.865625
19.3625
27.9875
33.4625
33.225
29.8875
28.225
27.275
37.0625
53.5375
32.5125
22.94375
27.478125
52.3625
70.275
49.7125
35.3625
33.225
30.8375
29.4125
34.675
55.7125
41.8375
24.18125
21.384375
31.075
39.475
38.0125
29.1625
26.5625
24.8875
28.9375
36.575
54.525
28.2125
14.35
11.61875
17.4375
27.975
27.7375
27.275
31.3125
31.3125
33.0125
52.6
56.175
50.2
33.45
32.61875
50.4375
70.275
72.2
44.95
31.5625
28.4625
31.075
38.7125
65.4875
38.7375
22.00625
19.709375
15.7875
21.05
23.4375
19.1125
14.35
14.35
16.0125
15.3
18.8625
15.5375
14.70625
19.040625
25.6
24.9
32.5125
25.5875
15.5375
20.5625
22.7125
26.5625
28.225
21.525
20.8
26.3125
50.2
67.1625
71
66.675
58.35
58.35
60.4875
59.3
61.9125
44.2375
37.7625
57.6125
81.5125
95.61250125
112.575
70.5125
53.55
49.475
44.7125
56.4125
64.525
66.675
86.3125
103.525
158.48750125
148.21250625
141.28749875
83.675
37.5375
35.1375
36.6
104.93749875
115.95
78.875
46.98125
88.028125
104.4625
71
55.925
49.9625
39.225
49.9625
61.4375
105.9
88.2375
50.45
41.825
40.05625
42.575
50.9
32.275
21.025
16.25
12.925
17.9125
30.8625
32.0375
16.7375
8.875
14.3375
23.2
29.65
38.5
30.8375
24.375
30.6
21.0375
22.4625
37.075
45.4375
55.225
69.78125
62.6125
76.275
61.675
35.625
26.55
23.2
52.6
115.71249875
125.275
95.6
101.8625
107.3375
101.8375
82.25
87.5
38.9625
48.3125
57.375
79.1375
93.4875
81.5
73.875
74.8375
82.9625
93.9375
106.85
98.975
79.1375
68.1125
72.4375
75.05
85.35
69.7875
60.725
59.65625
66.746875
80.325
84.875
92.0375
74.825
61.4375
51.85
46.1375
54.0125
68.6125
66.2
65.95625
73.990625
72.925
74.3625
69.3375
39.9375
24.3875
24.875
26.075
32.275
40.4
17.7
22.5875
52.64375
74.6
95.15
83.2125
50.2
33.475
28.9375
40.8625
66.4625
69.0875
57.3625
53.53125
63.715625
86.7625
82
56.65
32.2875
20.325
18.4
19.825
30.6125
44.475
41.15
40.54375
45.365625
51.6375
84.4
78.6375
72.1875
49.725
50.9125
48.5125
50.2
39.2
16.4875
28.925
39.1875
76.2625
77.4625
69.1
34.65
20.3125
21.275
33
60.25
63.35
37.0625
25.20625
47.615625
52.8375
53.075
57.1375
36.6
27.0375
26.075
34.4125
37.525
49.2375
14.8375
12.56875
18.353125
18.625
39.7125
47.8375
73.1625
45.6578125
39.4625
38.2625
54.2625
56.9
30.15
16.725
20.91875
40.9
66.675
60.4875
52.5875
51.8625
35.8375
34.6625
53.7875
68.375
32.9875
19.94375
24.446875
28.4625
31.075
29.8875
27.975
33.45
31.7875
56.175
63.825
48.3
24.6375
17.4375
23.675
31.075
41.6
50.9125
28.7
17.675
16.725
19.575
41.125
57.85
44.4625
45.41875
83.540625
92.275
94.425
102.8125
87.9875
34.175
31.575
37.2875
41.375
40.4125
32.025
41.23125
86.721875
92.9875
94.4375
91.8
71.475
69.0875
63.8125
58.1125
58.5875
51.1625
40.4125
46.25625
54.690625
54.2625
54.025
47.8
46.6125
43.2875
34.2
29.65
33.225
24.8625
9.55
8.49375
13.340625
33.225
45.1875
43.525
36.8125
36.6
27.9875
38.025
37.3125
26.3
8.6125
11.2625
18.51875
36.1
50.675
62.8625
64.525
61.6625
66.225
74.0875
75.7875
68.6125
59.2875
67.15625
70.015625
73.1625
81.05
55.225
45.425
26.8
20.3125
21.025
60.7125
60.2625
16.5
15.43125
13.459375
15.775
20.075
23.425
16.9625
14.825
13.4
10.075
9.3375
28.45
27.75
35.16875
38.390625
24.875
32.0625
26.5375
7.6625
1.1875
3.8
14.3625
37.7625
51.4
27.475
11.6
10.1
17.4375
30.6
46.625
36.6
25.35
24.4125
28.7125
56.65
59.0375
55.2125
70.05
84.28125
82.7
85.6
69.325
29.4125
11.5
8.1375
9.575
24.625
39.925
9.7875
4.175
7.9625
16.25
28.9375
30.3625
34.8875
31.8765625
35.533203125
30.8375
39.675
35.375
14.35
19.84375
30.009375
65.725
75.7875
67.4125
46.3875
36.3375
28
64.2875
71.2375
67.9
60.4875
66.90625
66.090625
60.225
46.3875
58.075
46.6125
36.825
33.475
32.7375
44.95
44.2375
37.05
48.65
62.31875
72.6875
71.025
67.4125
37.55
24.1625
21.7625
20.0625
22.9625
44.45
54.2375
57.8625
63.70625
73.175
65
52.35
33.7125
25.1
21.5125
33.45
47.5625
47.325
35.85
39.33125
45.971875
58.0875
74.35
62.625
37.7875
47.575
36.575
41.6
56.8875
70.525
64.775
62.03125
66.140625
74.6
80.0625
70.5125
48.0625
34.2
22.7
26.0625
50.4625
44.475
9.825
7.075
8.4375
16.75
27.0375
48.7625
39.95
22.25
16.25
14.825
29.1625
40.65
10.2875
3.45
7.85
21.0375
21.525
42.3375
33.2375
27.0125
12.2125
11.2625
19.1375
14.575
2.6125
7.29375
9.065625
25.35
30.6125
30.8375
30.8375
26.8
26.325
30.1375
46.6125
45.9
13.4125
9.19375
15.121875
26.775
38.975
48.5375
67.425
45.675
28.45
24.8625
37.3
55.2125
28.9375
22.95625
8.959375
11.975
18.6625
26.7875
18.6375
9.325
5.9625
7.1875
14.125
11.9625
9.825
7.9125
12.2125
21.5375
23.9125
35.4
20.8
18.175
18.15
19.85
33.6875
23.6875
5.7375
5.13125
11.215625
20.325
31.5625
41.625
44.4625
32.7375
44.475
62.3875
65
56.875
31.5625
18.41875
5.028125
11.9625
25.5875
27.0375
21.025
16.725
16.79921875
22.7125
38.4875
32.275
9.0875
3.0875
4.0375
8.3625
19.125
38.0125
43.7375
41.1125
26.7875
23.4625
41.6
34.4375
10.7875
4.275
5.61875
31.8
60.225
69.0875
44.7
20.075
22.2375
23.925
55.225
67.175
32.3
38.61875
45.128125
48.0375
59.2875
71.725
62.1625
35.15
49.4875
44.475
48.275
49.225
42.325
49.21875
49.728125
66.4375
64.7625
61.6875
46.85
32.2625
33
42.8125
57.375
64.0625
33.7125
39.55
66.375
65.7125
69.8
77.2125
58.7875
33.475
30.3625
39.2125
82.9625
79.6125
51.1625
25.96875
35.090625
50.925
62.6125
61.9
46.8625
19.125
17.925
22.475
43.275
36.5625
8.85
5.60625
4.834375
17.675
27.5125
42.0625
61.4125
37.0625
33.4625
49.2625
57.8625
56.175
39.4375
24.88125
24.734375
44
48.275
54.275
53.775
26.775
20.8125
20.5625
38.7375
37.525
4.775
2.1375
3.325
9.5875
13.1625
17.675
20.775
20.55
22.725
24.1875
26.8
16.4875
3.8375
0.59375
1.484375
8.1375
16.0125
20.075
26.0875
20.1
13.6375
19.8625
26.525
14.5875
5.2375
5.24375
8.721875
14.35
17.2
29.875
24.8625
11.025
11.975
10.3
22.475
12.425
0.95
2.25625
8.328125
13.4
24.85
31.075
39.45
34.9125
33.95
47.5625
62.15
44.475
25.8375
16.84375
12.746875
23.6875
33.25
43.2875
46.375
34.925
37.0625
51.875
74.5875
67.6625
54.9875
54.28125
54.028125
63.5625
47.3125
44.2375
26.3125
20.4078125
13.5572265625
20.325
47.55
65.25
27.5
12.56875
13.828125
28.4625
36.825
47.0875
41.6
26.2875
18.9
28.225
53.0875
37.3125
14.1125
6.09375
12.153125
13.4
19.1125
21.75
22.975
19.8125
17.45
28.9625
62.1375
64.5375
21.05
16.98125
14.021875
35.175
23.2
53.325
55.9375
37.0625
29.1625
18.65
15.775
11.025
13.1625
23.54375
30.778125
35.6375
19.8625
18.1625
25.6125
20.7875
19.8125
18.1625
17.2
8.4
5.0125
3.44375
4.096875
8.15
8.8875
12.2125
16.725
19.3375
16.0125
17.925
26.8
24.4
8.4
19.3625
30.96875
40.875
37.775
21.75
23.2125
23.4625
25.825
38.025
63.35
55.95
13.3875
6.0875
11.18125
26.55
52.6
34.4125
36.825
31.8
24.9
24.175
30.6
32.275
13.875
14.5875
23.06875
33.475
38.0125
37.05
36.825
32.025
29.1875
45.9
54.275
42.5625
12.9375
7.5375
7.125
19.6125
30.3625
30.125
15.93515625
5.75213928222656
5.7002036690712
5.70000079558231
5.70000000310774
5.70000000001214
5.70000000000005
5.7
5.95
9.8375
16.0125
20.55
22.975
23.675
66.45
48.525
53.55
43.525
16.7375
16.6375
22.16875
24.4125
28.225
29.8875
29.65
19.6125
12.925
15.775
11.5
9.6
3.8
4.86875
4.096875
6.7125
15.5375
22.725
30.625
37.775
49.2625
51.15
70.775
73.1625
55.95
56.66875
64.178125
72.2125
50.6625
39.9125
41.85
26.075
29.65
34.6625
42.3375
30.125
9.7875
6.1
8.55625
11.975
20.8
27.0375
28.640625
26.376953125
31.3125
33.7
32.0375
26.5375
5.25
4.15625
6.771875
22
32.9875
44.95
46.6125
29.6625
19.85
28.7
51.15
36.575
12.45
10.06875
10.159375
22.975
27.0375
43.7625
33.925
27.75
23.45
29.8875
35.15
23.6875
5.725
4.0625
11.025
25.3625
33.7
26.775
21.525
18.1625
11.975
11.975
10.075
10.075
7.425
13.4
24.8625
31.5625
47.575
55
40.1875
18.1625
16.25
18.4125
33.7
28.45
10.5375
10.66875
18.484375
20.325
24.15
37.775
40.4375
41.375
46.1375
66.475
71.9875
60.0125
48.0375
51.75
56.25
68.125
64.2875
67.65
50.9
36.1125
27.275
30.6
37.3
36.5875
13.1625
11.38125
21.215625
38.0125
48.525
65.0125
66.45
57.15
52.35
65.975
65.7125
58.8
48.75
56.08125
59.715625
65
70.5125
69.5625
51.4
40.9
34.4125
54.75
52.0875
51.1625
27.025
25.5875
33.80625
37.5375
40.9
37.05
39.225
41.825
34.425
44.7125
47.0875
41.3625
22
23.55625
30.540625
40.6375
57.3875
55.95
52.1125
40.65
38.5
35.85
31.7875
24.8625
21.75
24.50625
28.996875
31.075
36.8375
46.85
40.4
36.8375
39.2375
44.475
56.4
52.35
24.3875
31.925
43.10625
59.75
72.925
84.6375
78.9
60.25
52.1
45.9
47.0875
43.525
40.4375
42.66875
51.434375
57.375
61.4375
57.85
57.6125
50.675
37.55
51.6375
65.2625
57.875
49.225
51.625
66.190283203125
66.8972276687622
66.8999891705811
66.8999999576976
66.8999999998348
66.8999999999994
66.9
66.9
66.9
66.9
66.9
66.9
66.9
66.9
66.9
66.9
66.9
66.9
66.9
66.9
66.9
66.9
66.9
66.9
66.9
66.9
66.9
66.9
66.9
66.9
66.9
66.9
69.0875
54.975
33.7
45.78125
53.609375
44.2125
43.7625
61.6625
63.1
65.2625
55
50.9
46.1375
39.9625
36.5625
41.3875
40.9125
47.5625
53.525
55.6875
59.5375
49
43.05
48.5125
52.325
48.275
44.2375
45.6625
53.65625
62.1625
70.525
66.6625
64.05
58.575
51.375
63.575
65.7125
63.8125
56.1875
64.55
73.1625
71.9875
71.025
70.5125
74.125
67.4
66.4625
61.2
68.6
73.3875
66.1875
65.83125
71.034375
75.55
79.85
86.8125
85.85
59.525
54.9875
60.4875
81.525
63.5875
47.8
69.09375
81.890625
77.6875
89.1875
81.9875
79.3625
76.5
85.575
105.425
102.53750125
82.475
75.075
81.06875
85.471875
