"x"
68.35
67.15
73.6375
61.425
71.4875
65.9875
67.1875
74.575
72.425
49.2375
48.05
57.3
62.1625
50.425
41.375
49.7
47.3375
71.01250125
71.975
86.05
86.7625
57.6125
56.625
61.434375
43.7375
51.8625
67.4
59.2625
62.8875
60.9375
70.50625
67.6375
98.01250125
59.5125
36.325
46.55
61.1875
67.175
69.0875
62.1625
56.175
50.4375
43.5
38.2375
47.35
42.0625
21.0125
27.5375
42.7625
55.2125
70.0375
87.9625
86.5375
76.5
89.6375
89.1875
66.2125
76.4875
64.5375
69.2125
75.0625
75.075
46.3625
58.0875
78.175
70.9875
62.6125
54.975
47.3375
23.9
9.075
22.88125
71.690625
72.64697265625
118.713256835938
110.021994018555
102.8125
78.4125
81.64375
103.98750125
96.3375
72.2
45.9
49.5
74.196875
82.2
82.2
82.2
82.2
88.7
84.8625
106.6125
116.925
106.6375
126.22500125
90.1968725
98.35625
95.36845703125
93.7065174102783
93.7000253587961
89.4125
66.9375
64.2875
87.95
79.1125
64.55
70.5
82.21875
115.70000125
102.78749875
53.2875
54.5125
61.4375
69.825
73.65
78.8875
61.2
58.8
39.9125
54
88.9375
74.5875
66.4375
58.0875
56.6625
77.675
80.325
69.5625
54.7375
35.8625
37.775
57.76875
63.815625
72.21943359375
70.8055446624756
70.8000216588378
98.2625
86.0625025
99.44999875
124.5625
115.46249875
106.1375
71.95
56.9375
90.125
70.0375
106.6375
86.52500125
81.525
114.27343625
106.5841784375
103.7625025
81.5375
74.1125
68.1375
65.025
64.0625
86.2875
91.075
124.2999975
111.8625
100.15000125
96.5875
100.4125
78.4125
69.075
70.7875
61.425
80.5625
83.9
97.05
81.05
65.5
60.0125
84.3875
81.3
88.6875
71.725
75.5375
83.60625
48.7625
81.275
52.1
70.7625
59.2875
47.5875
54.5
50.4375
45.4375
31.325
28.9375
38.846875
52.1
45.1875
65.725
62.625
61.2
62.375
76.7375
81.28750125
96.11250125
45.1625
13.375
25.025
53.5
55.5
64.1
56.4
53.5
64.1
64.058740234375
63.1037450790405
63.100014629215
63.1000000571454
63.1000000002232
63.1000000000009
63.1
63.1
63.1
63.1
63.1
63.1
63.1
63.1
63.1
63.1
63.1
63.1
63.1
63.1
63.1
63.1
63.1
63.1
63.1
63.1
63.1
63.1
63.1
63.1
63.1
63.1
63.1
63.1
63.1
63.1
63.1
63.1
63.1
63.1
63.1
63.1
63.1
63.1
63.1
63.1
63.1
63.1
63.1
63.1
63.1
63.1
63.1
63.1
63.1
63.1
63.1
63.1
63.1
63.1
63.1
63.1
63.1
63.1
63.1
63.1
63.1
63.1
63.1
63.1
63.1
63.1
63.1
63.1
63.1
63.1
63.1
63.1
63.1
63.1
63.1
63.1
63.1
63.1
63.1
63.1
63.1
63.1
63.1
63.1
63.1
63.1
63.1
63.1
63.1
63.1
97.55
70.75
79.35
42.05
36.35
46.85
70.75
82.25
83.2
91.8
88
94.65
82.25
66.95
39.2
46.85
49.75
49.7
56.45
45.9
40.2
45.9
46.85
58.35
56.4
85.1
57.4
54.5
61.2
60.25
64.05
55.5
63.1
58.35
85.1
109.95
101.4
88
97.55
48.75
44
52.55
59.3
66.95
70.75
83.2
88.95
80.35
69.8
65
74.6
60.25
56.4
61.2
61.2
73.65
83.2
82.25
78.4
85.1
88.95
109
97.55
55.45
60.25
66.95
80.3
71.75
68.85
77.45
77.45
78.4
63.15
55.45
41.1
15.3
24.9
24.9
40.15
52.6
43.05
41.15
40.2
46.85
64.05
68.85
74.55
47.8
28.7
27.75
41.15
46.85
43.05
52.6
53.5
46.85
59.25
62.15
54.5
45.9
49.7
54.5
48.75
55.45
66
70.75
60.25
63.1
74.55
66
52.55
42.1
53.5
53.5
56.4
64.05
74.6
71.7
73.6
80.35
85.15
74.55
66
43.05
48.75
60.2
57.4
53.55
58.35
57.4
65.95
80.3
62.15
63.1
68.85
55.45
57.35
64.05
80.35
74.55
84.15
88.95
86.05
92.75
75.55
93.7
79.4
51.65
51.6
62.15
64.05
64.05
86.05
76.5
87.52685546875
87.05
78.45
91.8
69.8
44
36.35
51.65
71.7
69.8
97.5
96.6
80.3
77.45
72.65
79.35
67.85
48.75
40.2
37.3
44.95
42.1
47.8
53.55
60.25
68.85
66.95
53.55
45.9
33.45
36.35
41.15
55.5
52.55
66
59.25
58.35
64.05
68.85
67.9
42.1
24.85
29.65
21.05
51.65
64.1
59.3
58.35
52.55
62.15
81.3
61.2
59.3
22
22.95
32.55
49.7
57.4
72.7
69.8
71.7
65
68.85
87.05
78.4
36.35
31.55
46.85
62.15
89.9
81.25
82.25
76.5
71.75
124.3
135.8
135.799995
58.35
48.75
66
93.7
97.5
122.399995
96.55
67.9
89.9
109.95
125.25
105.2
56.4
33.45
43.95
64.1
84.15
112.850005
118.600005
101.35
105.2
123.400005
132.900005
93.7
28.7
3.8
16.25
27.7
37.3
58.35
83.2
82.25
91.8
88.9
87
70.75
42.1
57.4
75.55
79.35
97.5
113.8
101.35
89.9
81.3
90.85
100.4
78.45
46.85
52.55
55.45
57.4
62.15
56.4
74.6
81.25
79.35
79.4
118.550005
130.05
67.9
56.4
74.6
96.6
104.2
117.600005
108.05
105.2
108.1
109
134.8
114.75
57.35
42.1
62.15
87
110
100.4
96.55
83.2
106.15
97.55
109.95
104.2
38.25
29.65
61.2
76.5
84.15
109.95
127.2
111.85
116.65
142.91875
91.8
82.25
46.85
55.45
65.05
76.5
84.15
72.65
69.8
80.35
70.75
65
84.15
71.7
50.7
44.95
46.85
55.45
63.1
80.3
81.3
69.8
85.1
76.5
105.2
68.85
59.3
69.8
65
83.2
90.85
106.15
114.75
110.95
103.3
129.10001
119.5
82.25
57.35
62.15
96.55
102.35
127.200005
144.39999
142.449995
157.799995
123.35
142.5
148.200005
140.549995
67.9
42.1
69.8
78.45
114.75
140.60001
107.1
139.65
149.2
132.950005
113.8
118.6
43
40.2
53.5
54.5
77.45
92.75
125.299995
115.7
102.3
115.7
88.95
70.75
40.2
27.75
47.85
53.55
64.05
69.8
64.05
66
81.017138671875
87.95
76.5
62.15
46.85
43.05
51.65
64.05
60.25
68.85
85.15
75.55
96.6
116.65
140.55
122.400005
53.55
53.55
62.15
81.25
56.4
58.3
51.65
50.65
53.55
47.85
70.75
56.4
45.9
46.85
59.25
59.3
54.5
62.15
88
103.3
119.550005
110.95
79.4
66.9
54.5
52.6
44.95
59.3
70.75
108.05
128.150005
120.450005
105.2
131.950005
153.950005
86.05
61.2
56.4
88
78.4
95.65
138.64999
132.9
123.350005
107.1
118.6
99.45
67.9
30.6
19.1
34.4
50.7
70.75
103.25
146.35001
130.05
87.05
97.5
120.5
126.200005
59.25
42.1
63.1
94.65
104.2
112.85
110.9
102.3
98.5
78.4
134.849995
133.849995
40.2
35.35
48.75
73.65
81.25
85.1
92.8
89.85
84.15
99.45
89.85
90.8
46.85
35.4
63.1
81.25
73.65
87.05
97.5
83.2
68.85
105.2
76.5
59.3
46.85
44.95
59.3
100.4
108.05
94.65
81.3
81.25
68.85
78.45
69.8
57.4
43
40.2
47.8
77.5
80.3
86.05
70.75
69.8
88.95
103.3
101.35
96.6
51.65
57.35
80.35
111.85
99.45
96.55
86.05
107.1
86.1
109
111.9
96.55
64.1
51.65
67.85
88
80.35
84.2
89.9
79.35
82.25
87
96.6
78.4
46.85
33.45
56.4
83.2
95.65
122.450005
109
109
97.55
110.95
141.5
109.000005
77.45
66.9
74.55
91.8
97.55
113.8
83.2
81.3
84.15
124.3
103.25
78.4
60.25
48.75
59.3
79.4
80.35
88.95
99.45
70.75
73.6
72.65
66.95
54.5
20.05
50.65
51.65
43.05
81.3
100.4
81.3
87.05
116.650005
108.05
95.6
80.35
48.75
61.2
69.8
65
77.45
77.45
78.45
113.8
113.8
119.500005
121.45
110.95
59.3
53.55
57.4
65
80.3
75.55
76.5
78.4
79.35
82.25
79.35
88.9
57.35
61.2
63.15
70.75
74.6
84.15
88
86.1
76.5
84.15
75.55
87
48.75
41.15
46.85
60.25
63.1
85.15
88.9
96.6
126.250005
135.800005
133.900005
106.15
63.1
59.25
85.1
96.6
121.45
129.1
130.049995
110.95
145.35
99.45
128.15
116.649995
61.2
35.4
51.65
74.6
83.2
93.75
82.25
67.9
66
40.15
39.25
17.2
9.6
16.25
46.85
69.8
96.55
96.55
97.55
110.95
90.85
93.7
88
57.35
33.5
29.65
43.05
44
42.1
60.2
76.5
57.4
66.95
64.05
74.6
96.55
60.25
43.05
65.95
87
81.3
89.9
133.9
125.250005
114.75
104.2
105.15
101.35
88.9
49.7
50.7
82.25
87.95
90.85
117.650005
104.25
111.9
106.15
117.600005
132.949995
77.45
41.1
40.15
64.05
88.9
79.4
98.5
80.06845703125
81.3
109
104.2
113.8
86.05
37.3
52.6
70.75
93.7
111.85
112.85
83.2
81.25
102.35
117.65
74.55
62.15
44.95
44
48.75
58.35
62.15
82.2
77.45
74.6
68.8
85.15
86.05
75.55
72.7
70.75
74.6
89.9
110.95
90.85
90.85
75.55
104.25
121.45
99.45
65.05
57.4
59.3
65
76.5
88.95
81.3
66.9
69.8
69.8
82.25
101.35
71.7
49.7
60.25
79.35
79.4
69.8
82.25
87.95
61.2
93.75
92.75
93.7
64.05
48.75
54.5
51.6
50.65
52.55
53.55
47.8
52.55
56.4
65.05
64.1
81.3
38.25
34.4
38.25
39.25
68.85
108.05
131
78.4
71.7
81.3
76.5
66
49.7
56.45
56.45
57.4
61.2
65
66.9
66.95
67.9
74.6
101.35
63.1
39.2
40.15
38.25
51.6
60.25
64.05
56.4
65
71.75
77.45
67.85
61.2
62.15
63.1
73.6
74.6
84.15
67.9
59.25
55.5
58.35
66
68.85
49.7
49.7
54.5
65
69.8
79.35
78.4
84.15
67.9
69.8
84.15
104.2
69.85
54.5
63.1
72.7
80.3
85.15
85.1
89.9
80.35
85.1
83.2
96.55
69.8
46.85
54.5
68.85
82.2
85.15
92.75
86.1
82.25
77.45
77.45
79.35
67.9
58.35
60.25
52.55
56.4
71.7
70.75
96.6
99.275
105.1296875
104.25
79.4
63.1
64.05
60.2
74.55
73.6
112.8
97.5
71.7
81.3
88
109
95.65
89.9
67.9
63.1
58.3
58.35
62.15
75.55
58.3
72.65
47.8
53.5
41.15
23.95
26.8
32.5
53.55
43.95
76.5
78.45
83.2
69.8
116.65
100.4
91.8
68.85
62.15
82.25
89.9
80.35
80.3
67.9
83.2
81.3
102.35
131
128.10001
64.1
59.3
66
65.95
77.45
79.35
63.1
50.65
75.55
83.2
85.1
71.7
66
39.25
44.95
74.6
94.65
97.55
109
90.85
93.7
105.2
103.25
76.5
78.45
70.75
68.85
95.65
91.8
109.05
105.2
132.900005
131.95
126.25
121.45
90.85
81.3
80.35
88
88.95
89.9
106.15
133.85
130.10001
94.7
87.05
90.85
79.35
64.05
55.5
71.75
74.6
80.3
91.8
102.3
94.7
87.95
87.95
69.8
66.95
57.4
59.3
62.15
67.9
70.8
81.25
72.65
66
66
96.55
91.8
79.35
78.45
79.35
79.4
73.65
67.85
65
63.1
66.9
61.2
78.4
86.05
96.6
77.45
56.4
93.7
100.4
73.65
74.6
65.05
62.15
55.45
58.35
65.95
77.45
77.45
45.9
48.8
49.75
68.85
77.45
86.05
73.65
59.25
74.6
101.35
68.85
58.3
57.4
59.25
59.3
72.65
83.2
89.9
94.6537109375
92.75
109.95
115.7
80.3
47.8
22
32.5
50.7
76.5
86.05
91.8
86.05
83.2
79.4
86.05
60.25
39.2
22.95
26.8
30.65
44
57.4
48.75
44.95
40.2
47.8
45.9
43.05
36.35
31.55
52.55
87
93.7
85.15
62.15
63.1
55.45
75.55
99.4
89.9
54.5
64.1
87.05
82.2
83.2
81.3
102.3
102.3
69.8
74.6
91.8
103.3
65.95
42.1
63.1
74.6
83.2
89.9
85.1
88.95
95.65
94.7
102.3
118.55
61.2
51.65
52.6
81.3
87
81.25
80.3
97.55
106.15
98.5
117.65
93.7
76.5
40.15
53.55
72.65
87.05
85.1
104.25
104.25
108.05
102.92890625
74.9571929931641
74.6013952851295
74.6000054503325
74.6000000212904
74.6000000000832
74.6000000000003
74.6
74.6
74.6
74.6
74.6
74.6
74.6
74.6
64.05
34.45
49.7
64.05
88.95
58.35
54.5
48.75
54.5
43.05
54.5
43.95
27.75
39.25
44
41.1
47.8
59.3
69.8
76.5
65.95
92.75
98.5
79.35
47.8
29.65
46.85
64.05
83.2
115.75
101.4
112.85
102.3
107.1
108.05
87.05
63.1
52.6
61.2
86.05
100.4
97.55
82.25
102.35
113.8
110.95
103.3
94.7
54.5
27.75
54.5
71.7
80.35
82.2
66
74.55
65.95
73.6
126.25
110.9
56.4
60.25
63.1
68.85
82.2
107.1
90.85
88.23154296875
93.7
107.1
123.350005
98.5
78.4
50.65
59.25
71.75
50.65
60.2
88.9
67.1416015625
65.0078735351562
74.6
96.55
83.2
65.05
52.6
49.7
56.4
75.55
90.85
89.9
83.2
75.55
64.05
82.25
82.2
58.3
61.2
63.1
74.55
67.9
65.95
71.7
65
62.15
71.7
75.55
66
46.85
39.2
44.95
57.35
56.4
67.9
65.95
56.4
54.5
64.1
73.6
85.1
46.85
30.6
34.45
48.75
67.9
92.75
98.5
118.550005
98.5
100.4
106.15
105.2
83.2
68.8
75.55
100.4
100.4
120.5
113.8
97.55
86.05
88
120.5
84.15
57.4
58.3
68.85
86.05
104.25
101.35
105.2
91.8
102.3
98.5
90.85
88.9
66
47.8
49.7
71.7
83.2
91.8
74.6
78.4
70.75
74.6
102.3
100.4
64.05
66
77.45
82.2
72.7
66.95
66.95
63.1
56.4
76.5
73.6
44.95
45.9
42.1
42.05
49.7
55.45
53.5
47.85
44.95
45.9
40.2
42.1
44.95
39.2
33.5
52.6
36.35
40.15
51.6
51.65
49.75
40.2
58.35
65.95
83.2
51.65
34.4
36.35
47.8
61.2
70.75
80.35
64.05
59.3
67.85
77.45
71.7
62.15
63.1
76.5
90.85
96.55
68.85
58.3
61.2
58.35
68.85
79.35
82.25
42.05
23.95
33.45
71.7
59.3
54.5
57.35
60.2
65.95
61.2
56.4
55.45
35.4
14.35
19.1
33.5
44
49.7
46.85
39.25
46.85
41.15
43.05
41.1
23.9
15.3
24.9
43.05
53.55
65.05
47.8
44.95
42.1
58.35
49.75
52.6
43.05
39.25
44.95
51.6
60.25
74.55
84.15
43.05
59.3
72.65
52.6
60.25
50.65
60.25
60.25
62.15
72.65
70.8
87
78.4
80.3
80.3
77.5
89.85
62.15
43.05
50.7
81.3
70.8
80.35
82.2
77.45
75.55
90.8
107.1
90.8
63.1
65.95
60.25
73.6
88.9
63.1
57.35
44
51.6
44.95
54.5
51.65
44.95
30.6
36.35
48.75
44.9
60.2
53.55
55.625
49.7703125
71.7
68.85
77.45
52.6
23.95
29.65
52.6
58.35
66.95
71.7
65.95
68.85
92.75
85.1
84.15
69.8
40.2
49.7
54.5
66
70.75
63.1
68.85
60.25
60.25
74.6
54.5
43
58.35
57.4
68.85
66.95
102.3
108.05
87.05
110.95
110.95
94.65
89.9
79.35
91.8
97.5
56.4
57.35
65.05
99.45
91.8
86.05
101.35
95.6
123.350005
40.15
30.6
34.45
39.25
45.9
83.2
99.45
97.5
98.5
110.900005
131
124.3
76.5
67.9
112.85
111.850005
77.45
90.85
109
113.8
91.8
108.05
83.2
80.3
46.85
40.15
47.85
63.1
54.5
51.65
71.7
103.3
67.9
66.95
64.05
42.1
48.75
58.35
57.35
73.65
86.1
87.05
62.15
62.15
52.6
55.5
60.2
64.05
36.35
29.65
44.95
53.55
67.9
94.65
81.3
86.05
60.25
75.55
73.65
83.2
70.75
37.3
46.85
57.4
66.95
88.9
91.8
95.6
79.35
82.25
76.5
65.95
58.3
31.55
34.45
42.1
44.95
65.95
87
74.1609375
61.35380859375
71.75
44.95
42.1
33.5
18.15
22
60.25
69.8
81.3
53.5
53.55
48.75
47.8
45.9
61.2
39.2
35.35
40.15
65
78.4
95.65
104.25
82.25
107.100005
80.3
91.8
94.65
87
50.65
60.25
60.2
54.5
33.45
39.25
40.15
35.4
36.35
39.2
41.15
45.9
34.45
37.3
42.05
40.2
43.05
44
53.55
64.1
66.95
94.7
65.05
47.85
43.05
51.65
87.95
78.4
108.05
48.75
79.35
61.2
58.35
56.4
79.4
65.95
41.1
39.25
42.1
65
77.45
67.9
76.5
72.7
69.8
79.4
72.7
61.2
28.7
34.45
56.4
54.5
52.55
52.55
50.584375
61.0661499023438
61.199477148056
61.1999979576096
61.1999999924912
41.15
30.6
35.35
43.95
80.35
41.15
57.35
37.3
44
51.6
92.75
88
65
67.85
77.45
59.3
70.75
78.4
46.85
46.85
44.95
48.75
78.4
86.05
52.55
55.45
51.65
52.55
60.25
56.4
23.9
29.65
30.65
21.05
45.9
57.35
48.8
48.75
59.3
64.05
77.45
36.35
24.85
41.1
22.95
29.65
36.35
41.15
30.6
33.45
42.1
49.75
58.35
47.8
58.3
48.8
38.25
73.65
66
66.95
51.65
22.95
38.25
62.15
65.05
82.25
64.1
53.55
54.5
64.05
75.55
75.55
47.85
25.85
27.7
36.35
45.9
42.05
45.9
65
58.35
66.9
47.8
68.85
41.1
15.3
19.15
50.7
62.15
71.7
65.95
69.85
79.4
76.5
94.65
100.4
58.3
27.75
27.75
39.2
53.5
50.65
47.8
53.02685546875
49.7
54.5
62.15
70.75
35.4
9.6
21
24.85
29.65
36.35
22
34.45
40.15
36.3
37.3
23.9
16.25
27.75
31.55
56.45
63.1
67.85
51.65
46.85
83.15
59.3
35.35
25.85
11.45
11.5
17.2
24.85
57.4
66
52.6
54.5
35.4
48.75
102.3
95.6
62.15
16.25
21.05
52.55
55.45
62.15
73.65
105.15
96.6
91.8
91.8
100.4
59.3
33.45
44.95
53.55
77.45
71.75
71.75
65
48.75
43.05
57.35
75.55
53.55
31.55
30.6
60.25
61.2
55.45
56.4
50.7
64.05
59.25
57.35
63.1
39.2
12.45
15.3
33.5
47.8
50.65
64.05
44.95
65
62.15
76.45
51.6
37.3
13.4
8.7078125
25.85
51.65
43.05
40.2
41.15
42.1
46.85
48.75
53.5
41.15
48.75
53.55
73.65
84.15
76.5
76.5
86.05
84.15
83.15
82.25
78.4
65.95
63.1
59.25
73.65
55.45
46.85
61.2
63.1
62.15
63.1
57.35
67.85
50.7
29.65
27.75
50.65
49.7
42.1
59.3
46.85
44.9
59.3
48.75
58.35
38.25
18.15
44.95
63.15
93.7
103.3
89.9
83.2
93.7
91.8
96.55
81.25
71.7
60.25
74.6
75.5
92.75
84.15
79.35
77.746875
46.2779296875
81.25
79.4
70.75
47.8
40.2
45.9
62.15
67.85
70.75
81.25
78.4
87.95
76.5
103.3
81.3
65.05
37.3
30.65
38.25
49.7
43.05
72.65
67.9
53.55
81.3
76.5
63.1
42.05
41.15
54.5
49.7
58.35
57.35
61.2
61.2
57.35
59.3
63.1
51.65
30.6
28.7
45.9
64.05
68.85
78.4
77.45
68.85
92.75
76.5
87.95
88.9
61.2
32.55
49.75
76.5
86.05
84.15
87.05
96.6
82.25
100.4
107.1
104.25
59.3
48.75
57.35
71.7
81.3
70.8
81.3
68.85
69.85
88
86.1
102.35
48.75
34.45
40.15
61.2
73.6
76.5
90.85
95.65
105.15
88
97.55
55.45
49.7
35.35
44.95
62.15
71.7
50.65
64.05
72.65
65.95
81.3
72.7
81.25
67.9
46.85
35.4
56.4
80.3
71.7
52.6
59.25
52.6
49.7
55.45
44.95
25.85
31.55
54.5
59.3
56.4
55.45
62.15
50.65
53.55
53.55
52.6
41.15
37.3
28.7
47.8
42.1
62.15
68.85
128.15
114.75
111.9
81.3
84.15
80.3
48.8
21.05
28.7
32.5
57.4
75.55
103.25
87.05
101.35
80.35
65
101.4
68.85
31.6
31.55
51.65
65
66.9
67.9
99.45
100.4
94.65
81.25
55.45
42.1
37.3
41.15
49.75
71.7
72.65
71.7
74.6
78.8453125
82.25
93.7
96.55
69.85
39.2
37.3
57.35
65.95
60.25
64.05
71.7
66.95
66
56.4
50.7
41.1
25.85
30.6
39.25
64.05
75.55
80.3
94.65
72.65
46.85
46.85
40.2
58.35
39.2
53.55
63.1
68.85
87.05
70.75
66
74.6
66
55.5
95.6
73.6
60.25
57.35
86.05
93.75
102.3
82.25
73.65
66.9
100.4
96.6
79.4
54.5
44.95
44
73.65
83.15
59.3
58.35
61.15
58.35
60.25
62.15
49.75
38.25
36.35
32.5
46.85
49.7
58.35
63.1
65
54.5
63.15
65
66.95
41.15
33.5
42.1
65
74.6
66.9
52.55
75.55
53.55
38.3
50.65
53.55
40.15
27.75
37.3
67.9
53.55
45.9
52.55
39.25
51.65
55.45
51.65
63.1
45.9
36.3
52.6
83.2
60.25
78.4
103.3
91.8
68.85
63.1
78.45
70.75
75.55
77.45
79.35
88.9
81.25
78.4
78.4
68.85
58.35
60.25
79.35
66
72.65
72.65
82.25
86.1
88.95
65.05
52.55
77.45
88
102.3
131.999995
109
65
43.05
49.7
72.65
77.5
101.35
82.25
65.95
77.5
65
73.65
82.25
56.4
35.4
42.05
78.4
90.85
86.1
87.05
88
81.25
89.9
97.55
70.75
45.9
22.95
33.5
47.85
75.55
64.05
68.85
104.250005
104.25
115.7
114.75
120.450005
82.25
43.05
47.8
65.05
87
79.35
82.2
99.45
84.15
86.1
117.600005
141.55
82.25
57.35
50.7
66
90.85
81.25
107.1
69.8
54.5
55.45
93.7
83.2
57.4
38.3
48.75
75.55
76.5
68.85
69.8
41.15
42.05
54.5
71.7
50.7
36.35
28.7
36.35
38.25
49.7
53.55
54.5
52.6
51.65
70.75
67.9
119.500005
78.4
48.75
50.7
68.85
64.05
65
66
65
68.85
59.25
61.2
66.9
48.75
23.95
31.6
64.1
88
78.45
97.5
79.35
79.35
81.3
94.7
108.05
78.4
37.3
42.05
67.9
106.1
76.5
127.2
131.27890625
114.995556640625
88.9
127.150005
97.5
64.05
35.4
41.1
46.85
73.65
65
97.55
97.55
92.75
85.1
112.8
108.050005
83.2
44.95
42.05
63.1
73.6
64.05
59.3
44.95
48.75
66.95
61.2
46.85
31.55
32.5
40.15
61.2
56.4
69.8
74.6
67.9
60.2
63.1
81.25
82.2
60.2
50.7
65.05
80.3
79.35
87.05
99.4
95.6
119.550005
112.85
121.45
118.55
103.3
85.15
90.85
120.500005
118.6
118.6
102.3
95.65
80.35
86.05
98.5
83.2
66
44
51.65
82.25
85.15
77.45
72.65
76.5
65
61.2
90.85
77.45
67.85
37.3
33.5
51.65
66.9
68.85
70.75
82.2
74.55
70.75
86.05
72.65
50.7
22.95
37.3
64.1
88.95
103.25
99.45
114.75
119.55
115.75
141.5
134.849995
91.8
37.3
29.65
63.1
109.05
121.450005
114.75
88.95
57.35
78.4
83.2
77.45
66.95
50.7
69.8
70.75
80.3
91.8
91.8
75.55
58.35
53.5
71.75
70.8
50.7
44
58.35
74.6
71.7
83.2
84.15
97.5
84.15
77.45
83.15
71.7
52.6
37.3
38.25
60.25
64.05
59.3
67.85
67.9
70.75
64.05
80.3
105.2
55.45
22.95
23.95
47.8
65.95
65.95
96.55
97.55
108.05
95.6
107.1
88.95
81.25
61.2
70.75
92.8
102.35
97.55
92.75
103.3
77.9369140625
77.45
109
105.15
49.7
24.9
42.1
63.1
67.9
63.1
63.1
52.6
55.45
74.6
74.6
64.05
24.85
18.15
21.05
36.35
41.15
55.45
56.4
50.65
45.9
43.05
48.75
37.3
41.15
39.25
45.9
57.35
73.6
69.8
58.3
42.1
58.35
71.7
93.7
82.2
39.2
36.35
50.65
84.15
106.15
118.550005
72.7
82.25
109
83.2
83.15
83.2
76.5
58.35
63.15
88.95
87
87
108.1
65
83.2
81.3
109.05
97.5
65
54.5
63.1
73.6
93.7
76.5
71.7
82.25
82.25
92.75
113.750005
117.6
59.3
27.75
40.15
56.4
79.35
87.05
114.75
98.5
90.8
67.9
72.65
84.15
78.4
34.45
29.65
45.9
68.85
65.95
88.95
83.2
94.65
107.1
105.2
89.9
35.35
12.45
16.25
35.4
49.75
63.1
71.7
57.35
54.5
75.55
58.35
42.1
28.7
28.7
36.35
60.25
69.8
61.2
86.1
82.2
77.45
91.8
93.7
75.55
47.8
51.65
58.35
87.05
92.75
99.4
89.85
71.75
87.05
99.45
94.65
100.4
51.65
36.35
59.25
103.25
84.15
70.75
71.75
60.25
110.000005
71.97265625
69.8
91.8
53.55
40.2
42.1
71.7
82.25
91.8
98.5
86.1
87
98.5
68.85
66.95
49.7
44
51.65
77.5
99.4
102.3
99.45
98.89765625
91.884228515625
103.3
114.8
128.10001
69.85
54.5
54.5
78.4
90.85
90.85
97.55
98.45
110
97.5
105.15
143.399995
108.049995
59.3
58.35
99.45
110.95
82.2
88.95
84.15
72.65
94.7
107.1
97.55
60.25
57.35
81.3
107.1
121.45
110.9
115.7
105.2
87.05
83.15
95.6
99.45
84.15
83.2
100.4
93.7
86.1
78.4
60.25
77.45
74.6
90.8
94.65
130.049995
86.1
52.55
66.9
87.05
117.6
109.95
85.1
106.15
92.8
91.8
127.2
115.7
69.8
47.8
56.4
82.25
118.600005
123.35
130.05
105.2
94.65
120.450005
130.049995
134.85
90.85
61.2
77.45
91.8
100.4
104.25
104.25
101.35
94.65
103.25
155.85
154.89999
99.45
77.45
76.5
97.55
115.75
99.45
82.25
65
70.8
82.25
68.8
79.4
55.45
60.25
80.3
83.2
88.9
87
86.05
80.3
80.35
67.9
87.05
112.85
72.7
64.05
75.5
60.25
51.6
58.35
65.95
51.65
55.45
61.2
81.3
61.15
34.4
29.65
34.4
47.8
60.25
79.4
85.1
101.35
90.85
94.7
100.4
87
59.3
35.35
52.6
77.45
98.45
95.6
106.15
106.15
100.4
105.2
108.05
99.45
61.2
43.05
45.9
68.85
98.45
101.35
110
103.3
98.5
98.5
103.3
109.05
56.45
34.4
24.85
44
58.35
66.9
71.75
66.9
66.9
80.35
89.9
86.05
75.55
57.35
56.45
74.6
101.4
93.7
103.3
87.05
97.5
85.15
114.75
123.349995
70.8
34.45
45.9
58.35
60.25
64.05
72.65
62.15
54.5
63.1
64.05
69.8
40.15
44.95
51.65
60.25
70.75
71.7
72.7
68.85
65
61.2
69.8
75.55
61.2
52.6
67.85
93.75
106.15
107.1
99.45
81.25
88.95
88.95
90.85
90.85
71.7
64.05
70.75
96.6
108.05
113.8
97.55
110.95
91.8
91.8
85.15
88
83.2
89.85
114.75
138.650005
132
149.199995
110.9
91.8
82.25
137.7
120.5
117.6
76.5
66.95
87.05
101.35
95.6
98.45
110.9
109
110
104.25
101.35
110.9
85.1
65.95
71.75
101.35
108.05
96.55
92.75
91.8
73.6
105.2
107.1
92.75
56.45
35.35
39.2
58.3
66.95
80.3
66.95
66.95
70.75
66.95
67.9
76.5
61.2
81.25
90.85
101.35
119.55
145.35001
107.588233666992
101.424172787762
101.400094424952
101.400000368847
101.400000001441
101.400000000006
101.4
101.4
101.4
101.4
101.4
101.4
101.4
101.4
101.4
101.4
101.4
101.4
101.4
101.4
101.4
101.4
101.4
101.4
101.4
101.4
101.4
101.4
101.4
107.1
69.8
77.45
96.6
88.9
84.15
88
95.6
102.3
90.8
90.85
98.5
91.8
71.7
81.3
92.8
84.15
102.3
104.25
103.3
92.75
69.8
67.85
69.8
62.15
32.5
40.15
67.9
74.55
109
107.1
128.10001
127.2
131.000005
98.5
138.699995
109.95
77.45
63.1
68.85
87
127.199995
119.550005
101.4
101.4
87.05
83.2
78.173486328125
74.6139589309692
74.6000545270741
74.6000002129964
74.600000000832
74.6000000000032
74.6
74.6
74.6
74.6
74.6
74.6
74.6
74.6
74.6
74.6
74.6
74.6
74.6
74.6
74.6
74.6
74.6
89.9
119.55
103.3
55.45
49.7
91.8
93.7
104.2
109.95
118.6
100.4
109.05
138.699995
120.500005
103.25
50.7
34.4
62.15
71.7
79.4
79.35
121.449995
93.7
91.8
126.25
132.950005
118.600005
58.3
42.1
46.85
54.5
95.6
111.85
103.3
103.3
112.85
148.200005
134.800005
134.850005
51.65
40.2
60.25
78.4
84.15
78.4
66.95
71.7
103.3
143.400005
112.85
133.89999
60.2
43.05
66.95
85.1
96.6
92.75
87.95
64.05
83.2
85.1
103.3
81.25
61.2
81.3
87
79.35
94.65
100.4
92.8
124.300005
99.45
113.8
131.05
99.45
67.9
79.35
86.05
78.4
80.3
72.65
71.7
67.85
63.1
74.6
71.7
74.6
52.6
49.7
62.15
60.25
63.1
74.55
96.55
98.615625
88.1338500976562
88.000522851944
88.0000020423904
88.0000000079781
88.0000000000312
88.0000000000001
88
88
88
88
88
88
88
91.8
96.55
71.7
40.2
37.3
47.8
66.9
72.7
88.9
91.8
86.05
82.25
72.65
117.65
87.95
64.05
65.95
61.2
83.2
101.35
85.1
87.05
95.65
91.8
98.5
119.550005
117.599995
50.7
28.7
33.45
47.85
52.6
56.4
55.45
48.75
47.8
50.65
59.25
78.4
54.5
58.35
69.8
77.45
74.55
85.15
78.4
61.2
50.65
53.55
90.85
91.8
52.55
62.15
59.3
53.55
66.95
75.55
84.2
71.7
78.4
82.2
110.95
118.550005
71.75
78.4
92.75
89.9
107.1
99.45
81.25234375
76.5599212646484
79.35
97.5
114.75
95.6
41.1
30.6
43
67.9
72.65
88.95
108.05
108.05
94.65
99.45
87
77.45
40.15
37.3
65.05
84.15
100.4
98.5
99.45
105.2
110.663427734375
104.2
108.05
117.600005
63.1
65
76.5
65.05
66.9
87.95
87.95
88.9
84.15
97.55
97.55
96.55
55.45
58.35
66.9
82.25
84.15
66.95
71.75
71.7
82.25
66.95
62.15
54.5
57.4
62.15
80.3
89.85
86.1
80.3
86.05
58.3
53.55
66.95
75.55
60.25
42.1
41.1
61.2
78.4
80.3
101.35
84.15
88.95
84.2
76.5
70.75
71.7
61.2
68.85
75.55
101.35
102.3
109
110.9
110.95
93.7
99.45
101.35
117.600005
38.25
31.55
39.25
60.25
72.65
92.75
94.65
101.35
78.45
87
89.85
75.55
39.2
36.35
49.7
64.1
72.7
85.1
88.95
86.05
74.55
98.5
97.5
56.4
20.1
20.05
38.25
66
54.5
66
59.3
59.3
65
70.75
89.9
93.7
43.95
33.5
45.9
61.2
77.45
89.85
96.6
95.65
76.5
95.6
91.8
74.6
66.95
63.1
68.85
78.45
83.2
91.8
101.4
65.05
75.55
88
90.85
71.7
39.25
44.95
60.25
78.4
90.85
105.2
100.4
89.9
96.6
97.5
88.9
67.9
26.8
24.9
39.2
60.25
67.9
75.55
87
79.4
91.8
107.1
110.9
85.15
57.35
40.15
31.55
38.25
56.4
52.6
66
92.75
91.8
112.85
120.5
98.5
42.05
23.9
37.3
44.95
54.5
68.85
85.1
109.4453125
102.3
125.25
118.55
83.2
40.15
29.65
46.9
69.8
86.1
101.35
106.15
76.5
75.55
78.4
109
97.55
55.45
47.8
57.4
61.2
79.35
89.85
95.65
80.3
89.9
88.95
76.5
62.15
53.55
58.35
58.35
71.7
81.25
75.55
69.8
68.85
68.85
81.25
81.25
72.7
60.25
64.05
76.5
73.65
75.55
83.2
98.5
78.4
79.35
88
88
78.4
40.15
43.95
64.05
74.6
73.6
84.15
86.1
78.4
74.6
67.9
71.7
50.7
23
23.9
23.95
51.65
55.45
68.85
81.3
74.6
59.25
85.1
91.8
85.1
52.6
47.8
61.2
72.65
75.55
86.05
91.8
96.6
90.85
94.65
92.75
77.45
28.7
20.05
24.9
43.05
44
47.8
56.4
58.35
59.3
58.35
62.15
49.75
22.95
13.4
23.95
35.4
43
54.5
62.15
70.75
61.2
86.05
91.8
60.25
35.4
39.25
43.05
55.45
51.65
78.45
76.5
81.3
78.45
75.55
77.45
39.2
22.95
22.95
40.2
46.85
62.15
64.05
66.9
71.7
71.7
126.25
110
82.2
42.1
55.45
65
82.25
84.15
66.9
84.15
78.4
86.05
106.15
123.35
106.15
64.05
58.35
70.75
78.4
95.6
96.55
93.7
87.05
106.15
102.3
110.95
99.45
46.85
28.7
39.2
67.9
71.7
85.1
95.65
74.6
80.175
86.0296875
113.8
80.415625
35.4
26.8
31.55
45.9
47.8
70.75
68.85
69.8
87
97.55
131
118.6
59.3
42.1
34.4
79.35
79.35
87
101.4
91.8
79.35
66.95
64.1
49.7
44
54.5
67.9
72.65
64.05
56.4
85.1
61.2
62.15
62.15
56.4
35.4
20.05
22
31.55
37.3
45.9
49.7
43.05
55.45
54.5
59.3
77.45
85.1
48.75
54.5
61.2
72.65
71.7
66
65.95
74.6
83.2
101.35
102.3
100.4
41.1
25.85
41.1
62.15
95.65
78.45
85.1
80.3
65
61.2
97.5
90.85
40.15
41.1
64.1
75.5
70.75
76.5
79.4
85.1
69.8
104.2
109.05
79.4
29.65
21.05
31.6
57.35
67.85
71.7
65
67.85
78.4
78.4
58.35
55.45
29.65
11.5
23.9
33.45
40.2
51.65
45.9
44.95
100.4
122.4
100.4
69.8
49.7
59.3
61.2
55.45
58.3
67.9
76.5
70.75
46.85
57.35
53.55
46.85
29.65
28.7
39.2
36.35
62.15
64.1
83.2
104.25
97.55
64.5369140625
61.2130348205566
61.2000509172678
61.2
64.05
80.3
74.6
74.6
61.2
97.65703125
106.980935668945
107.099534904957
107.099998290092
105.2
73.65
39.25
25.85
56.4
79.35
81.3
92.75
103.25
108.1
100.4
110.9
119.55
94.7
49.7
44
49.7
81.3
90.85
85.1
94.65
87.95
83.2
109
89.9
73.65
41.1
30.6
52.55
89.9
83.2
89.85
98.5
76.5
59.3
78.4
78.4
58.35
22.95
12.45
37.3
53.55
60.25
53.55
54.5
46.85
43.05
44.95
48.75
32.5
43.05
47.8
57.4
57.4
65.95
90.85
88.95
86.1
86.1
67.9
70.75
67.9
41.15
44
55.45
69.8
86.05
101.35
123.35
103.3
117.6
129.1
129.1
99.45
61.2
59.3
81.25
90.85
83.2
89.85
103.3
91.8
80.3
87
112.8
89.85
54.5
47.8
63.1
81.3
87.05
114.75
124.350005
107.1
100.4
142.5
139.599995
113.8
69.8
61.2
84.15
85.15
88.9
80.35
77.45
94.65
109
105.2
95.65
89.85
59.3
43.05
54.5
71.7
68.85
85.15
83.2
100.4
88.95
92.75
81.3
100.4
61.15
46.85
53.55
79.4
85.1
101.35
102.3
87.05
87
92.75
78.4
64.1
59.3
65.05
77.45
65
72.65
89.9
94.7
111.9
110
103.3
109.95
96.6
49.7
56.45
68.85
83.2
100.4
127.199995
100.45
97.5
97.5
86.05
83.2
88
66
58.35
66.95
79.35
88.9
110
121.450005
127.200005
109.95
115.7
114.75
66
53.55
54.5
63.1
65.95
67.9
69.8
66.9
70.75
79.4
74.6
66.95
66.9
50.65
48.75
52.55
66.9
68.85
67.9
73.65
66.04765625
70.743603515625
68.85
77.45
63.1
56.45
59.3
64.05
71.75
69.8
62.15
63.1
79.4
74.55
85.1
75.55
66
43.05
44
63.1
77.45
76.5
72.7
96.6
89.9
73.65
70.75
61.15
48.75
51.65
53.55
62.15
71.7
84.15
95.65
113.8
99.45
99.45
94.65
96.55
81.3
57.4
59.25
65
73.65
66
60.25
67.9
77.45
78.4
76.5
69.8
66.95
59.3
60.25
66.9
66.9
69.8
70.8
70.75
76.5
81.25
76.5
73.65
75.55
64.05
64.05
67.85
71.75
74.6
74.6
81.25
76.5
74.6
72.7
73.65
66
49.7
53.55
62.15
70.8
74.6
83.2
87.05
91.8
99.45
90.85
86.05
77.45
77.45
85.1
76.5
