"x"
67.1625
60.25
55.2
39.925
37.775
32.5125
28.7
38.0125
57.8375
52.6
32.2875
43.434375
40.625
37.7875
21.275
21.3125
28.4625
41.35
42.075
43.2625
73.625
75.7625
71.2375
44.171875
28.7
33.475
42.3
34.675
33.225
31.575
32.9875
51.3875
76.25
80.0875
58.5875
51.64375
22.95
48.05
82.4625
59.9875
56.65
50.4375
50.2125
39.4375
52.1125
56.6625
36.8
45.796875
29.6625
40.6375
60.475
67.875
61.9125
55.173486328125
51.6139589309692
51.6000545270741
51.6000002129964
51.600000000832
51.6000000000032
51.6
51.6
51.6
51.6
51.6
51.6
51.6
51.6
56.1625
63.3375
45.65
32.0375
43.765625
33.225
57.6
139.3875025
48.7625
24.65
25.85
38.5
82.2375
107.8125
93.9375
61.9125
38.875
77.7
96.35
91.3125
50.2
29.6375
54.2625
101.59999875
108.0625
121.4375
138.92499875
117.1375
123.2375
73.13750125
117.61250125
71.2375
34.9
29.4125
75.775
89.175
119.9999975
118.325
103.7625
98.2375
111.1125
122.4000025
138.91249875
89.4125
75.075
58.575
68.1375
68.35
65.975
86.3
78.4
54.4875
46.9625
59.75
66.2125
93.2375
73.8625
64.05
53.55
41.8375
42.8125
60.95
64.075
36.5625
57.259375
83.9125
106.4
93.47499875
58.1125
45.6625
77.7
77.6875
77.2125
89.4
115.225
69.8125
43.16875
63.6
50.925
84.6375
77.925
81.7625
89.4125
76.975
82.475
80.075
81.7625
76.975
58.059375
63.8375
94.175
102.30000125
94.4375
62.15
61.4375
88.6875
79.1375
93.7125
102.3375
86.3
79.48125
80.5625
96.1125
88.7
24.15
35.625
34.1875
59.75
93.7125
60.2375
77.4625
73.875
83.36875
71.9625
84.4125
72.675
53.525
43.75
20.325
34.1875
31.1
52.35
48.7625
42.1
36.109375
44.7125
78.875
83.4375
77.4625
74.3375
39.2125
38.9875
51.6375
52.8125
19.375
12.925
13.1625
27.5
45.8875
57.6375
57.1375
66.2125
62.15
57.8375
59.0375
52.3625
39.6875
28.225
40.959375
48.3125
55.225
60.225
76.2625
78.6625
75.0625
70.0375
74.5875
57.375
18.0453125
5.9625
5.178125
3.3375
47.3125
49.475
53.3
63.1
89.875
98.975
49.0125
30.375
22.475
23.2
41.10625
37.05
57.15
48.775
51.6375
44.225
44.7125
49.2375
52.8375
41.6125
26.7625
30.8375
34.840625
64.3125
77.225
82.2625
83.2125
79.3625
95.625
107.825
82.2375
72.6875
24.8625
16.725
14.409375
30.85
50.6875
65.275
63.3625
72.2
87.0125
77.95
71.95
51.6375
15.775
19.35
19.8
11.225
23.45
23.9125
21.2875
34.6625
37.5375
47.575
34.2
30.3625
12.925
14.85
21.71875
26.8
38.0125
44.95
62.8875
73.3875
70.0375
88.2125
89.875
49.95
6.1875
10.7375
21.81875
36.5875
39.45
34.1875
33.7
34.9
38.5
34.175
38.7375
36.1
19.6
10.525
30.725
66.6875
77.95
73.6375
64.775
52.5875
42.5625
29.9
25.1125
28.45
21.5125
6.1875
7.284375
24.8625
43.525
45.9
52.5875
71.7125
80.8
76.75
81.775
72.675
64.3
64.05
74.065625
78.9
104.7
81.2875
72.2
66.95
68.8625
58.5875
56.675
51.1375
65.025
57.3625
75.9875
76.5
65.0125
66.925
78.1625
79.1375
50.83359375
44.7
60.0125
64.525
61.675
54.7375
69.615625
65.4875
65.7375
70.275
76.0125
57.1375
65.7375
74.35
107.8125
92.0375
68.125
61.6875
74.3125
76.0125
79.1625
87.0375
87.7375
77.2125
72.2
66.45
64.0625
48.775
33.225
33.0125
44.04375
45.4125
58.575
48.2875
49.4875
46.1375
44
43.525
45.6625
41.85
38.25
32.5
34.125
32.975
39.95
45.425
43.525
46.375
47.8125
57.1375
59.0625
64.5375
52.825
51.6125
57.0125
56.9
62.4
64.55
59.0625
56.9125
58.0875
52.35
59.7625
53.075
46.15
48.5125
59.296875
59.5
68.3875
71.2375
83.425
83.675
78.175
85.6
88
80.1125
50.2
48.0375
54.9125
57.3875
68.35
57.8375
74.6
83.4375
89.4125
80.1
54.975
51.3625
54.525
60.9625
66.090625
67.1625
73.3875
81.2875
81.05
70.775
65.5125
64.55
66.9375
63.35
58.325
51.1625
58.7
57.6375
63.375
66.7125
69.8125
73.875
65.725
57.6
49.975
58.8
45.9125
28.9375
33.2375
46.375
68.1375
88.7
86.075
70.75
61.9125
56.9
70.9875
63.1125
41.3625
37.55
42.1875
33.225
40.875
47.575
46.375
49.25
54.5125
54.9875
50.9125
47.8125
28.9375
17.6875
28.746875
45.6625
50.9
53.7875
54.2625
58.0875
61.2125
58.825
60.2625
51.4125
31.3125
15.3
27.1875
47.0875
59.275
58.575
64.7875
59.0375
61.2125
66.2125
65.0125
54.2625
32.025
32.5
44.890625
56.9125
65.25
76.0375
72.6875
68.125
56.63046875
57.6125
69.5625
67.4125
41.85
23.2
40.828125
50.925
61.2
70.05
70.5125
64.7875
71.7
68.3625
61.2
51.875
42.5625
40.9
53.415625
85.35
93.95
102.07499875
80.3375
64.3125
55.2125
48.0375
68.85
59.775
28.2125
14.825
22.51875
48.525
64.7875
74.3375
70.75
64.5375
56.6625
58.8125
49.725
29.9
12.2
7.9
7.96875
32.525
55
52.825
59.7625
48.775
53.55
83.9125
61.9125
27.4875
3.8
7.9
14.8375
40.1625
58.0875
56.675
57.6125
72.22500125
97.06249875
85.8375
55.9375
46.4
43.275
46.3875
56.93125
53.5375
58.825
62.1625
68.6125
72.2
67.1625
72.1875
76.0375
77.925
41.8375
19.1
35.8
59.3
69.325
83.2125
77.95
78.6625
95.86249875
86.78750125
87.275
60.7375
18.65
18.4125
26.496875
43.75
52.125
31.55
36.1
28.9375
23.9375
25.5875
28.9375
22.2375
11.5
11.7375
23.984375
39.4625
50.6875
64.0625
68.1375
80.575
84.3875
100.175
81.775
69.325
49.475
53.3125
61.4375
61.675
60.725
66.2
67.6375
66.675
64.05
60.4875
74.825
67.9
59.275
59.0625
77.75625
80.8125
91.3375
107.8125
98.25
80.325
72.6875
73.65
60.7125
55.4625
38.7125
43.025
53.35625
60.725
93.47499875
88.7
100.17499875
58.125
20.575
33.2375
38
32.5125
33.7
22.7125
18.071875
30.1375
83.6625
110.9250025
109.25
66.225
57.1375
41.1375
33
27.7375
10.05
3.1125
11.0125
37.3
94.2
108.0625
116.6750025
69.81250125
35.4
25.375
37.7875
29.6625
20.5625
23.4375
34.98125
32.5
29.4125
41.3875
40.6625
32.7625
36.8
29.65
30.6
30.8625
20.3375
13.1625
36.88125
49.475
52.825
45.2
42.5625
35.175
24.4
32.2625
50.4375
55.9625
48.7625
51.85
55.15
59.275
61.2
97.2875
99.6875
81.275
102.8125
126.69999875
116.6624975
72.4625
50.675
54.025
70.696875
92.2875
79.3625
64.325
55.7
49.95
43.05
41.6
45.425
45.425
39.7125
40.8625
49.9125
55.4625
58.825
62.6375
76.9875
72.7
75.5375
77.9375
74.5875
78.4125
68.6125
65.2625
75.18125
88.225
114.2875
70.9875
63.3625
70.7625
54.975
49.4875
57.125
53.5375
40.3875
36.35
51.09375
69.8
69.5625
70.2875
81.0375
85.8
102.7875
88.45000125
95.62500125
46.3875
11.7375
11.025
15.003125
17.45
23.9375
54.25
61.9
83.9375
76.5125
66.2125
88.95
84.875
60.25
28.45
41.29375
60
82.7125
94.9
89.175
72.4375
93.7125
109.47499875
77.9125
53.325
21.5375
26.8
26.978125
59.525
66.45
81.0625
62.1625
80.08749875
75.0625
61.1875
77.7125
71.7
30.6
15.5625
35.346875
60.975
71.7375
62.875
65.975
55.9375
31.0875
61.2125
30.1375
19.8625
28.2125
24.625
38.06875
64.3125
96.35
85.1125
77.225
54.975
51.3875
53.0625
54.0375
58.3375
47.3375
29.175
32.63125
28.2125
31.5625
45.4125
43.275
47.8125
61.2125
63.825
66.7
53.075
47.3375
39.2
54.06875
61.925
66.225
71.95
76.05
54.7375
47.325
45.9
69.575
58.825
47.3375
29.4
60.475
66.925
67.1625
81.2875
83.2
83.2
77.475
70.2875
58.1
37.2875
10.2875
10.2875
19.1
42.8
84.1625
84.15
89.1625
71.25
51.15
62.15
78.6625
74.825
48.75
53.0625
59.715625
90.38750125
112.59999875
110.6875
90.375
71.95
53.775
54.9875
68.85
77.45
38.5
24.3875
42.2625
50.6875
71.7125
78.4125
72.4375
58.3125
70.3
87.2625
74.8375
57.6125
14.825
5.975
7.1625
29.65
43.5125
29.1875
37.55
41.6125
82.4875
85.825
87.025
72.6875
41.6
25.1125
17.1625
42.2875
48.5375
63.1
68.85
74.35
76.9875
81.0625
86.7875
58.3375
34.175
43.5
51.921875
63.6
65.725
64.775
65.4875
60.025
68.1375
73.875
87.0125
74.3375
53.775
51.175
58.646875
82.225
90.6
96.8125
93.225
94.425
83.2
80.325
76.75
69.5875
43.2875
33
31.634375
48.75
64.075
70.5
70.7375
80.325
86.0625
33.6203125
33
37.05
35.125
53.075
79.478125
86.7875
103.7625
107.1125
93.9375
59.55
58.3375
54.275
64.3125
77.9375
41.375
25.825
30.065625
55.675
55.45
48.7625
36.0875
27.275
23.2
33
35.85
24.1625
6.7
6.45
4.525
8.85
66.475
93.47499875
96.3375
81.28749875
36.1
30.375
23.2
39.4625
21.275
5.975
6.51875
22.95
59.75
77.7
84.3875
74.5875
55.4625
46.85
56.4375
64.7875
27.2625
26.075
34.08125
41.6
51.875
59.275
49.7375
28.2125
32.2625
53.7875
77.2
97.5375
70.7625
55.925
26.34375
36.1125
69.5625
82.225
73.6375
51.1375
28.4625
32.2625
30.6
45.6625
32.05
19.625
25.64375
27.275
46.3875
79.85
95.87500125
94.9125
53.0875
55.2
54.025
58.1
10.0375
4.525
3.8
24.15
74.575
88.9375
85.825
108.06250125
43.275
55.9375
63.6
51.8625
56.175
43.975
35.44375
31.0875
33.6875
34.65
61.675
67.875
71.9625
69.075
62.15
94.675
82.7125
63.5875
72.6625
71
90.125
97.0625
62.1375
33
49
48.7875
53.7875
62.625
51.3875
48.75
50.875
69.0875
74.825
87.75
84.875
57.5875
57.8375
62.8625
80.0875
79.3875
53.775
41.1375
42.534375
51.3875
68.6
77.9375
58.0875
51.875
47.5625
44.7
51.15
65.4875
53.775
49.7
48.475
46.85
51.15
52.8375
55.9375
51.15
50.4375
54.025
51.6375
53.7625
46.1375
27.275
18.540625
25.8375
43.0375
44.4625
46.1375
23.9125
46.3625
49.9625
67.4
63.5875
57.3875
47.575
52.93125
63.8375
71.225
64.3125
59.3
55.925
51.8625
50.425
50.4375
49.725
39.2375
22.25
30.24375
16.7375
25.1
37.775
36.3125
35.85
50.675
62.375
83.9125
78.9
70.7625
52.0875
55.578125
61.8875
70.75
75.2875
65.75
31.5625
29.8875
35.1375
51.625
54.75
45.9125
43.05
53.9625
61.2
55.95
72.9
72.2
57.6125
40.875
35.6125
50.675
67.4125
55.2125
42.0875
50.4375
57.625
66.95
68.6125
75.3
64.05
51.3875
46.6125
61.9125
61.425
51.875
37.2875
46.159375
61.4375
73.1375
70.275
67.4
67.175
52.35
39.2
45.425
79.6
70.05
52.325
54.30625
49.475
51.625
52.5875
28.2
16.7375
17.2125
28.7
52.1125
60.9625
53.55
44.225
51.70625
50.6625
70.9875
94.8875
84.4
73.375
47.8
57.125
68.3375
61.9125
56.4375
60.95
72.053125
44.925
39.9125
49.9625
75.525
43.5375
45.6625
40.875
34.6625
48.2875
26.7875
11.7375
17.7125
27.5
31.5625
52.3375
56.6625
54.7375
37.525
38.225
43.2625
46.85
44.475
42.1
55.63125
54.0125
74.3625
89.9
74.325
50.2
50.425
63.5875
65.7375
69.325
58.0625
48.0375
62.684375
64.0625
85.0875
90.8625
80.5625
53.7875
39.4375
40.1625
53.55
64.3125
46.85
28.4625
33.33125
49.475
83.675
87.7375
49.4875
36.8125
61.425
82
90.85
77.4625
55.675
68.3625
84.6625
90.8375
91.0875
103.99999875
82.475
48.05
47.075
69.325
116.67499875
125.75
92.05
82.9625
93.640625
89.4
83.925
75.55
51.1625
20.575
23.925
33.25
65.2625
113.0625
102.075
67.4125
68.81953125
79.3875
98.0375
99.6875
20.1
12.7
9.1
11.975
18.4125
33.725
57.6
54.975
65.475
73.1375
90.1375
91.3375
69.8
69.55
25.1
37.7875
59.525
86.3125
81.7625
69.1
62.8375
59.2875
56.4125
68.375
72.1875
63.8125
69.575
51.625
58.325
84.15
58.8
46.375
52.3546875
71.475
86.775
88.7125
68.85
40.4
34.65
29.1625
39.9375
59.025
40.8625
15.8
34.9
49.7125
74.35
85.35
72.9125
47.0875
46.1375
51.875
55.7
61.9
57.85
50.4375
61.79375
58.075
63.5875
83.4375
80.3375
65.25
57.87265625
59.2775207519531
61.2
66.475
39.9125
15.55
19.2375
39.2
55.45
73.1625
65.2625
53.3125
56.6375
49.0125
42.0875
48.025
34.4375
11.975
13.103125
22.725
42.075
46.85
37.05
34.675
29.4
31.7875
30.375
34.6875
33.95
27.5
54.7125
70.05
89.1875
96.575
59.5
44.7
42.7875
47.0875
66.4625
65.975
61.9125
63.1
66.1375
78.675
90.375
96.1125
94.425
70.775
49.7125
67.8875
67.65
78.9
65.0125
32.7625
48.08203125
61.9125
72.425
100.4125
93.4875
75.7875
54.2625
51.15
77.225
76.0125
66.2125
25.5875
36.91875
63.8375
74.825
78.8875
83.175
71.725
68.15
58.8
72.4375
87.5
63.6
24.875
39.3765625
47.8125
68.85
86.5375
88.7125
82.025
66.475
60.5
65.75
74.825
58.8125
42.55
23.98515625
38.0125
81.775
88.45
73.625
58.1
53.7875
53.5375
70.2625
65.975
71.475
42.3125
32.459375
50.6875
65
59.2625
43.275
34.6625
37.5375
37.3
34.425
36.3375
27.025
14.85
16.6421875
21.75
34.9
37.775
43.275
41.1125
47.575
51.6125
54.25
50.4375
31.55
15.075
23.50625
45.4125
69.825
80.5625
75.55
60.7125
51.6375
29.419775390625
24.9176553726196
24.9000689662993
24.9000002693996
24.9000000010523
24.9000000000041
24.9
24.9
24.9
24.9
24.9
24.9
24.9
24.9
24.9
24.9
24.9
24.6625
44.4625
61.675
72.9125
62.1625
61.4375
54.9875
55.2125
76.95
66.925
45.1875
48.7625
59.31484375
61.4375
95.86250125
105.4125
45.65
32.275
25.8125
20.8
38.5
66.225
47.3375
29.6375
21.45
28.6875
77.2125
66.45
68.375
63.1
47.1125
60.4875
68.8375
69.3125
60.225
48.3
59.815625
54.9625
47.5875
33.475
29.6625
16.75
58.3375
61.2125
48.05
49.9625
41.8375
42.0625
35.09453125
31.075
58.3375
49.725
27.725
22.7125
71.25
56.9
48.7625
37.0625
14.1125
8.85
13.340625
20.8125
38.25
49.2375
35.375
27.0125
68.8375
79.5875
62.15
67.8875
29.65
15.3
12.3609375
23.2125
63.575
66.2125
35.625
35.375
67.9
49
49.025
70.2625
46.3875
45.9125
62.090625
77.6875
100.875
89.9
47.325
40.175
69.0875
60.7125
66.6875
56.8875
60.225
56.6625
57.10546875
84.625
109.7375
83.1875
81.75
68.1375
67.3875
66.6875
64.3
71.6875
55.2125
31.8
38.034375
57.8375
64.075
59.0375
31.3125
22
17.2125
33.2375
56.8875
70.0375
58.575
62.3875
71.6390625
72.4375
55.45
37.2875
22.95
27.5
31.0875
28.6875
38.2625
43.0125
49.2375
36.8125
24.35625
39.9375
48.775
45.9125
35.15
28.7
30.1125
24.375
24.8875
34.675
45.175
32.5125
10.45
29.175
64.0625
76.7125
70.05
68.3625
29.8875
31.3125
25.8125
41.375
25.825
17.95
24.853125
33.2375
75.075
70.275
44.0125
40.4
22.225
31.253125
25.8125
29.8875
35.875
50.45
63.634375
81.7625
103.0375
93.225
64.55
56.9
45.4375
50.925
58.3375
65.475
52.5875
30.375
54.9875
76.0125
68.125
65.0125
56.4125
58.075
49.725
41.8625
43.25
57.1375
34.2
18.875
24.0875
23.9
32.75
37.3125
34.1875
31.8
29.4125
30.85
30.1125
27.5125
27.725
15.775
21.7
21.7625
33.95
43.05
38.4875
35.85
37.8
36.825
30.8375
31.325
36.3625
29.1875
27.6625
45.6625
44.225
50.2
37.525
41.1125
32.05
27.5125
30.375
45.1875
51.375
55.9375
61.459375
66.2125
72.675
65.975
38.4875
39.475
48.5375
55.2375
61.2
71.95
43.2875
38.5
39.1375
32.9875
77.93750125
56.675
44.225
31.0875
44
53.0625
71.95
58.575
58.3375
51.8625
62.209375
72.675
81.9875
75.5375
54.525
42.3375
41.3875
35.4
36.8375
45.4375
42.0875
38.5
37.83125
45.8875
66.925
68.375
57.85
52.3625
43.5125
42.8125
42.325
39.95
29.4
26.5375
43.9875
36.1
44
44.725
26.05
24.875
27.95
23.4375
33.475
55.4625
33.25
21.4875
24.55
45.4125
64.325
47.575
23.4125
29.1625
31.5625
32.5125
42.5875
43.2875
25.3375
23.675
22.76875
32.5
49.725
63.5875
33.475
36.35
27.2625
17.2
28.7125
54.75
80.5625
63.35
51.70625
41.3625
51.625
45.6625
56.1875
68.125
81.275
86.7875
101.125
95.8625
43.025
38.025
32.025
37.3
48.75
56.65
54.2625
56.1875
66.45
50.925
71.2375
101.825
87.5
78.4125
124.487505
101.37500125
57.375
36.35
27.2375
22.475
60.5
67.875
78.65
73.4
64.775
61.925
57.796875
68.375
82.475
52.125
43.0375
32.75
36.3375
35.625
31.0875
36.5625
50.4125
36.575
35.225
45.675
56.425
38.0375
22.6875
19.1125
19.825
25.35
25.3375
29.175
21.05
22.95
30.065625
36.5875
55.2125
49.7125
30.3625
21.4875
22.2375
24.1625
18.875
19.125
16.0125
14.5875
11.025
39.9375
59.5125
33.475
31.3375
21.775
18.1625
22.41875
27.1390625
33
38.475
36.8
38.203125
42.55
58.1
54.7375
34.4125
24.3875
27.2625
33.7125
35.6125
36.3375
37.05
17.4375
24.00625
30.85
29.875
21.75
31.5375
29.175
60.7125
63.125
61.4375
63.8125
23.9
18.625
15.715625
30.6
39.9125
33.9375
27.9875
25.325
40.65
54.275
47.3125
55.225
51.1625
49.4625
65.11875
71.2375
77.9375
51.8625
43.0125
30.8375
28.7
23.2
25.1
29.8875
34.1875
34.9
33.04375
34.9125
43.2625
36.35
31.0875
24.425
26.0625
33.4625
35.8625
50.9125
22
17.925
26.390625
32.9875
41.6
32.5
23.2
12.45
12.6875
19.35
21.9875
13.1625
40.4
29.65
24.134375
52.5875
65.25
59.275
54.2625
54.9875
52.35
52.3625
68.6125
61.675
51.6375
33.2125
34.540625
49.475
49.475
55.6875
58.1
48.2875
32.9875
33
31.325
40.1625
46.85
35.375
27.721875
38.2625
57.85
48.2875
43.9875
35.1375
33.2125
39.1875
51.625
49.9625
67.8875
76.975
74.690625
79.8375
90.8375
79.375
76.75
59.2875
54.75
58.35
65.2625
65.7375
72.2
70.0375
67.965625
82.4875
78.9
62.1625
38.725
37.5375
32.0375
32.75
33.9625
56.175
54.275
61.675
69.571875
92.5125
87.275
48.3
37.0625
33.2125
30.8375
32.025
36.1
38.9875
51.3875
44.95
57.49375
68.3625
69.825
70.775
65.975
37.525
54.25
62.3875
52.35
64.7875
31.5625
25.1125
45.796875
47.575
65.5
56.8875
45.425
38.5
69.81249875
40.8875
39.2125
37.7875
31.3375
20.5625
25.70625
35.8625
56.1875
30.3625
33.9375
41.85
70.75
58.5625
57.3875
49.9625
27.5125
19.6
16.25
39.225
61.4375
42.8
22.975
32.0375
76.9875
71
77.7
48.775
16.5125
10.55
12.6875
29.9
42.8
38.025
35.3875
34.9
65.25
58.5625
68.125
69.7875
19.3875
6.2375
8.75625
21.0625
78.425
65.75
64.7625
75.525
35.3875
32.0375
27.275
34.4125
22.475
8.65
14.24375
37.2875
84.38750125
75.775
47.3375
35.3875
33.475
36.3625
39.7125
39.225
34.425
14.825
15.0625
37.775
67.875
94.6875
72.2125
49.25
28.225
39.2375
35.684375
23.1774291992188
23.0006930828094
23.0000027073547
23.0000000105756
23.0000000000413
23.0000000000002
23
23
23
23
23.95
34.2
43.7625
45.9
38.2625
34.50625
45.6375
60.9375
65.975
57.3625
48.775
41.1375
37.075
35.85
45.425
25.3375
9.6
12.878125
21.3
70.0375
76.0375
67.4125
62.1625
27.7625
30.1125
28.45
31.8125
26.55
12.2125
14.95
23.1875
61.6875
55.45
45.6875
72.925
32.2875
25.825
32.0625
44.4625
25.1125
9.1125
9.334375
19.1375
52.0875
45.6625
37.0625
33.95
65.025
73.4
39.6875
24.4125
12.2125
17.95
13.798046875
17.2
25.5875
25.35
30.3625
23.675
37.075
45.8875
35.8625
40.9
42.075
53.55
61.534765625
35.1248046875
28.7250968933105
28.7000980347395
28.7000003829482
28.7000000014959
35.1750000000044
37.7875
37.3
45.425
49.2375
33.9625
14.748046875
36.5875
54.725
48.0375
40.65
35.1625
40.8875
32.70078125
35.625
37.7875
44.475
25.575
24.862890625
40.1625
39.925
34.425
32.7625
22.7375
45.8875
39.675
33.9625
49.0125
39.2125
36.1125
34.872265625
43.9875
63.35
28.95
27.725
34.425
47.3375
44
44.95
50.425
50.1875
26.8
17.39765625
32.7625
38.7375
25.3375
34.4375
28.7
39.7
39.4625
41.375
52.325
41.15
43.2875
35.04296875
52.0875
63.8125
57.125
52.35
40.4125
17.7125
19.125
17.45
18.175
23.9125
20.325
15.0375
16.5
71.475
70.525
70.525
72.8875
25.6
29.9
31.0875
28.4625
24.1375
16.4875
12.175390625
27.7375
92.2625
85.1
71.4625
75.0625
27.2625
23.9375
33.95
51.4
38.025
37.05
31.369140625
44.475
104.4875
90.3625
63.5875
65.725
23.2
42.0875
57.375
47.325
39.45
35.6375
30.077734375
58.075
93.0125
69.325
37.3
36.6
23.425
25.5875
31.0875
35.625
31.325
22
27.790625
41.125
66.4625
63.3375
55.2
52.575
29.1875
34.9
57.575
59.5
46.1375
35.15
41.40234375
48.775
58.8125
57.3625
48.3
60.4625
22.25
21.275
33.4625
49.4875
33.25
21.275
20.52734375
28.475
53.3125
41.85
33.7375
29.65
67.4
69.075
70.2625
57.1
22
13.4
10.750390625
10.7875
44.225
44.4625
39.6875
30.1375
76.2375
73.15
60.9625
55.6875
29.875
23.425
11.912890625
13.8875
48.05
57.6125
27.725
39.7
85.1125
64.0375
55.2125
49.0125
21.7625
18.4125
15.9875
37.075
55.7
48.5
32.05
28.225
51.4
44.2375
42.7875
54.0125
30.125
21.5125
12.625390625
29.8875
57.375
47.0875
38.5
26.5375
51.15
41.6125
44.7125
54
51.3875
47.8
21.60078125
28.4625
41.8375
48.0375
39.475
29.425
55.925
34.675
44.475
33.225
39.7
30.375
27.5
42.5625
65.5
54.025
38.5
39.4625
66.4375
53.7875
63.825
56.425
36.8125
23.4375
15.5125
23.425
89.175
71.9375
66.2125
83.9125
33.2375
37.325
34.6875
33
16.7375
12.2125
16.23515625
23.2
72.8875
80.775
65.25
54.9875
18.65
20.7875
31.8
42.0875
71.2375
68.8375
36.9328125
35.15
81.75
92.75
81.75
85.3375
47.1
33.9625
31.55
28.45
20.3125
24.4
45.134375
59.275
82.725
66.45
67.1625
67.8875
66.225
62.625
53.5125
60.225
41.3625
30.6125
26.277734375
34.925
49.95
61.2
63.8125
55.2125
54.725
51.3625
54.025
63.0875
56.65
54.25
71.27265625
74.5875
86.3
80.5625
55.4625
48.775
33.475
32.05
30.625
42.5875
26.7625
17.45
12.165234375
18.1875
58.325
69.0875
93.68994140625
97.4851169586182
97.4999418631196
97.4999997729028
97.4999999991129
97.4999999999965
97.5
97.5
97.5
97.5
97.5
97.5
97.5
97.5
97.5
97.5
97.5
97.5
97.5
97.5
97.5
97.5
97.5
97.5
97.5
97.5
97.5
97.5
97.5
97.5
97.5
97.5
97.5
97.5
97.5
97.5
97.5
97.5
97.5
97.5
97.5
97.5
97.5
97.5
97.5
97.5
97.5
97.5
97.5
97.5
76.7375
72.2
70.0375
67.6375
31.0875
21.0375
30.34765625
44.2375
67.8625
35.875
21.75
23.4375
55
53.075
47.8125
51.1375
24.625
15.0625
14.69140625
19.3625
58.0875
49.95
42.0875
27.975
11.7125
13.625
28.225
56.4125
19.6
17.675
25.0953125
37.775
73.3625
46.375
29.1875
38.0125
74.3375
46.375
60.25
64.5375
49.7125
58.075
30.75546875
38.5
89.1625
63.825
65.7375
94.4375
40.4125
35.6125
24.4
17.925
8.85
5.9625
2.325
6.225
54
52.3625
60.2375
70.5125
27.5125
28.225
22.7125
23.2
25.325
13.875
11.3453125
24.375
70.0375
82.2375
79.125
71.2375
35.625
29.4125
35.8625
32.5125
5.975
8.3625
10.883984375
19.8375
72.675
85.1
71.95
70.275
27.7375
33.2375
38.7375
40.3875
24.625
14.825
10.750390625
12.425
76.975
76.2375
83.425
72.1875
28.45
26.7875
27.025
29.4125
12.675
7.3875
1.852734375
4.7625
29.6625
29.6625
16.2625
86.75
25.8375
29.1625
34.425
34.6625
20.0875
11.7375
10.45
9.3375
22.9625
18.4
60.7125
69.075
30.6125
26.0625
28.7
29.1875
14.825
16.725
15.76015625
16.5
45.9125
37.3125
33.4625
28.7
69.3125
69.3125
60.7375
50.2125
27.25
10.7625
9.315234375
14.3625
41.6
36.8125
31.0875
24.6125
59.9875
65.025
70.275
45.175
8.5875
9.325
46.0515625
75.7875
64.075
50.675
70.9875
58.7875
66.2375
79.6
78.1625
93.225
89.4125
82.225
76.927734375
99.2125
110.225
37.3125
15.7875
15.0625
19.35
25.3625
41.625
56.175
65.75
59.0375
43.200390625
43.7625
66.6875
57.125
31.0875
28.7
65.75
73.6375
70.275
62.3875
31.5625
15.55
27.275
25.8375
59.275
52.35
38.025
36.8375
54.0375
61.4375
58.575
52.5875
35.625
18.1625
15.590625
26.05
67.6625
60.4875
20.325
14.35
17.225
15.775
16.2625
15.7875
16.025
17.45
19.65546875
27.5125
35.15
24.1625
9.5875
12.925
14.8375
43.775
49.2375
48.275
50.4125
32.2875
42.97578125
59.5125
56.6625
55.225
51.1625
39.45
45.6625
40.175
37.3125
46.375
51.8625
39.925
48.49609375
72.9
86.8125
88.9375
80.0875
63.1125
58.0875
54.25
50.675
54.975
50.8875
33.4875
35.36484375
45.425
47.575
54.4875
58.8125
55.4625
51.3875
56.4125
65.025
60.9625
38.7375
15.55
14.28828125
45.9125
53.3
52.35
73.1375
68.8375
63.825
63.575
62.15
65.9875
57.5875
51.15
69.097265625
95.1375
92.5125
83.675
26.3125
18.175
24.3875
51.875
72.425
78.4125
44.7125
22.0125
34.6859375
51.625
82
65.9625
39.7
15.3125
20.55
43.0375
47.325
38.0125
23.2
15.55
17.1765625
24.4
38.2625
41.125
40.1875
36.35
34.675
35.8875
28.4625
27.9875
48.05
35.875
38.69453125
50.4375
59.7625
54.725
41.1375
35.3875
43.7625
45.4125
51.625
49.225
47.5625
36.1
41.734375
64.775
48.0625
55.475
59.5125
44.95
38.025
42.3125
47.0875
60.7125
74.5875
65.4875
50.315625
76.025
89.8875
78.175
52.6
37.0625
42.575
39.45
43.975
60.7
62.8625
52.3375
59.93828125
65.025
84.15
58.3125
31.3375
25.1125
41.125
50.1078125
40.1625
30.875
24.3875
18.875
23.825
29.1625
69.81249875
59.275
69.7875
48.775
75.5375
75.3
77.4625
61.6875
21.7625
6.45
12.45
22.5
46.625
24.3875
17.4625
18.8875
32.05
30.85
33.4875
40.65
13.8625
9.825
9.33515625
8.5875
71.7125
78.175
44.7
62.15
25.35
13.875
24.4125
30.6
23.2
2.375
1.78125
5.975
65.975
80.8125
48.775
45.175
18.8875
16.025
16.7375
21.7625
11.978173828125
9.60928974151611
10.0750352919102
17.2125
42.5625
45.425
37.3
29.9
32.05
45.4125
56.4375
53.5625
29.6375
13.6375
5.6875
35.3875
99.9375
81.05
53.5375
48.55
36.3375
35.15
37.55
56.6375
31.325
24.7375
30.51875
42.8125
100.8875
92.75
62.85
51.375
47.8
39.4375
33.9375
41.8375
38.0125
30.6125
28.53671875
27.5125
71.2375
75.5625
59.05
42.0625
32.525
41.125
46.3625
43.025
34.4375
41.825
36.05
37.2875
52.1125
46.625
47.825
41.6125
27.725
52.1630859375
60.2623229980469
78.4375
64.0875
30.125
32.225
41.375
90.1375
72.2125
42.55
29.175
73.1625
71.475
65.525
45.9
27.0375
27.2625
33.1828125
33.475
70.775
56.6375
32.525
27.5
45.675
67.9
83.2
96.1
74.35
82.7546875
92.246240234375
90.6125
103.9875
84.1375
60.4875
42.3
40.875
43.5
49.95
49.25
39.4375
37.9875
23.6140625
55.4625
79.375
59.775
62.6375
40.65
61.675
45.425
52.35
65.7375
50.925
17.675
13.6390625
23.9125
67.42500125
45.175
30.375
20.3625
56.6375
78.6625
75.5375
104.7125
78.1625
61.6875
42.428125
59.05
79.1375
67.8875
40.875
30.1375
49.975
41.375
83.2
76.75
63.35
60.475
67.8
71.475
93.225
68.1125
65.2625
50.4375
48.275
41.6
45.1875
56.9
61.67314453125
61.2018482208252
60.4875070214272
78.65
87.275
92.7625
55.925
51.15
34.9125
35.875
50.2
87.25
64.3
68.1
68.225
57.15
74.35
71.25
46.8625
41.6
49
51.875
50.7
48.775
41.825
23.925
18.48359375
40.8625
59.9875
72.675
70.7375
77.4625
68.8375
62.15
68.1125
83.9125
71.9625
35.625
36.575
75.05
109.75
110.225
91.55
82.2375
69.3125
49.9625
72.9125
82.9625
62.6375
24.8875
26.96953125
61.2
85.0875
92.5125
76.0125
68.1125
60.95
66.42685546875
76.7233764648438
83.9125
53.325
20.0875
15.596875
39.675
53.55
60.475
70.525
64.05
66.925
64.775
75.0625
75.2875
71.2375
43.025
35.28046875
85.5875
108.0625
108.0625
90.125
67.4
70.025
64.775
79.3625
90.125
74.8375
27.7375
24.0328125
38.0125
68.85
72.9125
55.4625
51.65
49.95
39.9125
43.0375
56.3875
62.1625
28.225
21.9125
33.2375
53.775
43.2875
35.8625
29.4125
36.8125
35.85
40.1625
51.6375
52.8375
30.1375
34.346875
62.625
101.5875
94.1875
77.2125
59.275
65.9625
73.15
74.1
65.9625
61.9
52.1
75.2
107.5875
117.15
97.0625
47.575
79.15
74.5875
74.8125
67.175
64.3
64.775
74.35
91.72578125
104.0125
121.91250125
99.4625
50.45
24.65
28.2375
29.709375
54.27734375
98.9625
98.2625
35.85
61.4140625
59.775
38.95
33.225
22.0125
21.0375
25.1375
29.8875
51.4
77.225
39.7
27.75
16.675
29.175
66.925
67.65
46.625
35.1375
91.1
96.8375
65.025
54.5
22.95
13.875
16.725
20.325
62.15
77.2125
65.0125
70.5125
43.275
37.525
43.5125
67.6625
57.1375
41.3625
38.275
57.1375
97.8
113.075
51.14697265625
41.1512756347656
36.1
47.8125
75.2875
113.5625
93.7
79.14375
78.1611328125
93.22500125
99.4625
85.1125
42.325
38.5
53.0625
77.0125
75.8
75.55
65.9625
71
88.48984375
92.9875
95.6
83.4375
69.8125
67.8875
55.7
63.0875
69.1
80.8
75.3125
76.2625
85.87734375
74.35
76.2625
88.2125
53.3
43.5125
34.1875
35.1625
71.4875
99.45
81.0375
71.5
80.3546875
85.82500125
99.225
95.8625
63.6125
46.1625
43.275
42.325
48.275
59.9875
37.075
27.025
58.484375
71.25
90.6
102.8125
86.3
48.7625
42.7875
45.9125
49.725
48.9875
46.625
46.125
39.647265625
76.0125
78.4375
67.175
38.25
23.425
17.2
17.675
17.925
34.2125
37.525
35.6125
37.259765625
33.4625
35.8625
71.725
52.8375
40.9
29.1625
24.875
30.125
41.5875
37.2875
39.93125
65.0583984375
75.0625
83.4375
86.55
73.6125
55.7125
50.925
47.5625
60.475
64.7875
37.75
21.9875
24.425
44.7125
47.1
55.9375
49.2375
45.6625
51.8625
52.35
48.0375
53.55
15.7875
11.475
31.125
37.525
40.1625
52.35
72.4375
72.675
81.525
56.4125
59.5125
53.7875
27.9875
21.5125
18.709375
46.6125
66.4625
71.7125
62.625
66
70.05
54.275
47.0875
71
35.3875
24.9
19.54765625
37.05
32.025
23.9
36.3375
89.1875
92.7625
25.1
30.3875
26.05
19.6
17.225
13.38515625
36.575
69.5625
81.5125
90.8375
78.16250125
33
30.6125
29.4125
28.7
28.225
37.2875
72.72265625
65.5
68.375
68.6
33.95
25.3375
16.7375
16.4875
26.2875
37.0625
18.675
31.0875
59.35
67.175
86.0625
66.6625
48.0375
49
51.1375
52.825
53.775
49.7
48.5125
49.9625
52.0546875
52.1
55.7125
62.6375
68.8375
65.975
48.525
49.2375
50.9125
52.5875
30.8375
18.625
19.35
52.6125
66.225
62.15
57.125
62.6375
67.65
70.8
77.7125
76.9625
38.4875
21.2625
27.70546875
57.6
63.1125
85.1
86.775
93.7
74.35
70.275
95.3875
77.9125
59.0625
62.8625
67.15
83.425
90.35
87.7375
83.65
65.475
42.55
37.7875
69.575
65.5
21.525
18.4125
14.07265625
29.1625
46.1375
56.6625
74.5875
78.4
80.8
88.6875
61.925
46.125
20.825
20.0875
19.7578125
13.875
37.3125
22.475
23.425
27.0375
51.15
77.225
76.5
80.7875
32.525
37.8
16.6875
36.0875
57.6125
66.6875
61.1875
68.1375
77.925
81.9875
85.575
78.65
44
61.1875
76.03984375
76.0125
93.2375
101.825
73.3875
49
40.425
47.8
57.85
45.6625
13.8875
13.875
14.3203125
40.1625
45.65
33.9375
38.2625
43.75
75.3125
68.1125
57.15
52.825
16.75
14.125
28.640625
46.1375
64.0625
75.775
58.1125
59.2875
49.025
62.15
78.4
66.425
56.4375
65.0125
65.6171875
70.7625
71.225
73.85
69.7875
58.325
53.0625
49.9625
72.4375
82.725
56.1625
38.975
41.9984375
71.225
81.5125
79.125
68.375
52.3625
39.925
36.5875
48.7875
59.775
37.3
47.35
45.3484375
60.0125
74.5875
67.1875
56.175
37.3125
31.075
31.8
54.525
57.3875
44.7125
56.425
55.3296875
72.8875
95.625
95.3875
86.0625
69.7875
79.8375
67.875
72.2
83.9125
67.8875
67.8875
68.153125
81.5125
98.23749875
101.6
98.7125
60.475
37.7625
31.8125
48.3
53.075
14.35
18.525
14.45625
42.5625
80.3375
80.8125
83.6625
46.3875
38.0125
34.8828125
38.7625
43.5125
10.775
9.825
14.825
36.5875
53.7875
75.2875
64.3125
51.4
20.825
21.7625
21.775
28.2125
7.9
10.55
11.025
36.575
69.8125
70.525
84.1625
62.875
43.05
46.625
55.7
61.1875
14.125
11.975
13.28125
31.5625
51.65
39.9125
75.075
71.25
93.7
70.7625
49.25
50.1875
18.4
23.1875
30.003125
35.625
32.525
34.425
35.625
32.05
32.275
22.9625
28.4625
25.3375
8.625
7.425
5.95234375
27.0125
31.8125
36.5875
52.6
42.8125
41.15
42.8125
46.6125
37.775
9.8125
10.3
13.53125
39.925
44.4625
57.85
61.4375
69.325
76.475
64.3
69.55
77.4625
55.7125
33.475
15.2203125
29.4125
45.425
51.175
40.1875
37.7875
37.55
35.3625
48.5375
42.7875
7.9
3.8
3.8
10.975
35.1625
56.1875
51.4
57.15
51.15
45.4375
41.625
45.9
13.175
8.15
6.51875
38.4875
56.1875
64.5375
60.7375
40.4125
38.7375
35.3875
69.8
82.475
52.125
41.1375
35.284375
56.425
85.825
81.7625
83.9125
53.8
47.3375
43.5125
43.2875
47.325
49.9375
51.3875
55.184765625
66.925
75.075
73.175
61.2
54.7375
67.175
63.3375
72.675
65.4875
59.05
49
63.1
69.1
79.1375
86.0625
76.9875
62.625
65.25
77.45
91.575
87.975
65.0125
48.0375
53.03515625
70.525
92.3
82.0125
74.825
58.325
60.4875
47.325
54.975
44.4625
21.75
15.775
17.153125
37.075
47.8
68.375
80.325
73.6375
54.5
56.6375
55.6875
65.7375
44.45
24.1375
18.103125
47.3375
78.675
97.775
91.3125
54.525
39.925
34.6875
47.35
49.9625
13.4
11.975
13.1625
44.25
47.0875
48.55
82.22500125
58.8375
43.05
44.7125
44.95
35.6375
12.925
9.2375
4.876171875
31.7875
43.5
49.225
55.9125
68.1125
71.2375
71.5
67.6625
38.025
8.15
4.525
8.91875
14.1
39.2125
33.7
35.1375
35.8625
54.5
68.8375
61.425
45.6625
13.875
11.975
11.01015625
33.2375
46.85
57.6125
56.65
69.1
87.48749875
94.55625
83.1875
65.525
32.5
23.4125
15.89375
32.275
34.4125
60.2375
64.05
74.1125
102.80000125
109.48749875
107.10000125
92.9875
54.7375
40.4
49.34375
62.4
68.6125
73.8875
59.0375
47.8
42.8
40.1875
55.2125
56.1625
20.0875
24.1375
36.584375
53.7875
64.5375
74.5875
73.4
51.3875
41.35
81.7375
84.6375
62.8875
19.125
16.25
18.4
51.1625
74.35
105.4125
90.375
98.2625
91.575
90.6125
91.3125
87.025
22.2375
19.6
15.742578125
49.9625
60
79.125
83.175
71.25
55.6875
50.6625
44.7125
28.4375
12.2125
16.2625
17.5203125
42.8
61.6875
71.95
77.4375
86.0625
83.1875
97.99999875
60.7125
45.4125
10.55
11.025
33.121875
81.525
74.825
63.0875
88.7
92.7625
81.9875
60.2375
64.55
58.5625
14.1125
19.1125
37.034375
74.5875
93.94999875
82.225
99.4625
67.1875
46.1375
65.25
82
71.7
21.5125
12.2125
19.7953125
50.45
89.15
80.3125
91.7875
68.1375
45.6625
50.1875
53.075
52.5875
19.5875
23.425
31.56484375
59.2875
83.4125
89.1625
94.1875
73.4125
51.8875
67.875
79.8375
64.2875
28.2125
18.4
20.0375
64.5625
77.4375
71.9375
86.5375
51.375
29.175
33.2375
46.8375
45.4125
16.7625
16.9625
10.735546875
32.75
47.0875
52.575
57.625
71.4875
104.7
102.32500125
79.8375
73.8625
22
16.4875
23.790625
41.325
57.6
60.7125
61.675
51.875
76.2625
97.53750125
60.0125
58.3375
15.775
18.1625
13.934375
27.5
47.075
49.475
56.1625
89.63749875
120.5
84.15
89.1875
79.8375
60.725
66.4375
60.23515625
70.5125
73.15
61.2
61.9125
43.05
54.7375
54.0375
51.6375
56.1875
19.15
14.35
21.753125
30.125
37.3125
51.3875
49.2625
73.1625
92.7625
95.8625
77.9375
52.35
12.925
14.35
16.403125
41.3625
56.8875
73.4
68.6125
60.9625
69.35
72.925
79.625
62.875
26.2875
25.3625
20.15625
33.4875
46.3875
52.6125
51.15
76.025
78.6625
87.7375
77.7
68.1375
18.8875
17.2
18.53125
53.5375
74.575
74.8375
77.225
75.0625
43.025
45.425
41.625
37.7625
14.8375
15.3
23.790625
51.4
95.15
88.9375
69.3375
39.925
28.2125
40.6375
58.8
65.0375
24.8875
22
29.53125
50.7
71.95000125
85.1125
92.775
83.425
56.2
79.8625
96.575
73.875
69.0875
52.575
62.684375
64.7875
72.4375
86.3
98.0125
99.4375025
60.25
64.075
70.2875
66.45
27.9625
22.9625
26.415625
60.0125
94.925
108.7875
113.53750125
85.3625
69.7875
81.0375
94.8875
90.125
57.625
56.8875
62.0609375
64.0625
74.1
86.775
72.9125
60
37.8
49.7125
60.4875
63.3375
40.65
30.6
42.3375
62.6375
80.325
85.6
91.5625
91.08750125
57.85
54.25
61.675
46.85
22.975
25.3375
28.165625
43.5
60.2375
63.575
63.5625
81.03750125
90.8375
81.0375
59.9875
39.2
16.75
15.775
21.415625
33.5
34.9125
36.8125
50.1875
72.2125
74.8125
93.25
82.225
62.6125
33
32.05
44.9375
78.9
105.1875
119.0750025
108.55
74.0875
53.4609375
44.0887145996094
44.0003465414047
44.0000013536774
44.0000000052878
44.0000000000207
44.0000000000001
44
44
44
44
44
44
46.6125
51.6125
49.7
45.6625
49.9375
67.6125
70.7375
70.775
67.1875
81.0375
78.175
72.8875
61.4125
56.6375
80.3125
55.925
51.1375
58.021875
51.1375
54.95
53.9875
58.5625
52.5625
53.5125
62.15
86.075
76.975
74.8125
66.6625
66.55
62.4
57.8375
48.0375
63.3625
82.9625
80.0875
72.936572265625
63.8125
39.6875
31.8125
20.8
40.828125
55.9125
62.625
70.9875
70.0375
66
60.95
65.0125
65.9875
56.6625
40.8875
39.6875
48.453125
75.525
88.675
95.3875
96.575
98.75
85.3375
53.7875
56.625
59.7625
40.9125
44.7125
53.546875
52.8
61.1875
75.3125
58.55
45.675
38.2625
63.825
108.55
86.7625
76.5
67.3875
75.490625
95.3625
79.8375
71.2375
73.625
70.0375
60.7
57.15
72.925
88.2125
69.575
67.6375
77.3609375
78.8875
84.15
94.425
81.2875
52.6
47.6
64.2875
92.9875
89.8875
71.9375
80.0875
92.059375
84.8625
93.475
88.7
99.45
83.6875
104.225
120.01249875
94.1625
78.6375
62.15
58.5625
65.903125
