"x"
24.9
34.4
34.4
30.6
36.3
32.5
53.5
36.3
45.9
45.9
55.5
68.8
53.5
53.5
70.8
55.5
49.7
44
45.9
47.8
49.7
66.9
59.3
51.6
55.5
45.9
72.7
74.6
55.5
38.3
40.2
47.8
55.5
80.3
45.9
45.9
42.1
55.5
51.6
45.9
61.2
70.8
57.4
63.1
53.5
49.7
40.2
53.5
47.8
55.5
42.1
34.4
49.7
42.1
47.8
44
38.3
49.7
34.4
47.8
38.3
32.5
38.3
36.3
28.7
32.5
36.3
34.4
40.2
42.1
38.3
38.3
40.2
68.8
47.8
38.3
36.3
28.7
26.8
21
17.2
13.4
21
11.5
13.4
17.2
13.4
15.3
15.3
17.2
19.1
21.05
22.025
23
26.8
24.9
26.8
26.8
34.4
32.5
32.5
36.3
38.3
38.3
34.4
42.1
47.8
51.6
44
53.5
65
55.5
53.5
47.8
38.3
38.3
63.1
49.7
51.6
57.4
47.8
42.1
40.2
49.7
57.4
74.6
84.2
80.3
86.1
107.1
63.1
68.8
88
65
45.9
49.7
44
78.4
53.5
57.4
57.4
45.9
49.7
57.4
57.4
59.3
47.8
78.4
57.4
65.05
72.7
65
59.3
55.5
49.7
42.1
49.7
57.4
72.7
76.5
91.8
80.3
105.2
109
84.2
89.9
82.2
105.2
91.8
84.2
105.2
103.3
72.7
70.8
72.7
57.4
38.3
26.8
23
13.4
11.5
13.4
19.1
21
21
17.2
17.2
22
24.4
26.8
40.2
47.8
40.2
36.3
47.8
70.8
66.9
72.7
61.2
45.9
76.5
76.5
38.3
44
49.7
49.7
45.9
53.5
57.4
74.6
76.5
68.8
57.4
70.8
51.6
47.8
66.9
47.8
47.8
65
53.5
47.8
53.5
78.4
76.5
72.7
74.6
82.2
65
118.6
99.4
65
63.1
86.1
76.5
30.6
59.3
51.6
28.7
21
21
30.6
26.8
34.4
30.6
30.6
26.8
34.4
53.5
36.3
49.7
45.9
72.7
63.1
66.9
89.9
103.3
86.1
74.6
70.8
78.4
109
57.4
68.8
72.7
89.9
51.6
51.6
47.8
53.5
32.5
23
30.6
26.8
19.1
17.2
17.2
15.3
17.2
17.2
23
24.9
21
22
22.5
23
24.9
36.3
32.5
32.5
34.4
44
53.5
49.7
44
42.1
65
66.9
44
32.5
34.4
34.4
40.2
32.5
24.9
34.4
59.3
68.8
72.7
47.8
47.8
32.5
32.5
32.5
36.3
30.6
30.6
30.6
24.9
30.6
38.3
47.8
40.2
40.2
36.3
34.4
38.3
57.4
34.4
45.9
40.2
34.4
32.5
30.6
26.8
17.2
24.9
24.9
28.7
36.3
34.4
45.9
44
44
40.2
55.5
45.9
38.3
38.3
34.4
38.3
42.1
36.3
42.1
59.3
55.5
61.2
59.3
55.5
57.4
40.2
42.1
38.3
34.4
30.6
26.8
28.7
28.7
26.8
24.9
24.9
24.9
24.9
32.5
30.6
32.5
34.4
32.5
32.5
33.45
33.925
34.4
38.3
40.2
49.7
45.9
40.2
30.6
30.6
32.5
42.1
36.3
38.3
32.5
40.2
53.5
47.8
42.1
47.8
53.5
82.2
91.8
89.9
99.4
86.1
68.8
82.2
80.3
89.9
86.1
65
74.6
65
76.5
82.2
80.3
65
51.6
65
49.7
68.8
47.8
55.5
53.5
53.5
42.1
34.4
49.7
42.1
44
45.9
61.2
78.4
65
45.9
51.6
44
45.9
40.2
28.7
42.1
40.2
38.3
36.3
42.1
34.4
36.3
32.5
36.3
36.3
36.3
34.4
28.7
38.3
38.3
34.4
36.3
40.2
34.4
36.3
32.5
34.4
38.3
26.8
24.9
26.8
21
17.2
17.2
13.4
7.7
13.4
11.5
13.4
11.5
12.45
12.925
13.4
17.2
21
30.6
21
21
23
23
19.1
24.9
30.6
34.4
49.7
74.6
32.5
36.3
49.7
36.3
34.4
26.8
28.7
36.3
26.8
24.9
23
42.1
40.2
34.4
34.4
36.3
30.6
32.5
21
13.4
11.5
15.3
15.3
15.3
15.3
15.3
19.1
15.3
11.5
11.5
11.5
11.5
13.4
15.3
15.3
15.3
11.5
15.3
21
19.1
17.2
17.2
11.5
21
19.1
15.3
15.3
15.3
15.3
13.4
15.3
19.1
17.2
15.3
11.5
15.3
7.7
13.4
15.3
11.5
7.7
7.7
7.7
5.7
7.7
7.7
7.7
5.7
7.7
7.7
7.7
7.7
7.7
7.7
7.7
7.7
5.7
7.7
7.7
7.7
11.5
13.4
15.3
15.3
15.3
21
13.4
17.2
15.3
23
21
21
21
19.1
19.1
19.1
23
23
26.8
28.7
19.1
26.8
32.5
30.6
32.5
26.8
21
19.1
24.9
28.7
28.7
28.7
32.5
36.3
30.6
40.2
34.4
26.8
34.4
36.3
36.3
53.5
42.1
32.5
36.3
36.3
47.8
36.3
40.2
40.2
36.3
42.1
32.5
36.3
36.3
32.5
30.6
34.4
28.7
38.3
34.4
34.4
30.6
17.2
24.9
42.1
32.5
24.9
38.3
19.1
24.9
17.2
19.1
23
23
24.9
11.5
13.4
13.4
15.3
15.3
21
15.3
15.3
19.1
32.5
23
17.2
17.2
19.1
23
24.9
28.7
26.8
38.3
45.9
44.95
44.475
44
36.3
40.2
49.7
51.6
61.2
55.5
47.8
34.4
24.9
24.9
24.9
34.4
38.3
45.9
44
55.5
53.5
49.7
63.1
65
74.6
59.3
45.9
68.8
70.8
78.4
86.1
76.5
49.7
53.5
49.7
49.7
45.9
44
38.3
23
34.4
26.8
30.6
34.4
34.4
28.7
24.9
21
21
30.6
26.8
21
24.9
34.4
40.2
45.9
57.4
57.4
51.6
42.1
70.8
61.2
42.1
70.8
88
149.2
53.5
74.6
91.8
93.7
109
95.6
99.4
109
112.8
110.9
105.2
116.7
82.2
66.9
76.5
76.5
88
76.5
80.3
63.1
74.6
61.2
82.2
57.4
65
65
61.2
80.3
78.4
59.3
78.4
75.55
74.125
72.7
93.7
93.7
107.1
95.6
101.4
109
124.3
133.89999
124.3
110.9
118.6
124.3
130.10001
132
110.9
107.1
99.4
120.5
105.2
89.9
89.9
91.8
49.7
53.5
53.5
42.1
65
57.4
26.8
19.1
45.9
30.6
32.5
72.7
65
36.3
53.5
65
72.7
93.7
82.2
109
65
91.8
88
78.4
66.9
76.5
74.6
68.8
65
38.3
74.6
61.2
76.5
76.5
55.5
66.9
65
59.3
82.2
80.3
88
74.6
101.4
72.7
72.7
66.9
72.7
80.3
61.2
80.3
70.8
112.8
95.6
70.8
80.3
72.7
66.9
63.1
59.3
63.1
53.5
49.7
44
40.2
49.7
47.8
49.7
53.5
53.5
61.2
61.2
65
66.9
68.8
51.6
63.1
59.3
53.5
80.3
66.9
65
63.1
82.2
88
91.8
78.4
78.4
95.6
93.7
95.6
88
82.2
99.4
82.2
86.1
88
80.3
72.7
61.2
91.8
84.2
88
63.1
47.8
49.7
63.1
59.3
76.5
55.5
51.6
44
45.9
47.8
40.2
63.1
53.5
55.5
63.1
51.6
53.5
59.3
68.8
80.3
66.9
70.8
61.2
55.5
45.9
139.60001
88
57.4
80.3
57.4
61.2
44
86.1
55.5
53.5
57.4
63.1
42.1
47.8
59.3
63.1
70.8
55.5
63.1
47.8
44
49.7
53.5
49.7
49.7
53.5
55.5
45.9
53.5
42.1
49.7
51.6
40.2
42.1
53.5
44
49.7
44
42.1
39.2
37.75
36.3
42.1
42.1
44
40.2
32.5
36.3
45.9
26.8
24.9
28.7
28.7
28.7
26.8
23
23
17.2
19.1
19.1
15.3
21
24.9
19.1
17.2
21
24.9
32.5
23
23
32.5
19.1
30.6
21
28.7
24.9
42.1
47.8
44
28.7
51.6
42.1
40.2
45.9
26.8
32.5
21
24.9
26.8
17.2
32.5
15.3
15.3
26.8
44
45.9
23
21
24.9
26.8
36.3
26.8
34.4
30.6
30.6
30.6
32.5
36.3
32.5
42.1
40.2
32.5
36.3
40.2
34.4
32.5
28.7
28.7
28.7
32.5
26.8
24.9
26.8
34.4
34.4
28.7
28.7
32.5
26.8
38.3
45.9
28.7
47.8
45.9
42.1
39.2
37.75
36.3
49.7
49.7
65
70.8
55.5
55.5
59.3
74.6
74.6
63.1
63.1
63.1
57.4
36.3
38.3
53.5
32.5
26.8
32.5
34.4
45.9
42.1
44
47.8
34.4
26.8
32.5
42.1
34.4
38.3
30.6
32.5
26.8
30.6
38.3
40.2
30.6
101.4
80.3
24.9
26.8
30.6
24.9
38.3
34.4
36.3
28.7
30.6
26.8
32.5
40.2
36.3
36.3
28.7
40.2
34.4
38.3
38.3
36.3
42.1
45.9
34.4
34.4
30.6
32.5
30.6
26.8
30.6
40.2
47.8
53.5
49.7
61.2
68.8
59.3
53.5
65
68.8
68.8
72.7
55.5
66.9
57.4
51.6
63.1
57.4
63.1
63.1
65
57.4
59.3
68.8
76.5
77.45
77.925
78.4
95.6
99.4
65
57.4
47.8
82.2
86.1
93.7
88
97.5
89.9
51.6
68.8
63.1
68.8
70.8
65
53.5
47.8
53.5
57.4
49.7
38.3
65
44
40.2
34.4
51.6
49.7
30.6
44
59.3
24.9
26.8
40.2
34.4
42.1
42.1
55.5
36.3
44
24.9
24.9
24.9
26.8
21
24.9
34.4
44
21
26.8
53.5
53.5
44
26.8
34.4
38.3
32.5
32.5
40.2
38.3
40.2
44
45.9
30.6
30.6
32.5
32.5
34.4
38.3
36.3
40.2
32.5
34.4
34.4
36.3
40.2
40.2
44
40.2
44
42.1
45.9
44
45.9
47.8
49.7
47.8
49.7
44
45.9
57.4
61.2
60.25
59.775
59.3
57.4
59.3
59.3
63.1
65
66.9
68.8
76.5
91.8
72.7
89.9
91.8
84.2
74.6
66.9
65
65
101.4
99.4
72.7
72.7
63.1
36.3
38.3
28.7
28.7
61.2
28.7
53.5
47.8
47.8
47.8
53.5
24.9
53.5
32.5
36.3
24.9
30.6
24.9
23
17.2
30.6
36.3
26.8
26.8
34.4
32.5
26.8
17.2
28.7
28.7
28.7
28.7
32.5
38.3
30.6
36.3
28.7
32.5
28.7
30.6
24.9
28.7
36.3
38.3
49.7
36.3
47.8
45.9
42.1
42.1
47.8
38.3
34.4
32.5
53.5
38.3
38.3
32.5
34.4
26.8
26.8
26.8
26.8
28.7
34.4
30.6
30.6
30.6
36.3
42.1
42.1
42.1
42.1
42.1
47.8
45.9
49.7
40.2
44
45.9
53.5
45.9
51.6
44
44
42.1
38.3
36.3
34.4
42.1
51.6
49.7
44
38.3
45.9
44
44
51.6
44
45.9
42.1
38.3
36.3
40.2
34.4
24.9
15.3
21
17.2
34.4
40.2
28.7
30.6
17.2
19.1
26.8
26.8
30.6
21
21
23
21
30.6
17.2
17.2
23
19.1
23
17.2
21
19.1
21
19.1
17.2
19.1
15.3
19.1
28.7
24.9
28.7
36.3
30.6
24.9
34.4
34.4
34.4
36.3
30.6
32.5
72.7
36.3
23
19.1
23
17.2
15.3
9.6
7.7
7.7
7.7
7.7
9.6
7.7
5.7
9.6
9.6
7.7
10.55
11.975
13.4
9.6
19.1
15.3
15.3
15.3
19.1
15.3
23
24.9
23
24.9
21
30.6
26.8
28.7
28.7
32.5
30.6
32.5
32.5
34.4
28.7
30.6
34.4
36.3
32.5
32.5
30.6
32.5
32.5
26.8
44
42.1
38.3
36.3
42.1
47.8
32.5
34.4
47.8
66.9
63.1
63.1
68.8
76.5
74.6
76.5
66.9
53.5
65
45.9
63.1
55.5
82.2
61.2
68.8
45.9
51.6
63.1
49.7
55.5
65
53.5
55.5
65
59.3
57.4
68.8
74.6
53.5
42.1
38.3
53.5
45.9
65
45.9
40.2
42.1
34.4
26.8
21
19.1
13.4
15.3
7.7
11.5
11.5
5.7
11.5
9.6
11.5
17.2
11.5
9.6
8.65
7.7
15.3
17.2
15.3
19.1
19.1
21
24.9
26.8
36.3
26.8
34.4
24.9
36.3
32.5
32.5
47.8
44
47.8
53.5
36.3
38.3
36.3
26.8
45.9
40.2
40.2
36.3
34.4
42.1
42.1
49.7
47.8
36.3
51.6
36.3
57.4
59.3
53.5
38.3
40.2
78.4
65
63.1
55.5
45.9
49.7
66.9
80.3
84.2
88
78.4
61.2
66.9
51.6
42.1
40.2
44
47.8
40.2
40.2
45.9
45.9
47.8
57.4
49.7
53.5
51.6
57.4
57.4
61.2
51.6
61.2
61.2
53.5
53.5
57.4
61.2
70.8
76.5
57.4
45.9
45.9
34.4
40.2
24.9
23
26.8
28.7
26.8
30.6
19.1
21
11.5
16.25
18.625
21
32.5
28.7
72.7
72.7
70.8
66.9
76.5
76.5
74.6
72.7
72.7
76.5
72.7
63.1
89.9
76.5
68.8
70.8
82.2
110.9
84.2
47.8
40.2
30.6
32.5
21
21
21
17.2
23
15.3
36.3
15.3
15.3
13.4
24.9
15.3
15.3
9.6
15.3
17.2
15.3
21
24.9
24.9
23
47.8
61.2
53.5
42.1
24.9
63.1
61.2
49.7
40.2
49.7
49.7
38.3
32.5
40.2
30.6
36.3
44
38.3
36.3
26.8
30.6
38.3
55.5
47.8
44
49.7
42.1
51.6
49.7
51.6
59.3
99.4
84.2
53.5
47.8
42.1
32.5
32.5
28.7
28.7
42.1
26.8
24.9
45.9
36.3
44
63.1
65
65.95
66.9
68.8
76.5
88
107.1
103.3
82.2
103.3
88
97.5
89.9
99.4
101.4
97.5
95.6
91.8
76.5
63.1
40.2
13.4
24.9
17.2
11.5
11.5
9.6
28.7
17.2
9.6
5.7
5.7
7.7
5.7
7.7
5.7
7.7
5.7
5.7
3.8
5.7
23
36.3
45.9
40.2
47.8
26.8
53.5
59.3
40.2
38.3
24.9
30.6
23
23
21
57.4
61.2
40.2
26.8
13.4
23
15.3
13.4
15.3
21
21
19.1
23
23
30.6
36.3
30.6
30.6
28.7
32.5
53.5
61.2
45.9
45.9
36.3
38.3
28.7
24.9
32.5
26.8
28.7
26.8
26.8
23
26.8
26.8
28.7
24.9
24.9
32.5
35.4
36.85
38.3
47.8
61.2
53.5
49.7
47.8
44
57.4
42.1
57.4
57.4
68.8
65
78.4
72.7
57.4
53.5
47.8
44
44
44
49.7
53.5
45.9
80.3
74.6
68.8
57.4
86.1
61.2
59.3
57.4
24.9
38.3
51.6
30.6
49.7
47.8
28.7
30.6
32.5
30.6
45.9
32.5
11.5
30.6
55.5
45.9
26.8
23
34.4
40.2
42.1
13.4
23
13.4
24.9
17.2
44
32.5
45.9
24.9
40.2
28.7
19.1
21
36.3
19.1
11.5
15.3
13.4
13.4
11.5
19.1
15.3
9.6
17.2
21
21
19.1
23
13.4
26.8
17.2
19.1
21
23
17.2
15.3
15.3
23
28.7
24.9
24.9
17.25
13.425
9.6
17.2
21
26.8
17.2
23
34.4
36.3
40.2
40.2
51.6
47.8
45.9
53.5
49.7
47.8
42.1
55.5
44
40.2
38.3
32.5
32.5
38.3
38.3
36.3
38.3
30.6
40.2
61.2
53.5
53.5
53.5
59.3
44
45.9
45.9
40.2
44
34.4
42.1
36.3
34.4
36.3
28.7
49.7
42.1
44
40.2
40.2
38.3
38.3
38.3
42.1
42.1
55.5
30.6
34.4
36.3
53.5
44
30.6
38.3
36.3
49.7
45.9
38.3
36.3
24.9
28.7
24.9
21
23
21
21
17.2
17.2
15.3
13.4
21
15.3
17.2
13.4
9.6
17.2
9.6
11.5
13.4
13.4
17.2
13.4
15.3
17.2
23
29.65
32.975
36.3
23
34.4
34.4
59.3
61.2
57.4
51.6
51.6
44
84.2
95.6
99.4
107.1
112.8
118.6
97.5
130.10001
99.4
74.6
86.1
116.7
99.4
122.4
91.8
63.1
49.7
59.3
49.7
76.5
72.7
59.3
49.7
40.2
51.6
44
103.3
99.4
88
49.7
45.9
53.5
45.9
59.3
59.3
61.2
82.2
66.9
59.3
44
51.6
68.8
59.3
51.6
42.1
53.5
47.8
49.7
49.7
47.8
45.9
40.2
44
38.3
55.5
49.7
61.2
53.5
44
70.8
68.8
72.7
63.1
66.9
70.8
65
55.5
63.1
53.5
51.6
47.8
38.3
40.2
38.3
34.4
32.5
34.4
36.3
38.3
34.4
34.4
34.4
36.3
40.2
43.05
44.475
45.9
45.9
32.5
42.1
42.1
44
47.8
55.5
53.5
66.9
57.4
53.5
45.9
68.8
82.2
61.2
63.1
61.2
65
68.8
80.3
72.7
45.9
44
55.5
72.7
66.9
68.8
51.6
44
55.5
45.9
49.7
42.1
66.9
65
51.6
44
53.5
40.2
45.9
47.8
63.1
53.5
47.8
38.3
36.3
55.5
47.8
34.4
44
32.5
45.9
57.4
53.5
61.2
65
63.1
74.6
72.7
65
65
61.2
66.9
68.8
61.2
63.1
68.8
82.2
107.1
82.2
82.2
114.8
99.4
101.4
107.1
78.4
84.2
74.6
68.8
49.7
66.9
45.9
49.7
34.4
34.4
23
17.2
15.3
23
17.2
17.2
26.8
17.2
25.8
30.1
34.4
53.5
63.1
65
89.9
84.2
68.8
72.7
65
65
80.3
116.7
93.7
76.5
88
65
97.5
74.6
109
65
65
63.1
70.8
89.9
70.8
68.8
76.5
61.2
55.5
34.4
61.2
55.5
44
47.8
63.1
68.8
74.6
51.6
65
59.3
66.9
61.2
80.3
36.3
70.8
47.8
78.4
44
44
45.9
61.2
82.2
82.2
82.2
65
63.1
63.1
82.2
68.8
70.8
72.7
66.9
47.8
53.5
78.4
53.5
74.6
88
82.2
91.8
105.2
118.6
99.4
53.5
109
91.8
70.8
103.3
107.1
88
65
42.1
42.1
19.1
26.8
26.8
30.6
32.5
15.3
7.7
13.4
17.2
11.5
17.2
22.95
25.825
28.7
26.8
26.8
28.7
28.7
26.8
26.8
30.6
45.9
61.2
70.8
57.4
38.3
42.1
45.9
38.3
63.1
45.9
40.2
42.1
49.7
34.4
36.3
32.5
38.3
38.3
30.6
44
53.5
28.7
42.1
34.4
30.6
30.6
55.5
53.5
32.5
38.3
40.2
49.7
49.7
44
49.7
42.1
57.4
68.8
61.2
59.3
63.1
65
61.2
63.1
51.6
61.2
89.9
84.2
93.7
78.4
76.5
76.5
68.8
89.9
78.4
86.1
80.3
76.5
80.3
68.8
66.9
51.6
61.2
80.3
91.8
80.3
72.7
68.8
61.2
72.7
61.2
51.6
45.9
55.5
47.8
28.7
19.1
17.2
24.9
21
24.9
11.5
13.4
15.3
21
15.3
22
25.35
28.7
36.3
38.3
45.9
42.1
59.3
38.3
40.2
38.3
24.9
26.8
32.5
28.7
38.3
32.5
40.2
45.9
45.9
36.3
36.3
36.3
38.3
30.6
32.5
44
32.5
30.6
32.5
30.6
51.6
44
42.1
44
57.4
49.7
53.5
63.1
42.1
55.5
49.7
47.8
63.1
44
47.8
49.7
65
55.5
59.3
44
68.8
49.7
53.5
47.8
44
44
45.9
34.4
63.1
47.8
44
55.5
66.9
44
53.5
55.5
53.5
45.9
51.6
49.7
44
57.4
57.4
57.4
86.1
59.3
45.9
44
78.4
66.9
68.8
57.4
38.3
23
19.1
17.2
13.4
13.4
15.3
11.5
11.5
9.6
13.4
13.4
15.3
14.35
13.875
13.4
17.2
23
36.3
34.4
63.1
47.8
74.6
61.2
57.4
53.5
44
66.9
42.1
51.6
49.7
49.7
45.9
38.3
42.1
40.2
40.2
45.9
65
53.5
30.6
42.1
51.6
44
42.1
34.4
49.7
42.1
38.3
42.1
47.8
32.5
63.1
40.2
36.3
34.4
34.4
59.3
91.8
47.8
45.9
66.9
38.3
53.5
59.3
49.7
59.3
45.9
40.2
34.4
40.2
24.9
28.7
30.6
32.5
28.7
36.3
32.5
59.3
21
26.8
17.2
23
17.2
23
17.2
23
15.3
17.2
23
11.5
13.4
5.7
11.5
11.5
11.5
5.7
5.7
5.7
3.8
11.5
11.5
5.7
7.7
7.7
11.5
9.6
11.5
13.4
19.15
22.025
24.9
19.1
26.8
30.6
28.7
26.8
21
32.5
51.6
84.2
82.2
63.1
59.3
76.5
65
68.8
72.7
70.8
63.1
51.6
36.3
57.4
61.2
40.2
47.8
44
34.4
47.8
42.1
26.8
26.8
21
42.1
44
49.7
51.6
61.2
59.3
44
42.1
49.7
44
30.6
49.7
51.6
42.1
47.8
53.5
49.7
44
57.4
49.7
28.7
53.5
63.1
55.5
51.6
53.5
49.7
72.7
55.5
42.1
70.8
76.5
49.7
59.3
63.1
63.1
59.3
82.2
63.1
55.5
32.5
78.4
47.8
80.3
55.5
55.5
45.9
51.6
53.5
51.6
44
38.3
40.2
28.7
21
17.2
23
30.6
21
24.9
26.8
21
26.75
29.625
32.5
28.7
36.3
32.5
32.5
26.8
32.5
45.9
59.3
66.9
70.8
82.2
78.4
72.7
86.1
59.3
49.7
47.8
40.2
44
45.9
57.4
38.3
45.9
40.2
40.2
42.1
51.6
55.5
51.6
45.9
63.1
38.3
28.7
49.7
51.6
45.9
47.8
66.9
70.8
47.8
57.4
44
51.6
63.1
61.2
57.4
53.5
61.2
68.8
57.4
59.3
72.7
72.7
65
74.6
65
72.7
107.1
88
88
93.7
68.8
76.5
74.6
86.1
93.7
109
99.4
99.4
101.4
93.7
80.3
76.5
63.1
84.2
63.1
70.8
34.4
44
45.9
36.3
38.3
34.4
23
15.3
19.1
19.1
7.7
15.3
13.4
21
17.2
11.5
18.2
21.55
24.9
17.2
21
24.9
34.4
44
44
47.8
61.2
61.2
61.2
68.8
80.3
74.6
72.7
66.9
74.6
74.6
72.7
55.5
82.2
66.9
66.9
70.8
68.8
76.5
68.8
74.6
84.2
91.8
78.4
86.1
80.3
91.8
93.7
103.3
97.5
86.1
99.4
120.5
97.5
107.1
99.4
82.2
99.4
80.3
78.4
68.8
84.2
88
103.3
66.9
93.7
59.3
70.8
57.4
59.3
72.7
80.3
74.6
78.4
59.3
65
80.3
59.3
86.1
82.2
84.2
89.9
65
99.4
76.5
99.4
88
80.3
97.5
91.8
103.3
76.5
70.8
63.1
70.8
63.1
55.5
36.3
36.3
32.5
26.8
32.5
26.8
17.2
21
17.2
19.1
22
23.45
24.9
28.7
28.7
30.6
28.7
28.7
38.3
38.3
34.4
38.3
38.3
40.2
51.6
51.6
42.1
40.2
42.1
42.1
40.2
45.9
51.6
70.8
70.8
82.2
65
55.5
61.2
53.5
68.8
45.9
40.2
40.2
55.5
59.3
74.6
68.8
53.5
61.2
49.7
66.9
53.5
59.3
51.6
59.3
57.4
55.5
72.7
72.7
53.5
80.3
66.9
82.2
76.5
70.8
64.1
60.75
59.075
58.2375
57.81875
57.609375
57.5046875
57.45234375
57.426171875
57.4
63.1
42.1
57.4
49.7
57.4
97.5
109
72.7
133.89999
72.7
63.1
66.9
78.4
88
112.8
84.2
78.4
61.2
45.9
51.6
44
45.9
49.7
34.4
24.9
34.4
38.3
24.9
30.6
30.6
40.15
44.925
49.7
51.6
57.4
84.2
97.5
80.3
101.4
109
88
86.1
112.8
93.7
97.5
89.9
93.7
99.4
99.4
97.5
91.8
61.2
61.2
74.6
55.5
45.9
49.7
32.5
23
13.4
13.4
15.3
24.9
23
32.5
42.1
42.1
30.6
17.2
11.5
17.25
20.125
21.5625
22.28125
22.640625
22.8203125
23
23
15.3
13.4
17.2
13.4
19.1
17.2
23
26.8
17.2
13.4
15.3
15.3
21
15.3
15.3
11.5
11.5
11.5
19.1
13.4
21
28.7
28.7
38.3
38.3
38.3
40.2
32.5
34.4
32.5
36.3
28.7
24.9
47.8
36.3
34.4
19.1
15.3
13.4
9.6
11.5
11.5
9.6
11.5
11.5
9.6
15.3
15.3
16.25
16.725
17.2
15.3
19.1
26.8
26.8
23
26.8
30.6
21
24.9
24.9
26.8
30.6
28.7
28.7
24.9
34.4
26.8
28.7
32.5
26.8
28.7
30.6
30.6
45.9
36.3
26.8
34.4
36.3
28.7
38.3
36.3
32.5
38.3
42.1
28.7
24.9
24.9
24.9
17.2
19.1
17.2
21
19.1
23
15.3
23
28.7
19.1
21
19.1
23
23
23
19.1
23
24.9
26.8
24.9
30.6
30.6
24.9
40.2
55.5
68.8
68.8
68.8
76.5
76.5
70.8
66.9
76.5
78.4
130.10001
93.7
66.9
68.8
74.6
72.7
63.1
68.8
55.5
65
53.5
49.7
51.6
49.7
36.3
42.1
49.7
36.3
47.8
65
57.4
60.25
61.675
63.1
63.1
74.6
78.4
80.3
78.4
86.1
89.9
88
89.9
80.3
86.1
88
91.8
86.1
86.1
74.6
70.8
68.8
63.1
88
47.8
42.1
59.3
80.3
74.6
51.6
86.1
51.6
57.4
34.4
63.1
34.4
49.7
44
47.8
32.5
15.3
24.9
28.7
24.9
30.6
17.2
24.9
21
24.9
34.4
23
26.8
23
13.4
15.3
24.9
19.1
23
23
23
17.2
15.3
23
17.2
15.3
19.1
13.4
15.3
17.2
23
28.7
26.8
30.6
30.6
24.9
30.6
26.8
26.8
45.9
53.5
51.6
63.1
53.5
59.3
51.6
44
40.2
49.7
44
32.5
34.4
42.1
42.1
47.8
45.9
51.6
44
44.95
45.425
45.9
51.6
53.5
70.8
68.8
63.1
65
63.1
66.9
101.4
57.4
61.2
53.5
57.4
47.8
45.9
42.1
53.5
57.4
47.8
49.7
45.9
42.1
51.6
42.1
55.5
44
53.5
42.1
49.7
47.8
36.3
32.5
63.1
53.5
51.6
45.9
59.3
74.6
72.7
36.3
38.3
53.5
45.9
51.6
49.7
55.5
51.6
36.3
26.8
34.4
53.5
24.9
32.5
34.4
53.5
36.3
24.9
38.3
42.1
53.5
44
47.8
38.3
47.8
45.9
53.5
66.9
74.6
63.1
57.4
42.1
44
45.9
49.7
44
34.4
40.2
36.3
28.7
28.7
32.5
47.8
40.2
40.2
53.5
51.6
45.9
38.3
38.3
40.2
45.9
45.9
45.9
45.9
45.9
45.9
51.6
49.7
49.7
42.1
40.2
55.5
49.7
53.5
51.6
55.5
59.3
65
68.8
59.3
63.1
53.5
55.5
51.6
95.6
97.5
59.3
53.5
32.5
61.2
57.4
28.7
19.1
38.3
44
30.6
32.5
30.6
26.8
36.3
24.9
34.4
24.9
38.3
44
30.6
40.2
28.7
24.9
45.9
47.8
44
49.7
70.8
57.4
47.8
38.3
63.1
47.8
55.5
55.5
47.8
45.9
49.7
47.8
55.5
63.1
51.6
61.2
55.5
59.3
53.5
47.8
53.5
40.2
51.6
47.8
47.8
55.5
57.4
66.9
65
57.4
28.7
53.5
36.3
28.7
40.2
32.5
26.8
30.6
23
26.8
13.4
15.3
11.5
13.4
13.4
30.6
35.4
37.8
40.2
28.7
38.3
40.2
51.6
57.4
59.3
38.3
40.2
53.5
72.7
40.2
53.5
51.6
47.8
74.6
70.8
47.8
49.7
49.7
74.6
70.8
80.3
74.6
76.5
89.9
68.8
59.3
65
59.3
45.9
68.8
55.5
61.2
57.4
78.4
80.3
72.7
57.4
84.2
38.3
72.7
61.2
65
70.8
63.1
66.9
84.2
61.2
76.5
80.3
55.5
49.7
47.8
53.5
55.5
42.1
42.1
49.7
72.7
70.8
44
53.5
45.9
57.4
66.9
42.1
38.3
53.5
42.1
57.4
74.6
42.1
45.9
40.2
65
122.4
70.8
53.5
66.9
63.1
40.2
34.4
32.5
38.3
30.6
26.8
26.8
28.7
26.8
15.3
17.2
21
26.8
31.55
33.925
36.3
34.4
40.2
34.4
30.6
80.3
49.7
55.5
53.5
66.9
45.9
47.8
42.1
34.4
45.9
53.5
38.3
53.5
38.3
38.3
44
57.4
53.5
40.2
61.2
53.5
49.7
51.6
59.3
55.5
59.3
65
74.6
82.2
80.3
57.4
51.6
53.5
84.2
88
66.9
53.5
57.4
86.1
63.1
53.5
55.5
49.7
78.4
63.1
65
47.8
49.7
47.8
47.8
59.3
59.3
65
86.1
61.2
70.8
80.3
61.2
70.8
55.5
74.6
88
66.9
80.3
70.8
66.9
66.9
72.7
66.9
53.5
51.6
49.7
53.5
63.1
65
76.5
55.5
47.8
38.3
32.5
21
17.2
15.3
23
17.2
23
26.8
26.8
26.8
30.6
32.5
34.4
38.3
49.7
53.5
49.7
59.3
53.5
65
68.8
65
78.4
84.2
63.1
72.7
55.5
82.2
82.2
80.3
82.2
84.2
86.1
84.2
84.2
78.4
76.5
84.2
61.2
55.5
61.2
57.4
49.7
49.7
59.3
59.3
72.7
80.3
78.4
78.4
42.1
65
65
55.5
26.8
17.2
21
61.2
34.4
45.9
38.3
45.9
63.1
47.8
44
47.8
51.6
45.9
36.3
51.6
49.7
44
32.5
32.5
38.3
45.9
49.7
45.9
51.6
47.8
49.7
47.8
53.5
63.1
101.4
66.9
122.4
78.4
59.3
72.7
59.3
44
38.3
30.6
32.5
24.9
19.1
13.4
11.5
9.6
21
15.3
11.5
17.2
13.4
21
19.1
18.15
17.2
19.1
26.8
28.7
28.7
42.1
42.1
36.3
42.1
45.9
55.5
51.6
53.5
68.8
78.4
55.5
70.8
63.1
88
70.8
78.4
93.7
109
55.5
74.6
47.8
72.7
59.3
47.8
51.6
55.5
49.7
51.6
59.3
34.4
40.2
38.3
49.7
61.2
44
40.2
38.3
42.1
57.4
53.5
72.7
70.8
101.4
72.7
70.8
65
42.1
34.4
49.7
42.1
63.1
34.4
63.1
74.6
55.5
65
55.5
57.4
55.5
59.3
65
86.1
59.3
82.2
57.4
65
99.4
91.8
99.4
112.8
107.1
110.9
118.6
103.3
97.5
80.3
66.9
51.6
51.6
47.8
38.3
45.9
42.1
28.7
36.3
42.1
53.5
63.1
55.5
53.55
52.575
51.6
49.7
38.3
42.1
61.2
40.2
55.5
47.8
47.8
45.9
57.4
66.9
63.1
59.3
89.9
72.7
89.9
80.3
76.5
88
95.6
93.7
101.4
101.4
80.3
76.5
74.6
76.5
68.8
84.2
86.1
89.9
89.9
93.7
88
97.5
95.6
89.9
72.7
80.3
88
78.4
82.2
89.9
91.8
72.7
72.7
63.1
49.7
55.5
53.5
53.5
51.6
53.5
68.8
70.8
61.2
63.1
68.8
86.1
72.7
76.5
61.2
59.3
65
59.3
65
66.9
63.1
61.2
53.5
53.5
49.7
49.7
42.1
40.2
38.3
30.6
26.8
30.6
26.8
28.7
28.7
26.8
24.9
17.2
19.1
19.1
19.1
23
24.9
21
23
21
26.75
29.625
32.5
38.3
38.3
38.3
45.9
44
59.3
53.5
45.9
49.7
55.5
59.3
59.3
53.5
49.7
51.6
72.7
88
86.1
82.2
114.8
74.6
82.2
103.3
45.9
45.9
44
45.9
49.7
44
45.9
45.9
44
44
47.8
49.7
49.7
40.2
42.1
32.5
45.9
28.7
23
24.9
28.7
45.9
38.3
36.3
34.4
38.3
30.6
28.7
26.8
36.3
23
26.8
26.8
26.8
34.4
28.7
36.3
34.4
26.8
30.6
32.5
32.5
28.7
34.4
40.2
38.3
36.3
36.3
38.3
45.9
42.1
47.8
57.4
51.6
55.5
63.1
61.2
55.5
55.5
59.3
53.5
49.7
61.2
47.8
44
47.8
42.1
44
53.5
40.2
46.85
50.175
53.5
65
63.1
68.8
72.7
76.5
74.6
70.8
76.5
82.2
80.3
82.2
89.9
103.3
82.2
70.8
70.8
80.3
78.4
93.7
103.3
105.2
80.3
72.7
70.8
86.1
93.7
74.6
65
78.4
89.9
86.1
80.3
84.2
93.7
78.4
72.7
72.7
74.6
66.9
70.8
99.4
86.1
105.2
122.4
109
93.7
84.2
86.1
86.1
78.4
84.2
80.3
78.4
78.4
76.5
80.3
80.3
78.4
133.89999
97.5
82.2
78.4
82.2
76.5
82.2
110.9
109
82.2
82.2
78.4
65
66.9
66.9
66.9
72.7
68.8
61.2
68.8
68.8
68.8
65
65
65
59.3
57.4
59.3
53.5
57.4
59.3
61.2
63.1
72.7
66.9
66.9
66.9
66.9
78.4
78.4
78.4
72.7
74.6
72.7
76.5
76.5
68.8
61.2
65
70.8
70.8
78.4
84.2
89.9
91.8
91.8
95.6
95.6
95.6
95.6
74.6
80.3
78.4
84.2
84.2
86.1
80.3
74.6
84.2
97.5
65
74.6
59.3
49.7
40.2
70.8
84.2
70.8
65
55.5
40.2
32.5
70.8
61.2
53.5
55.5
70.8
82.2
45.9
57.4
61.2
62.15
62.625
62.8625
62.98125
63.040625
63.0703125
63.1
65
72.7
74.6
86.1
89.9
84.2
105.2
99.4
88
82.2
93.7
86.1
82.2
84.2
86.1
78.4
82.2
76.5
65
65
72.7
66.9
61.2
51.6
51.6
45.9
49.7
53.5
59.3
53.5
55.5
63.1
72.7
73.65
74.125
74.6
78.4
82.2
80.3
86.1
86.1
86.1
86.1
88
82.2
93.7
99.4
103.3
122.4
99.4
97.5
89.9
80.3
99.4
70.8
61.2
65
53.5
68.8
68.8
61.2
70.8
74.6
61.2
61.2
59.3
55.5
49.7
53.5
47.8
51.6
63.1
51.6
44
51.6
47.8
51.6
49.7
53.5
49.7
61.2
49.7
49.7
42.1
44
55.5
53.5
53.5
80.3
68.8
82.2
95.6
82.2
66.9
59.3
53.5
61.2
57.4
59.3
65
76.5
74.6
88
44
53.5
55.5
51.6
51.6
47.8
38.3
44
38.3
47.8
42.1
19.1
26.8
30.6
40.2
30.6
21
15.3
15.3
21
17.2
21
21
19.1
24.9
24.9
46.85
57.825
68.8
70.8
74.6
82.2
82.2
74.6
76.5
66.9
63.1
80.3
93.7
91.8
93.7
93.7
89.9
86.1
84.2
84.2
86.1
84.2
93.7
88
63.1
57.4
51.6
47.8
44
44
45.9
61.2
40.2
40.2
42.1
38.3
59.3
45.9
30.6
47.8
32.5
47.8
40.2
28.7
47.8
36.3
28.7
42.1
40.2
38.3
36.3
34.4
38.3
47.8
42.1
51.6
42.1
51.6
38.3
36.3
45.9
28.7
34.4
36.3
42.1
34.4
32.5
44
42.1
40.2
49.7
55.5
53.5
47.8
45.9
38.3
47.8
36.3
24.9
21
26.8
19.1
13.4
15.3
23
21
32.5
34.4
32.5
32.5
21
28.7
32.5
36.3
28.7
30.6
31.55
32.025
32.5
45.9
70.8
78.4
78.4
82.2
82.2
88
78.4
86.1
80.3
82.2
82.2
84.2
76.5
76.5
80.3
101.4
109
103.3
95.6
93.7
66.9
42.1
53.5
68.8
63.1
49.7
44
55.5
49.7
63.1
72.7
70.8
57.4
42.1
44
42.1
55.5
45.9
45.9
51.6
38.3
40.2
36.3
40.2
36.3
38.3
59.3
49.7
51.6
53.5
55.5
68.8
80.3
74.6
76.5
76.5
76.5
99.4
82.2
95.6
107.1
95.6
65
84.2
118.6
120.5
120.5
99.4
93.7
97.5
95.6
82.2
72.7
74.6
76.5
78.4
68.8
57.4
63.1
53.5
53.5
40.2
45.9
42.1
40.2
49.7
34.4
34.4
40.2
61.2
57.4
53.5
53.5
53.5
53.5
66.9
63.1
66.9
78.4
68.8
70.8
70.8
70.8
82.2
72.7
80.3
80.3
78.4
70.8
76.5
84.2
78.4
78.4
51.6
61.2
82.2
59.3
61.2
76.5
76.5
70.8
65
66.9
55.5
42.1
55.5
44
45.9
47.8
44
40.2
44
36.3
36.3
36.3
36.3
28.7
32.5
19.1
38.3
45.9
40.2
55.5
42.1
51.6
38.3
47.8
51.6
42.1
44
51.6
45.9
61.2
57.4
49.7
45.9
45.9
53.5
61.2
65
68.8
61.2
44
63.1
76.5
57.4
51.6
44
40.2
32.5
24.9
23
19.1
11.5
13.4
9.6
9.6
7.7
5.7
5.7
5.7
5.7
3.8
1.9
9.6
3.8
7.7
5.7
6.7
7.2
7.7
7.7
9.6
9.6
17.2
15.3
15.3
13.4
24.9
19.1
19.1
24.9
30.6
40.2
40.2
47.8
44
42.1
47.8
45.9
36.3
42.1
34.4
53.5
53.5
45.9
49.7
53.5
53.5
59.3
70.8
45.9
51.6
57.4
51.6
34.4
49.7
36.3
36.3
36.3
32.5
32.5
42.1
44
53.5
47.8
49.7
36.3
42.1
44
42.1
42.1
32.5
42.1
42.1
40.2
26.8
49.7
32.5
44
55.5
38.3
32.5
23
38.3
65
42.1
55.5
45.9
47.8
49.7
47.8
80.3
55.5
57.4
57.4
65
68.8
59.3
61.2
61.2
61.2
66.9
66.9
57.4
61.2
61.2
65
55.5
55.5
61.2
61.2
59.3
61.2
62.15
62.625
63.1
66.9
76.5
82.2
80.3
80.3
86.1
89.9
91.8
97.5
74.6
76.5
82.2
76.5
84.2
70.8
53.5
44
44
40.2
34.4
28.7
24.9
24.9
26.8
26.8
28.7
21
23
19.1
17.2
32.5
17.2
19.1
23
19.1
19.1
23
24.9
26.8
28.7
28.7
24.9
23
26.8
38.3
19.1
21
21
34.4
30.6
23
38.3
38.3
26.8
47.8
51.6
42.1
28.7
36.3
49.7
34.4
26.8
34.4
32.5
34.4
30.6
26.8
40.2
45.9
63.1
51.6
47.8
78.4
65
51.6
78.4
47.8
70.8
88
74.6
59.3
53.5
76.5
57.4
55.5
51.6
45.9
47.8
57.4
53.5
51.6
57.4
57.4
57.4
57.4
57.4
57.4
68.8
74.6
89.9
80.3
80.3
88
80.3
86.1
97.5
95.6
82.2
80.3
88
95.6
118.6
112.8
91.8
91.8
110.9
128.10001
118.6
103.3
91.8
122.4
116.7
110.9
120.5
114.8
97.5
109
120.5
116.7
84.2
109
93.7
89.9
53.5
36.3
66.9
97.5
89.9
88
89.9
107.1
109
122.4
91.8
95.6
68.8
57.4
51.6
61.2
55.5
63.1
59.3
72.7
84.2
95.6
99.4
97.5
91.8
82.2
76.5
76.5
70.8
91.8
126.2
99.4
84.2
72.7
63.1
66.9
68.8
74.6
84.2
105.2
91.8
74.6
65
66.9
51.6
47.8
34.4
42.1
45.9
51.6
42.1
51.6
40.2
44
45.9
53.5
56.4
57.85
59.3
53.5
65
40.2
45.9
34.4
40.2
40.2
49.7
40.2
38.3
45.9
44
51.6
51.6
49.7
53.5
53.5
55.5
55.5
59.3
61.2
65
68.8
61.2
57.4
59.3
59.3
72.7
70.8
63.1
59.3
66.9
59.3
51.6
51.6
49.7
44
59.3
55.5
57.4
82.2
91.8
57.4
59.3
53.5
45.9
44
53.5
49.7
51.6
55.5
49.7
53.5
49.7
51.6
82.2
57.4
51.6
55.5
53.5
53.5
45.9
49.7
53.5
57.4
53.5
55.5
51.6
53.5
63.1
65
74.6
61.2
57.4
49.7
47.8
45.9
44
40.2
44
40.2
40.2
40.2
42.1
42.1
42.1
40.2
42.1
42.1
42.1
42.1
40.2
42.1
43.05
43.525
44
42.1
45.9
47.8
45.9
53.5
53.5
51.6
53.5
49.7
55.5
51.6
51.6
53.5
51.6
51.6
53.5
51.6
51.6
53.5
51.6
53.5
49.7
53.5
53.5
51.6
49.7
53.5
55.5
51.6
53.5
53.5
57.4
57.4
66.9
59.3
65
72.7
76.5
57.4
55.5
53.5
61.2
61.2
49.7
44
44
40.2
49.7
45.9
42.1
40.2
45.9
45.9
47.8
45.9
51.6
49.7
47.8
53.5
51.6
49.7
57.4
57.4
51.6
55.5
51.6
53.5
53.5
53.5
55.5
51.6
55.5
51.6
53.5
55.5
57.4
51.6
49.7
45.9
45.9
51.6
51.6
49.7
51.6
49.7
51.6
49.7
51.6
49.7
49.7
49.7
47.8
47.8
43.05
40.675
38.3
42.1
38.3
42.1
45.9
45.9
42.1
42.1
42.1
40.2
40.2
36.3
36.3
42.1
44
49.7
51.6
47.8
45.9
47.8
44
49.7
51.6
51.6
51.6
51.6
63.1
51.6
47.8
44
44
44
44
55.5
51.6
47.8
49.7
49.7
49.7
53.5
55.5
55.5
45.9
38.3
49.7
47.8
47.8
47.8
53.5
44
49.7
45.9
47.8
49.7
53.5
49.7
53.5
51.6
57.4
53.5
57.4
55.5
61.2
53.5
51.6
57.4
51.6
55.5
57.4
57.4
63.1
70.8
66.9
70.8
70.8
65
57.4
47.8
44
44
45.9
49.7
47.8
42.1
36.3
38.3
45.9
45.9
38.3
44
51.6
49.7
49.7
49.7
50.65
51.125
51.6
55.5
55.5
49.7
53.5
80.3
61.2
89.9
57.4
42.1
45.9
70.8
66.9
89.9
78.4
89.9
78.4
91.8
72.7
74.6
63.1
65
76.5
89.9
89.9
86.1
59.3
66.9
63.1
63.1
49.7
49.7
51.6
51.6
63.1
47.8
40.2
47.8
55.5
53.5
65
42.1
38.3
38.3
40.2
44
66.9
44
57.4
34.4
40.2
30.6
32.5
30.6
36.3
32.5
26.8
40.2
26.8
26.8
32.5
26.8
30.6
32.5
28.7
30.6
36.3
61.2
59.3
53.5
51.6
61.2
59.3
59.3
88
57.4
55.5
26.8
23
32.5
13.4
9.6
11.5
9.6
5.7
7.7
9.6
9.6
11.5
11.5
11.5
11.5
13.4
15.3
14.35
13.875
13.4
15.3
15.3
15.3
24.9
17.2
17.2
24.9
23
19.1
15.3
23
26.8
24.9
24.9
23
23
24.9
24.9
30.6
24.9
24.9
28.7
32.5
19.1
19.1
23
23
23
24.9
26.8
23
26.8
24.9
24.9
23
21
21
23
21
24.9
23
23
26.8
24.9
28.7
28.7
26.8
26.8
19.1
23
21
24.9
23
26.8
23
26.8
19.1
23
21
28.7
26.8
30.6
30.6
28.7
21
26.8
26.8
32.5
24.9
23
24.9
24.9
24.9
24.9
19.1
9.6
9.6
7.7
13.4
7.7
11.5
11.5
9.6
13.4
9.6
15.3
21
24.9
15.3
21
23
28.7
38.3
35.4
33.95
32.5
34.4
36.3
36.3
47.8
65
28.7
32.5
38.3
45.9
45.9
34.4
34.4
36.3
36.3
49.7
45.9
47.8
49.7
53.5
57.4
57.4
47.8
45.9
45.9
32.5
36.3
47.8
30.6
55.5
49.7
36.3
51.6
61.2
59.3
55.5
66.9
72.7
51.6
76.5
44
53.5
88
63.1
63.1
57.4
57.4
51.6
45.9
36.3
53.5
53.5
36.3
36.3
30.6
21
28.7
24.9
34.4
42.1
38.3
42.1
49.7
65
82.2
72.7
63.1
66.9
59.3
45.9
53.5
51.6
53.5
80.3
66.9
72.7
76.5
63.1
59.3
59.3
40.2
44
45.9
47.8
49.7
53.5
49.7
53.5
51.6
47.8
47.8
53.5
61.2
61.2
69.8
74.1
78.4
78.4
89.9
78.4
88
88
101.4
95.6
105.2
99.4
103.3
99.4
93.7
105.2
103.3
112.8
109
97.5
103.3
89.9
82.2
89.9
93.7
101.4
124.3
105.2
88
82.2
65
103.3
74.6
47.8
45.9
88
91.8
84.2
51.6
53.5
51.6
45.9
30.6
23
13.4
9.6
17.2
19.1
26.8
44
51.6
66.9
38.3
59.3
57.4
61.2
63.1
80.3
61.2
59.3
70.8
74.6
66.9
55.5
44
45.9
38.3
44
53.5
55.5
49.7
49.7
57.4
61.2
76.5
55.5
42.1
38.3
30.6
30.6
30.6
21
21
30.6
32.5
30.6
53.5
44
24.9
42.1
28.7
45.9
42.1
49.7
36.3
42.1
57.4
65.05
72.7
80.3
47.8
55.5
53.5
49.7
53.5
42.1
49.7
55.5
59.3
95.6
74.6
68.8
74.6
101.4
88
122.4
124.3
116.7
76.5
86.1
76.5
93.7
80.3
61.2
63.1
74.6
72.7
63.1
91.8
70.8
57.4
57.4
61.2
74.6
63.1
72.7
72.7
59.3
72.7
70.8
55.5
57.4
65
59.3
68.8
84.2
65
70.8
74.6
86.1
107.1
118.6
103.3
95.6
89.9
86.1
132
130.10001
137.7
130.10001
135.8
149.2
130.10001
118.6
133.89999
114.8
107.1
126.2
95.6
93.7
78.4
130.10001
116.7
93.7
74.6
84.2
86.1
68.8
66.9
68.8
65
68.8
59.3
68.8
65
65
65
74.6
68.8
61.2
57.4
63.1
73.65
78.925
84.2
93.7
105.2
84.2
76.5
76.5
88
99.4
97.5
82.2
80.3
86.1
86.1
93.7
84.2
80.3
84.2
80.3
78.4
82.2
88
97.5
101.4
101.4
84.2
84.2
107.1
89.9
95.6
80.3
103.3
49.7
55.5
63.1
42.1
47.8
55.5
59.3
36.3
38.3
30.6
66.9
65
64.05
63.575
63.3375
63.21875
63.159375
63.1
66.9
82.2
70.8
57.4
59.3
78.4
59.3
74.6
66.9
65
89.9
70.8
72.7
76.5
63.1
95.6
82.2
118.6
116.7
105.2
99.4
76.5
107.1
93.7
112.8
84.2
63.1
47.8
42.1
32.5
42.1
36.3
34.4
34.4
30.6
28.7
24.9
38.3
59.3
44
40.2
38.3
32.5
26.8
21
25.8
28.2
30.6
24.9
28.7
36.3
34.4
42.1
49.7
44
36.3
42.1
38.3
40.2
40.2
44
47.8
49.7
44
34.4
34.4
32.5
51.6
49.7
63.1
59.3
53.5
68.8
78.4
70.8
63.1
91.8
80.3
59.3
57.4
59.3
59.3
66.9
57.4
66.9
59.3
63.1
44
53.5
68.8
61.2
55.5
72.7
72.7
57.4
70.8
65
78.4
70.8
63.1
74.6
76.5
80.3
91.8
91.8
59.3
70.8
84.2
86.1
105.2
101.4
118.6
88
82.2
80.3
65
68.8
74.6
74.6
63.1
61.2
53.5
53.5
38.3
40.2
53.5
34.4
36.3
45.9
34.4
23
24.9
28.7
59.3
34.4
28.7
23
26.8
26.8
24.9
26.8
33.5
36.85
40.2
40.2
45.9
47.8
49.7
38.3
36.3
34.4
38.3
34.4
36.3
38.3
40.2
38.3
34.4
36.3
34.4
38.3
38.3
44
44
51.6
61.2
63.1
59.3
55.5
63.1
66.9
47.8
51.6
51.6
57.4
53.5
44
53.5
47.8
47.8
40.2
34.4
38.3
32.5
70.8
72.7
53.5
76.5
70.8
76.5
72.7
66.9
61.2
49.7
65
76.5
76.5
68.8
55.5
55.5
63.1
57.4
51.6
68.8
61.2
65
63.1
74.6
68.8
78.4
93.7
80.3
65
63.1
61.2
68.8
55.5
57.4
63.1
65
51.6
51.6
51.6
51.6
49.7
53.5
51.6
51.6
49.7
51.6
53.5
53.5
51.6
53.5
53.5
55.5
55.5
55.5
55.5
55.5
57.4
57.4
55.5
59.3
61.2
61.2
59.3
55.5
59.3
57.4
55.5
55.5
61.2
61.2
65
59.3
59.3
59.3
61.2
59.3
61.2
59.3
59.3
55.5
55.5
53.5
51.6
51.6
49.7
42.1
38.3
38.3
32.5
36.3
36.3
36.3
49.7
47.8
38.3
38.3
38.3
36.3
40.2
38.3
34.4
36.3
30.6
32.5
40.2
45.9
49.7
40.2
42.1
36.3
34.4
26.8
34.4
40.2
38.3
45.9
38.3
34.4
26.8
28.7
30.6
26.8
32.5
32.5
36.3
32.5
34.4
32.5
28.7
26.8
28.7
26.8
30.6
36.3
38.3
40.2
38.3
36.3
38.3
44
45.9
42.1
44
47.8
51.6
53.5
53.5
59.3
57.4
60.25
61.675
63.1
65
61.2
65
65
68.8
66.9
65
65
66.9
65
65
68.8
68.8
68.8
70.8
70.8
68.8
66.9
70.8
68.8
65
68.8
61.2
57.4
55.5
51.6
49.7
53.5
70.8
84.2
78.4
91.8
86.1
82.2
72.7
78.4
80.3
78.4
82.2
80.3
65
70.8
82.2
72.7
59.3
68.8
68.8
72.7
70.8
63.1
88
66.9
78.4
78.4
78.4
70.8
59.3
72.7
61.2
66.9
74.6
68.8
80.3
57.4
66.9
80.3
68.8
72.7
84.2
86.1
88
76.5
78.4
74.6
42.1
44
47.8
44
45.9
47.8
44
47.8
53.5
51.6
47.8
53.5
61.2
68.8
61.2
61.2
78.4
78.4
88
93.7
96.55
99.4
99.4
107.1
126.2
110.9
133.89999
124.3
112.8
110.9
128.10001
114.8
112.8
124.3
112.8
116.7
89.9
84.2
88
93.7
109
122.4
84.2
99.4
103.3
107.1
105.2
84.2
84.2
80.3
80.3
61.2
49.7
40.2
36.3
42.1
36.3
51.6
38.3
70.8
40.2
36.3
63.1
40.2
30.6
49.7
45.9
53.5
47.8
55.5
53.5
59.3
59.3
45.9
47.8
57.4
55.5
63.1
61.2
55.5
55.5
63.1
53.5
57.4
55.5
44
59.3
57.4
63.1
57.4
68.8
59.3
66.9
49.7
55.5
51.6
40.2
32.5
24.9
21
13.4
17.2
15.3
15.3
13.4
9.6
11.5
17.2
11.5
13.4
15.3
17.2
15.3
19.1
19.1
22
23.45
24.9
24.9
28.7
30.6
28.7
30.6
30.6
34.4
36.3
47.8
47.8
53.5
55.5
59.3
61.2
59.3
59.3
68.8
61.2
72.7
68.8
61.2
72.7
66.9
65
70.8
65
63.1
70.8
70.8
93.7
76.5
57.4
61.2
55.5
59.3
57.4
56.45
55.5
55.5
53.5
57.4
59.3
51.6
44
23
40.2
42.1
45.9
47.8
49.7
57.4
57.4
49.7
45.9
47.8
55.5
57.4
59.3
53.5
59.3
65
61.2
47.8
51.6
59.3
61.2
57.4
55.5
70.8
55.5
47.8
42.1
38.3
28.7
23
24.9
13.4
9.6
7.7
7.7
7.7
5.7
9.6
5.7
5.7
5.7
7.7
9.6
9.6
7.7
11.5
11.5
11.5
14.35
15.775
17.2
19.1
17.2
24.9
21
23
23
28.7
24.9
21
32.5
32.5
36.3
34.4
34.4
28.7
36.3
34.4
32.5
47.8
61.2
57.4
44
45.9
49.7
51.6
51.6
40.2
53.5
51.6
44
40.2
44
42.1
34.4
42.1
61.2
55.5
55.5
72.7
61.2
49.7
63.1
63.1
66.9
65
55.5
61.2
55.5
53.5
59.3
51.6
57.4
57.4
47.8
51.6
57.4
45.9
53.5
55.5
40.2
47.8
49.7
70.8
45.9
40.2
45.9
86.1
70.8
61.2
68.8
61.2
57.4
40.2
34.4
24.9
21
13.4
9.6
19.1
21
13.4
21
21
24.9
7.7
7.7
5.7
5.7
7.7
9.6
9.6
9.6
11.5
13.4
14.35
15.3
23
23
26.8
38.3
36.3
28.7
36.3
47.8
32.5
44
38.3
42.1
36.3
45.9
51.6
53.5
53.5
68.8
88
93.7
70.8
72.7
80.3
63.1
66.9
68.8
74.6
66.9
97.5
93.7
76.5
65
65
45.9
57.4
57.4
53.5
63.1
59.3
57.4
51.6
68.8
66.9
65
65
74.6
95.6
84.2
76.5
61.2
88
84.2
82.2
76.5
78.4
103.3
120.5
110.9
88
82.2
95.6
109
95.6
82.2
91.8
88
91.8
84.2
97.5
101.4
65
99.4
89.9
103.3
84.2
86.1
61.2
57.4
57.4
36.3
32.5
34.4
34.4
28.7
24.9
19.1
23
30.6
36.3
28.7
28.7
36.3
32.5
39.2
42.55
45.9
59.3
61.2
82.2
82.2
74.6
70.8
116.7
101.4
116.7
84.2
97.5
109
95.6
82.2
76.5
78.4
76.5
80.3
82.2
63.1
72.7
91.8
55.5
49.7
76.5
116.7
88
78.4
89.9
97.5
74.6
101.4
114.8
154.89999
122.4
84.2
72.7
65
78.4
70.8
84.2
84.2
80.3
82.2
63.1
57.4
65
68.8
78.4
65
59.3
72.7
72.7
72.7
61.2
74.6
65
66.9
66.9
66.9
74.6
72.7
89.9
88
78.4
86.1
76.5
66.9
63.1
68.8
66.9
105.2
88
49.7
49.7
44
32.5
28.7
23
30.6
24.9
21
21
13.4
17.2
17.2
17.2
15.3
13.4
15.3
15.3
17.2
19.1
25.8
29.15
32.5
32.5
32.5
38.3
38.3
42.1
40.2
49.7
45.9
49.7
51.6
57.4
57.4
76.5
70.8
74.6
65
63.1
65
68.8
74.6
70.8
65
65
78.4
78.4
78.4
78.4
78.4
70.8
68.8
66.9
70.8
78.4
76.5
61.2
61.2
63.1
65
70.8
57.4
82.2
66.9
66.9
57.4
44
74.6
78.4
72.7
93.7
97.5
89.9
91.8
110.9
128.10001
118.6
97.5
88
89.9
86.1
89.9
84.2
89.9
97.5
103.3
110.9
151.10001
160.60001
149.2
158.7
116.7
143.39999
133.89999
168.3
139.60001
137.7
93.7
91.8
97.5
51.6
40.2
42.1
38.3
45.9
47.8
57.4
63.1
70.8
53.5
44
61.2
72.7
65
59.3
53.55
50.675
47.8
44
42.1
38.3
45.9
51.6
53.5
61.2
74.6
57.4
65
66.9
70.8
66.9
65
55.5
61.2
74.6
53.5
53.5
51.6
49.7
51.6
45.9
45.9
40.2
45.9
44
49.7
32.5
34.4
26.8
19.1
26.8
21
24.9
21
15.3
23
23
17.2
23
19.1
17.2
15.3
19.1
15.3
19.1
19.1
19.1
17.2
21
24.9
19.1
23
19.1
17.2
15.3
21
15.3
15.3
21
19.1
21
21
21
19.1
19.1
30.6
28.7
21
19.1
24.9
24.9
15.3
21
21
17.2
19.1
17.2
13.4
15.3
17.2
15.3
7.7
13.4
7.7
9.6
11.5
17.2
9.6
17.2
13.4
13.4
16.25
17.675
19.1
17.2
28.7
21
21
23
23
38.3
36.3
24.9
28.7
28.7
36.3
36.3
32.5
32.5
28.7
24.9
26.8
26.8
30.6
26.8
23
26.8
28.7
36.3
36.3
34.4
49.7
68.8
53.5
44
47.8
49.7
44
40.2
51.6
45.9
44
42.1
38.3
34.4
38.3
34.4
30.6
32.5
34.4
40.2
34.4
32.5
32.5
32.5
30.6
32.5
32.5
32.5
42.1
47.8
38.3
45.9
45.9
45.9
40.2
45.9
40.2
49.7
49.7
44
53.5
45.9
36.3
34.4
34.4
38.3
32.5
28.7
32.5
30.6
28.7
32.5
34.4
42.1
47.8
44
42.1
40.2
44
51.6
45.9
49.7
51.6
55.5
61.2
61.2
58.35
56.925
55.5
53.5
63.1
57.4
66.9
70.8
76.5
84.2
80.3
82.2
78.4
80.3
89.9
89.9
86.1
88
82.2
82.2
74.6
88
89.9
93.7
89.9
89.9
88
80.3
82.2
88
78.4
76.5
78.4
72.7
68.8
68.8
65
65
57.4
57.4
51.6
57.4
53.5
59.3
49.7
53.5
49.7
53.5
61.2
66.9
68.8
63.1
76.5
82.2
118.6
114.8
116.7
95.6
72.7
86.1
86.1
88
76.5
91.8
89.9
91.8
76.5
76.5
82.2
74.6
80.3
78.4
74.6
70.8
70.8
59.3
51.6
47.8
44
40.2
40.2
32.5
36.3
26.8
26.8
21
24.9
34.4
32.5
30.6
45.9
55.5
47.8
38.3
42.1
42.1
43.05
43.525
44
49.7
53.5
59.3
59.3
55.5
53.5
65
53.5
47.8
49.7
47.8
44
47.8
72.7
59.3
55.5
34.4
42.1
53.5
59.3
63.1
65
61.2
65
49.7
47.8
57.4
53.5
45.9
34.4
42.1
44
49.7
47.8
49.7
53.5
51.6
45.9
38.3
34.4
36.3
40.2
30.6
32.5
36.3
42.1
36.3
34.4
42.1
36.3
36.3
36.3
36.3
32.5
30.6
30.6
28.7
34.4
30.6
36.3
40.2
36.3
40.2
40.2
45.9
44
40.2
42.1
40.2
47.8
36.3
34.4
32.5
24.9
21
21
17.2
13.4
11.5
9.6
11.5
9.6
9.6
11.5
13.4
9.6
7.7
7.7
9.6
13.4
11.5
19.1
21
17.2
15.3
13.4
15.3
17.2
21
21
21
24.9
34.4
32.5
30.6
34.4
32.5
28.7
28.7
32.5
38.3
45.9
44
42.1
44
47.8
36.3
36.3
44
61.2
47.8
49.7
49.7
47.8
45.9
49.7
55.5
51.6
51.6
40.2
47.8
44
42.1
53.5
49.7
42.1
44
40.2
38.3
38.3
34.4
36.3
32.5
51.6
34.4
38.3
34.4
38.3
30.6
30.6
32.5
36.3
38.3
42.1
36.3
42.1
42.1
53.5
61.2
57.4
55.5
66.9
63.1
49.7
47.8
42.1
34.4
34.4
38.3
38.3
28.7
24.9
19.1
17.2
13.4
13.4
11.5
13.4
11.5
11.5
12.45
13.4
13.4
13.4
19.1
17.2
17.2
17.2
19.1
18.15
17.675
17.2
19.1
24.9
32.5
24.9
24.9
34.4
44
42.1
45.9
45.9
42.1
51.6
40.2
34.4
36.3
36.3
36.3
51.6
44
51.6
51.6
70.8
88
74.6
70.8
63.1
53.5
55.5
40.2
34.4
34.4
40.2
51.6
34.4
34.4
36.3
34.4
38.3
26.8
26.8
32.5
30.6
38.3
42.1
30.6
30.6
32.5
34.4
21
26.8
38.3
30.6
23
26.8
36.3
44
40.2
47.8
53.5
44
45.9
40.2
45.9
47.8
49.7
55.5
61.2
63.1
51.6
53.5
42.1
44
40.2
34.4
34.4
26.8
28.7
19.1
19.1
21
23
21
21
15.3
21
21
24.9
26.8
26.8
30.6
32.5
45.9
49.7
53.55
55.475
57.4
49.7
53.5
47.8
55.5
55.5
53.5
53.5
45.9
38.3
36.3
40.2
40.2
45.9
45.9
45.9
51.6
57.4
53.5
49.7
53.5
49.7
51.6
51.6
55.5
44
38.3
42.1
80.3
72.7
40.2
47.8
40.2
34.4
40.2
30.6
42.1
28.7
32.5
40.2
34.4
26.8
21
28.7
24.9
28.7
28.7
32.5
34.4
24.9
24.9
30.6
19.1
28.7
38.3
44
42.1
57.4
44
49.7
47.8
57.4
40.2
32.5
36.3
45.9
38.3
44
28.7
32.5
36.3
24.9
24.9
13.4
11.5
9.6
7.7
7.7
5.7
5.7
5.7
7.7
6.7
5.7
3.8
3.8
5.7
5.7
5.7
9.6
11.5
9.6
13.4
13.4
13.4
13.4
13.4
28.7
32.5
36.3
38.3
36.3
32.5
34.4
30.6
24.9
26.8
28.7
24.9
34.4
40.2
45.9
42.1
44
45.9
44
38.3
21
24.9
24.9
21
24.9
23
23
17.2
19.1
17.2
13.4
11.5
17.2
13.4
13.4
9.6
7.7
13.4
9.6
13.4
9.6
19.1
17.2
19.1
21
21
17.2
15.3
17.2
21
21
15.3
13.4
19.1
21
17.2
15.3
19.1
17.2
21
21
21
21
21
21
21
23
24.9
24.9
19.1
17.2
19.1
17.2
17.2
19.1
17.2
15.3
17.2
13.4
15.3
17.2
17.2
17.2
15.3
15.3
15.3
17.2
19.1
19.1
19.1
17.2
17.2
19.1
22.95
24.875
26.8
23
26.8
26.8
34.4
26.8
28.7
23
24.9
32.5
24.9
32.5
34.4
32.5
28.7
30.6
28.7
34.4
30.6
32.5
28.7
24.9
28.7
24.9
26.8
36.3
34.4
34.4
24.9
24.9
24.9
21
21
24.9
21
17.2
21
17.2
19.1
15.3
15.3
17.2
15.3
15.3
21
17.2
17.2
15.3
11.5
13.4
13.4
7.7
13.4
19.1
13.4
11.5
11.5
15.3
15.3
19.1
13.4
17.2
15.3
15.3
15.3
23
28.7
23
30.6
34.4
34.4
34.4
32.5
24.9
28.7
24.9
19.1
19.1
19.1
19.1
19.1
19.1
19.1
24.9
21
17.2
19.1
15.3
13.4
17.2
19.1
21
21
21
22
22.5
23
26.8
26.8
28.7
24.9
26.8
32.5
32.5
32.5
28.7
32.5
38.3
47.8
42.1
38.3
34.4
38.3
42.1
42.1
38.3
34.4
32.5
40.2
45.9
47.8
70.8
61.2
55.5
61.2
68.8
101.4
89.9
84.2
76.5
78.4
74.6
80.3
72.7
51.6
45.9
38.3
61.2
66.9
66.9
57.4
70.8
59.3
63.1
59.3
66.9
86.1
93.7
84.2
89.9
86.1
82.2
76.5
55.5
66.9
66.9
72.7
82.2
72.7
78.4
78.4
63.1
84.2
91.8
76.5
68.8
66.9
51.6
86.1
59.3
49.7
38.3
26.8
21
21
17.2
18.15
19.1
19.1
21
34.4
40.2
42.1
44
44
45.9
47.8
49.7
47.8
44
50.7
54.05
57.4
59.3
59.3
70.8
78.4
78.4
82.2
82.2
84.2
89.9
86.1
91.8
86.1
78.4
105.2
82.2
84.2
74.6
76.5
88
107.1
112.8
88
114.8
114.8
118.6
97.5
80.3
78.4
82.2
84.2
88
80.3
78.4
82.2
86.1
89.9
82.2
91.8
93.7
82.2
86.1
86.1
91.8
86.1
88
80.3
76.5
66.9
80.3
76.5
78.4
86.1
105.2
101.4
93.7
112.8
107.1
89.9
101.4
110.9
84.2
80.3
93.7
99.4
93.7
145.39999
103.3
101.4
86.1
101.4
122.4
80.3
89.9
91.8
74.6
86.1
72.7
61.2
78.4
88
80.3
70.8
68.8
68.8
72.7
72.7
74.6
80.3
80.3
78.4
84.2
89.9
84.2
89.9
92.75
95.6
107.1
118.6
137.7
114.8
128.10001
133.89999
130.10001
126.2
137.7
130.10001
130.10001
105.2
110.9
80.3
86.1
78.4
61.2
66.9
70.8
59.3
65
51.6
61.2
66.9
53.5
28.7
59.3
28.7
38.3
34.4
26.8
34.4
40.2
44
55.5
47.8
42.1
34.4
28.7
34.4
44
40.2
32.5
38.3
34.4
49.7
36.3
47.8
32.5
36.3
45.9
36.3
51.6
59.3
55.5
57.4
55.5
53.5
65
61.2
70.8
70.8
61.2
57.4
61.2
59.3
57.4
53.5
59.3
61.2
36.3
40.2
34.4
23
28.7
28.7
19.1
13.4
15.3
17.2
13.4
19.1
17.2
17.2
13.4
21
17.2
19.1
17.2
19.1
19.1
19.1
23
22
21.5
21
26.8
34.4
34.4
34.4
36.3
30.6
32.5
34.4
45.9
45.9
40.2
36.3
36.3
34.4
38.3
45.9
45.9
45.9
59.3
47.8
38.3
49.7
40.2
61.2
57.4
51.6
42.1
57.4
45.9
36.3
34.4
44
44
40.2
30.6
38.3
26.8
30.6
28.7
24.9
32.5
28.7
30.6
26.8
32.5
26.8
26.8
19.1
21
21
23
24.9
24.9
30.6
30.6
24.9
32.5
30.6
24.9
24.9
30.6
32.5
30.6
32.5
36.3
40.2
36.3
34.4
34.4
32.5
28.7
23
24.9
19.1
17.2
13.4
11.5
9.6
10.55
11.5
7.7
5.7
7.7
7.7
7.7
9.6
13.4
13.4
13.4
11.5
7.7
11.5
13.4
13.4
13.4
13.4
13.4
13.4
11.5
15.3
15.3
17.2
19.1
19.1
19.1
24.9
24.9
28.7
30.6
28.7
34.4
36.3
38.3
38.3
38.3
34.4
32.5
32.5
32.5
32.5
28.7
34.4
28.7
28.7
30.6
24.9
34.4
34.4
24.9
28.7
15.3
21
26.8
23
19.1
15.3
15.3
19.1
23
23
17.2
15.3
21
13.4
17.2
19.1
13.4
17.2
17.2
24.9
21
21
24.9
28.7
36.3
28.7
28.7
32.5
32.5
30.6
28.7
28.7
28.7
30.6
36.3
26.8
21
19.1
15.3
17.2
13.4
13.4
13.4
11.5
9.6
7.7
5.7
7.7
7.7
7.7
7.7
7.7
5.75
3.8
7.7
7.7
5.7
7.7
7.7
9.6
10.55
11.5
9.6
13.4
19.1
13.4
19.1
11.5
5.7
5.7
13.4
15.3
11.5
3.8
7.7
7.7
7.7
7.7
7.7
7.7
13.4
17.2
26.8
23
24.9
26.8
26.8
21
23
21
21
19.1
13.4
13.4
13.4
9.6
7.7
11.5
11.5
9.6
9.6
11.5
9.6
11.5
7.7
13.4
7.7
3.8
3.8
7.7
7.7
7.7
9.6
7.7
9.6
7.7
11.5
9.6
7.7
9.6
11.5
7.7
11.5
7.7
9.6
7.7
5.7
7.7
9.6
11.5
5.7
5.7
1.9
1.9
7.7
7.7
7.7
9.6
7.7
5.7
1.9
3.8
1.9
0
3.8
7.7
7.7
5.7
7.7
3.8
3.8
1.9
5.7
5.7
7.7
10.55
11.975
13.4
19.1
23
42.1
40.2
40.2
34.4
38.3
38.3
44
42.1
42.1
44
45.9
51.6
55.5
53.5
45.9
42.1
38.3
42.1
38.3
34.4
42.1
40.2
44
38.3
40.2
32.5
36.3
32.5
28.7
28.7
28.7
32.5
40.2
38.3
30.6
32.5
32.5
42.1
32.5
30.6
30.6
26.8
30.6
30.6
24.9
19.1
24.9
26.8
23
24.9
19.1
36.3
32.5
24.9
24.9
26.8
32.5
26.8
32.5
30.6
34.4
32.5
26.8
26.8
23
26.8
26.8
26.8
24.9
23
23
17.2
17.2
11.5
13.4
11.5
12.45
13.4
15.3
15.3
19.1
19.1
15.3
13.4
13.4
19.1
19.1
13.4
15.3
17.2
19.1
22.95
24.875
26.8
19.1
24.9
19.1
24.9
24.9
24.9
24.9
28.7
32.5
23
23
28.7
32.5
26.8
28.7
28.7
36.3
26.8
24.9
32.5
32.5
26.8
30.6
24.9
21
26.8
24.9
30.6
21
26.8
24.9
24.9
26.8
28.7
26.8
28.7
24.9
26.8
24.9
32.5
28.7
24.9
24.9
24.9
28.7
21
23
24.9
23
24.9
21
24.9
21
24.9
24.9
24.9
26.8
24.9
24.9
24.9
21
26.8
24.9
26.8
21
28.7
24.9
23
24.9
24.9
28.7
23
23
19.1
15.3
19.1
13.4
19.1
11.5
17.2
19.1
19.1
11.5
13.4
19.1
15.3
15.3
13.4
19.1
15.3
13.4
11.5
13.4
13.4
13.4
13.4
13.4
17.2
17.2
17.2
19.1
17.2
17.2
15.3
15.3
13.4
15.3
17.2
13.4
17.2
19.1
23
23
19.1
24.9
26.8
28.7
28.7
32.5
32.5
36.3
28.7
32.5
28.7
32.5
32.5
32.5
28.7
32.5
23.9
15.3
36.3
32.5
32.5
36.3
36.3
42.1
36.3
36.3
36.3
32.5
30.6
30.6
32.5
34.4
36.3
32.5
30.6
23
24.9
32.5
26.8
34.4
44
44
34.4
38.3
42.1
44
40.2
42.1
44
42.1
38.3
42.1
32.5
38.3
30.6
24.9
21
15.3
11.5
11.5
11.5
7.7
11.5
13.4
9.6
5.7
11.5
7.7
13.4
7.7
11.5
13.4
17.2
19.1
30.6
38.3
49.75
55.475
61.2
61.2
61.2
61.2
70.8
70.8
70.8
74.6
66.9
65
59.3
55.5
49.7
55.5
55.5
55.5
59.3
61.2
61.2
59.3
63.1
53.5
51.6
51.6
51.6
53.5
55.5
49.7
55.5
44
38.3
42.1
51.6
51.6
57.4
40.2
38.3
28.7
36.3
32.5
32.5
28.7
24.9
30.6
30.6
26.8
32.5
32.5
32.5
30.6
38.3
47.8
40.2
44
36.3
36.3
44
51.6
49.7
51.6
57.4
57.4
53.5
61.2
63.1
66.9
72.7
82.2
72.7
63.1
59.3
57.4
47.8
51.6
36.3
26.8
26.8
24.9
28.7
24.9
24.9
24.9
23
19.1
15.3
11.5
17.2
15.3
19.1
17.2
19.1
23
24.9
24.9
33.5
37.8
42.1
34.4
36.3
30.6
38.3
44
44
44
53.5
57.4
65
70.8
55.5
53.5
61.2
66.9
68.8
65
65
65
59.3
61.2
68.8
63.1
66.9
68.8
53.5
45.9
44
44
40.2
32.5
32.5
28.7
26.8
32.5
19.1
26.8
24.9
26.8
38.3
24.9
26.8
34.4
30.6
28.7
21
34.4
24.9
26.8
24.9
19.1
19.1
19.1
24.9
24.9
19.1
32.5
34.4
30.6
32.5
30.6
36.3
30.6
30.6
36.3
32.5
26.8
26.8
28.7
24.9
28.7
23
21
21
15.3
15.3
15.3
11.5
7.7
9.6
9.6
10.55
11.5
5.7
5.7
7.7
11.5
11.5
13.4
11.5
5.7
7.7
13.4
12.45
11.975
11.5
13.4
17.2
11.5
11.5
15.3
17.2
19.1
24.9
23
26.8
28.7
28.7
36.3
34.4
34.4
34.4
38.3
40.2
44
44
38.3
32.5
32.5
36.3
30.6
32.5
28.7
28.7
28.7
38.3
38.3
28.7
32.5
40.2
36.3
26.8
28.7
24.9
23
24.9
24.9
17.2
17.2
21
23
17.2
19.1
23
19.1
21
19.1
26.8
30.6
24.9
26.8
26.8
24.9
24.9
24.9
24.9
24.9
26.8
28.7
28.7
26.8
32.5
26.8
32.5
28.7
24.9
24.9
19.1
17.2
17.2
13.4
11.5
11.5
7.7
11.5
5.7
5.7
9.6
9.6
9.6
9.6
11.5
9.6
9.6
7.7
7.7
15.3
17.2
23
21.05
20.075
19.1
21
23
23
28.7
23
23
24.9
26.8
26.8
36.3
42.1
26.8
28.7
32.5
38.3
34.4
34.4
32.5
32.5
34.4
38.3
36.3
38.3
36.3
38.3
38.3
36.3
38.3
42.1
34.4
26.8
26.8
19.1
24.9
24.9
26.8
21
19.1
21
23
19.1
21
23
21
15.3
17.2
30.6
19.1
17.2
19.1
23
15.3
21
28.7
40.2
34.4
38.3
28.7
28.7
34.4
40.2
30.6
34.4
30.6
40.2
36.3
36.3
32.5
28.7
42.1
36.3
28.7
28.7
19.1
24.9
21
15.3
17.2
17.2
11.5
13.4
11.5
11.5
11.5
11.5
15.3
15.3
17.2
19.1
19.1
23
24.9
21
25.8
28.2
30.6
28.7
30.6
30.6
36.3
36.3
42.1
34.4
36.3
36.3
45.9
51.6
59.3
61.2
61.2
63.1
65
70.8
88
74.6
68.8
65
57.4
49.7
47.8
42.1
45.9
65
53.5
76.5
74.6
84.2
76.5
70.8
103.3
122.4
82.2
61.2
63.1
51.6
40.2
49.7
63.1
97.5
65
66.9
95.6
82.2
84.2
91.8
84.2
86.1
72.7
88
74.6
70.8
110.9
124.3
84.2
109
141.5
120.5
116.7
156.8
139.60001
103.3
109
116.7
110.9
93.7
66.9
61.2
72.7
84.2
72.7
66.9
63.1
59.3
44
40.2
34.4
34.4
34.4
32.5
30.6
34.4
32.5
32.5
36.3
34.4
36.3
42.1
44
40.2
39.25
38.775
38.3
44
34.4
30.6
28.7
28.7
30.6
32.5
30.6
26.8
34.4
38.3
34.4
34.4
42.1
44
49.7
44
49.7
49.7
51.6
45.9
49.7
55.5
55.5
65
63.1
63.1
59.3
49.7
30.6
30.6
26.8
24.9
24.9
19.1
19.1
19.1
19.1
23
13.4
11.5
11.5
11.5
15.3
15.3
19.1
13.4
17.2
13.4
19.1
19.1
17.2
23
23
26.8
23
26.8
26.8
36.3
47.8
45.9
40.2
49.7
47.8
47.8
44
38.3
45.9
53.5
47.8
40.2
63.1
21
11.5
13.4
11.5
9.6
9.6
5.7
7.7
3.8
0
0.95
1.9
3.8
3.8
1.9
5.7
5.7
5.7
3.8
0
1.9
1.9
1.9
1.9
1.9
1.9
7.7
17.2
15.3
11.5
21
24.9
23
23
23
23
24.9
28.7
28.7
26.8
24.9
26.8
23
24.9
24.9
24.9
30.6
28.7
24.9
34.4
24.9
34.4
30.6
38.3
36.3
44
44
49.7
53.5
55.5
49.7
49.7
44
44
53.5
44
44
40.2
40.2
40.2
42.1
53.5
53.5
49.7
47.8
53.5
55.5
57.4
53.5
59.3
63.1
63.1
72.7
59.3
63.1
65
55.5
65
65
55.5
57.4
49.7
44
80.3
42.1
36.3
32.5
32.5
23
30.6
23
13.4
11.5
11.5
7.7
11.5
9.6
5.7
7.7
11.5
9.6
7.7
7.7
11.5
11.5
15.3
11.5
13.4
14.35
15.3
21
23
24.9
23
32.5
38.3
32.5
28.7
38.3
30.6
44
38.3
40.2
40.2
47.8
44
53.5
53.5
47.8
55.5
53.5
57.4
65
55.5
65
63.1
66.9
68.8
61.2
68.8
65
70.8
76.5
74.6
72.7
66.9
65
70.8
78.4
78.4
68.8
66.9
74.6
70.8
63.1
47.8
45.9
53.5
51.6
45.9
65
65
59.3
51.6
65
78.4
72.7
55.5
57.4
76.5
78.4
82.2
70.8
82.2
84.2
84.2
114.8
84.2
68.8
55.5
57.4
42.1
36.3
24.9
24.9
19.1
15.3
17.2
13.4
17.2
15.3
23
15.3
13.4
11.5
15.3
13.4
7.7
15.3
19.1
15.3
15.3
13.4
15.3
16.25
17.2
13.4
19.1
21
28.7
30.6
36.3
19.1
21
19.1
23
15.3
26.8
30.6
24.9
23
26.8
30.6
30.6
38.3
40.2
36.3
36.3
28.7
28.7
32.5
34.4
38.3
42.1
40.2
45.9
42.1
44
45.9
47.8
38.3
36.3
42.1
55.5
47.8
53.5
57.4
55.5
53.5
57.4
55.5
47.8
42.1
36.3
36.3
34.4
26.8
34.4
26.8
21
23
30.6
30.6
32.5
40.2
38.3
55.5
49.7
44
47.8
66.9
66.9
61.2
57.4
63.1
57.4
55.5
68.8
44
34.4
23
24.9
24.9
26.8
26.8
15.3
19.1
13.4
13.4
9.6
17.2
11.5
9.6
9.6
9.6
13.4
13.4
17.2
24.9
20.1
17.7
15.3
13.4
7.7
11.5
23
28.7
23
26.8
23
23
26.8
30.6
30.6
24.9
23
19.1
28.7
36.3
30.6
40.2
40.2
49.7
44
44
44
47.8
47.8
47.8
42.1
55.5
49.7
42.1
44
42.1
40.2
45.9
53.5
47.8
47.8
40.2
47.8
40.2
45.9
40.2
40.2
51.6
51.6
38.3
44
40.2
49.7
47.8
49.7
59.3
45.9
45.9
61.2
55.5
49.7
44
45.9
57.4
55.5
49.7
53.5
49.7
65
45.9
45.9
74.6
30.6
47.8
68.8
51.6
38.3
36.3
28.7
23
17.2
17.2
19.1
15.3
11.5
13.4
13.4
15.3
11.5
11.5
13.4
19.1
17.2
23
23
19.1
23.9
26.3
28.7
30.6
61.2
51.6
34.4
40.2
44
45.9
55.5
49.7
55.5
65
65
66.9
55.5
61.2
42.1
30.6
34.4
59.3
76.5
53.5
61.2
59.3
63.1
57.4
47.8
45.9
45.9
47.8
51.6
49.7
59.3
55.5
53.5
84.2
82.2
78.4
95.6
74.6
68.8
72.7
53.5
57.4
47.8
53.5
66.9
72.7
53.5
40.2
47.8
45.9
53.5
61.2
51.6
40.2
38.3
55.5
47.8
40.2
49.7
82.2
74.6
66.9
74.6
93.7
68.8
72.7
76.5
78.4
80.3
68.8
74.6
68.8
78.4
93.7
57.4
68.8
72.7
61.2
44
42.1
40.2
44
40.2
40.2
36.3
38.3
49.7
40.2
38.3
34.4
32.5
40.2
42.1
43.05
44
44
53.5
51.6
45.9
53.5
65
61.2
59.3
53.5
59.3
66.9
70.8
57.4
65
57.4
57.4
66.9
63.1
55.5
47.8
55.5
63.1
66.9
68.8
82.2
61.2
66.9
61.2
70.8
76.5
74.6
84.2
84.2
82.2
88
80.3
66.9
82.2
68.8
59.3
80.3
61.2
55.5
49.7
47.8
66.9
91.8
66.9
51.6
65
57.4
57.4
49.7
53.5
61.2
45.9
51.6
65
55.5
68.8
44
59.3
47.8
65
51.6
49.7
32.5
44
53.5
47.8
34.4
38.3
38.3
34.4
42.1
38.3
28.7
23
38.3
23
23
24.9
28.7
23
26.8
24.9
28.7
26.8
24.9
24.9
34.4
34.4
36.3
43.95
47.775
51.6
51.6
51.6
49.7
55.5
65
57.4
61.2
51.6
61.2
55.5
59.3
59.3
65
61.2
70.8
68.8
61.2
61.2
68.8
66.9
57.4
66.9
74.6
61.2
59.3
65
61.2
63.1
61.2
82.2
61.2
66.9
70.8
57.4
47.8
68.8
53.5
49.7
49.7
55.5
49.7
45.9
36.3
47.8
47.8
61.2
65
53.5
51.6
63.1
44
59.3
53.5
66.9
74.6
66.9
66.9
84.2
105.2
137.7
156.8
195.10001
164.5
164.5
158.7
210.39999
221.89999
315.60001
229.5
162.60001
175.89999
179.8
133.89999
135.8
130.10001
103.3
99.4
91.8
76.5
78.4
72.7
72.7
78.4
68.8
74.6
66.9
68.8
59.3
68.8
68.8
70.8
70.8
82.2
81.25
80.775
80.3
74.6
95.6
99.4
122.4
110.9
118.6
103.3
120.5
114.8
105.2
107.1
118.6
122.4
126.2
135.8
143.39999
254.39999
183.60001
162.60001
162.60001
158.7
166.39999
191.3
189.3
189.3
164.5
208.5
239.10001
183.60001
158.7
130.10001
112.850005
104.2250025
95.6
80.3
63.1
59.3
51.6
44
47.8
45.9
42.1
61.2
72.7
65
59.3
49.7
44
44
53.5
59.3
63.1
68.8
84.2
76.5
76.5
72.7
80.3
82.2
84.2
86.1
86.1
82.2
93.7
97.5
103.3
95.6
118.6
103.3
154.89999
84.2
93.7
91.8
91.8
99.4
114.8
59.3
44
38.3
40.2
40.2
26.8
28.7
23
19.1
17.2
19.1
17.2
19.1
19.1
30.6
30.6
24.9
28.7
30.6
32.5
45.9
40.2
17.2
19.1
17.2
19.1
23
21
21
19.1
21
24.9
19.1
19.1
24.9
11.5
13.4
19.1
21
24.9
23
21
17.2
17.2
11.5
17.2
23
17.2
26.8
21
24.9
30.6
28.7
34.4
49.7
45.9
28.7
26.8
28.7
38.3
38.3
38.3
42.1
34.4
36.3
38.3
32.5
36.3
30.6
26.8
28.7
36.3
44
44
42.1
59.3
42.1
38.3
59.3
47.8
78.4
72.7
42.1
51.6
80.3
51.6
51.6
47.8
80.3
55.5
65
63.1
72.7
88
97.5
65
72.7
53.5
55.5
55.5
55.5
53.5
40.2
45.9
47.8
40.2
45.9
47.8
49.7
42.1
47.8
47.8
44
44
44
44
49.7
49.7
59.3
59.3
63.1
72.7
80.3
76.5
89.9
86.1
97.5
101.4
112.8
101.4
101.4
99.4
109
91.8
110.9
86.1
82.2
61.2
49.7
57.4
53.5
61.2
74.6
61.2
53.5
42.1
40.2
32.5
30.6
32.5
40.2
61.2
70.8
53.5
55.5
47.8
44
51.6
40.2
45.9
55.5
40.2
44
36.3
30.6
42.1
47.8
44
51.6
57.4
53.5
53.5
55.5
47.8
42.1
42.1
47.8
40.2
42.1
51.6
42.1
34.4
47.8
44
34.4
34.4
32.5
59.3
21
21
15.3
17.2
15.3
15.3
17.2
11.5
7.7
9.6
9.6
9.6
7.7
5.7
9.6
7.7
7.7
13.4
7.7
15.3
17.2
19.1
20.05
21
28.7
28.7
34.4
38.3
30.6
34.4
38.3
40.2
42.1
40.2
47.8
47.8
40.2
47.8
51.6
53.5
61.2
51.6
65
53.5
59.3
59.3
59.3
59.3
68.8
63.1
70.8
70.8
74.6
76.5
86.1
70.8
78.4
80.3
82.25
83.225
84.2
86.1
78.4
82.2
82.2
80.3
82.2
84.2
70.8
76.5
76.5
80.3
65
63.1
61.2
59.3
68.8
66.9
72.7
72.7
72.7
68.8
70.8
61.2
66.9
59.3
53.5
49.7
47.8
51.6
49.7
45.9
55.5
63.1
82.2
44
51.6
44
30.6
32.5
30.6
26.8
26.8
24.9
26.8
24.9
30.6
24.9
24.9
24.9
38.3
42.1
28.7
23
45.9
34.4
57.4
48.8
44.5
40.2
34.4
34.4
44
57.4
51.6
65
53.5
68.8
72.7
70.8
82.2
72.7
66.9
55.5
57.4
63.1
70.8
80.3
89.9
97.5
68.8
63.1
61.2
59.3
57.4
66.9
82.2
112.8
145.39999
78.4
74.6
78.4
88
72.7
70.8
78.4
72.7
82.2
76.5
93.7
105.2
80.3
80.3
89.9
82.2
80.3
78.4
84.2
72.7
80.3
76.5
72.7
72.7
63.1
66.9
68.8
68.8
74.6
74.6
88
105.2
78.4
82.2
84.2
128.10001
122.4
99.4
97.5
95.6
105.2
70.8
63.1
65
63.1
38.3
28.7
19.1
24.9
23
24.9
23
21
21
19.1
21
21
26.8
21
32.5
34.4
40.2
45.9
32.5
39.2
42.55
45.9
38.3
44
45.9
42.1
49.7
40.2
45.9
49.7
57.4
63.1
68.8
65
59.3
59.3
61.2
57.4
57.4
65
65
61.2
70.8
65
53.5
55.5
61.2
63.1
68.8
63.1
59.3
55.5
57.4
40.2
44
42.1
45.9
44
38.3
28.7
26.8
26.8
13.4
17.2
13.4
17.2
11.5
13.4
11.5
11.5
11.5
17.2
13.4
7.7
11.5
13.4
23
17.2
17.2
19.1
19.1
23
19.1
23
17.2
19.1
17.2
23
19.1
15.3
15.3
15.3
15.3
15.3
11.5
7.7
5.7
15.3
17.2
19.1
13.4
21
17.2
19.1
15.3
15.3
23
13.4
9.6
1.9
5.7
5.7
5.7
9.6
7.7
15.35
19.175
23
30.6
23
23
26.8
30.6
36.3
30.6
42.1
34.4
34.4
45.9
51.6
38.3
40.2
72.7
51.6
72.7
72.7
72.7
61.2
76.5
66.9
76.5
84.2
88
65
49.7
72.7
76.5
97.5
95.6
84.2
101.4
97.5
88
95.6
78.4
65
63.1
66.9
65
80.3
68.8
61.2
68.8
78.4
74.6
66.9
82.2
59.3
53.5
53.5
57.4
55.5
51.6
51.6
51.6
51.6
66.9
80.3
97.5
74.6
82.2
76.5
99.4
88
103.3
88
68.8
91.8
76.5
80.3
70.8
61.2
66.9
76.5
55.5
49.7
49.7
49.7
55.5
65
51.6
55.5
51.6
49.7
51.6
53.5
55.5
59.3
55.5
55.5
68.8
62.15
58.825
55.5
61.2
65
76.5
70.8
63.1
66.9
72.7
74.6
59.3
53.5
51.6
53.5
49.7
47.8
47.8
53.5
51.6
49.7
47.8
51.6
51.6
45.9
47.8
45.9
49.7
49.7
53.5
53.5
53.5
53.5
49.7
44
47.8
55.5
47.8
42.1
30.6
30.6
28.7
28.7
28.7
21
23
26.8
23
28.7
24.9
23
26.8
23
40.2
49.7
51.6
47.8
47.8
47.8
47.8
49.7
72.7
78.4
51.6
49.7
55.5
47.8
53.5
51.6
57.4
55.5
51.6
51.6
45.9
40.2
30.6
38.3
42.1
42.1
42.1
42.1
38.3
40.2
36.3
32.5
36.3
38.3
34.4
40.2
38.3
42.1
38.3
45.9
44
38.3
47.8
53.55
56.425
59.3
57.4
53.5
44
55.5
57.4
61.2
61.2
61.2
61.2
61.2
59.3
63.1
68.8
68.8
65
57.4
57.4
70.8
68.8
63.1
59.3
63.1
57.4
45.9
42.1
34.4
38.3
38.3
34.4
30.6
32.5
28.7
40.2
26.8
28.7
32.5
32.5
30.6
24.9
24.9
24.9
23
26.8
26.8
23
17.2
23
24.9
17.2
17.2
13.4
23
28.7
28.7
28.7
19.1
26.8
34.4
32.5
32.5
28.7
21
28.7
24.9
17.2
19.1
19.1
21
19.1
17.2
17.2
23
15.3
13.4
15.3
9.6
7.7
9.6
5.7
9.6
5.7
5.7
5.7
5.7
7.7
7.7
9.6
15.3
11.5
13.4
13.4
21
17.2
19.1
20.05
21
28.7
32.5
34.4
30.6
34.4
28.7
24.9
21
21
24.9
28.7
34.4
38.3
34.4
34.4
32.5
42.1
34.4
36.3
49.7
45.9
45.9
36.3
42.1
44
45.9
42.1
49.7
32.5
57.4
51.6
49.7
53.5
44
49.7
49.7
53.5
55.5
53.5
63.1
66.9
63.1
63.1
63.1
63.1
63.1
59.3
65
55.5
57.4
57.4
76.5
76.5
86.1
68.8
70.8
66.9
65
80.3
74.6
78.4
66.9
68.8
57.4
72.7
55.5
49.7
49.7
51.6
42.1
84.2
66.9
42.1
36.3
34.4
21
21
17.2
11.5
5.7
9.6
11.5
11.5
11.5
9.6
9.6
11.5
11.5
11.5
7.7
11.5
11.5
13.4
15.3
16.25
17.2
17.2
21
17.2
19.1
21
24.9
30.6
30.6
28.7
28.7
28.7
32.5
38.3
34.4
36.3
42.1
49.7
51.6
59.3
49.7
59.3
63.1
49.7
55.5
51.6
61.2
65
57.4
72.7
65
59.3
66.9
66.9
70.8
63.1
66.9
68.8
63.1
47.8
49.7
55.5
51.6
40.2
42.1
53.5
44
45.9
42.1
47.8
38.3
40.2
42.1
47.8
53.5
61.2
53.5
59.3
55.5
63.1
63.1
76.5
66.9
57.4
59.3
53.5
59.3
51.6
45.9
66.9
53.5
42.1
38.3
30.6
19.1
17.2
17.2
7.7
9.6
9.6
9.6
11.5
7.7
7.7
7.7
13.4
11.5
17.2
11.5
13.4
19.1
17.2
17.2
28.7
31.55
32.975
34.4
40.2
45.9
55.5
51.6
53.5
55.5
65
53.5
55.5
57.4
57.4
61.2
65
63.1
65
68.8
70.8
72.7
74.6
70.8
78.4
80.3
76.5
78.4
78.4
72.7
91.8
80.3
89.9
122.4
82.2
99.4
78.4
95.6
89.9
76.5
76.5
82.2
74.6
91.8
78.4
80.3
76.5
78.4
70.8
72.7
70.8
63.1
61.2
72.7
68.8
57.4
57.4
57.4
66.9
55.5
61.2
53.5
51.6
51.6
51.6
51.6
42.1
42.1
42.1
61.2
55.5
53.5
38.3
63.1
84.2
36.3
32.5
32.5
24.9
21
23
26.8
19.1
17.2
19.1
17.2
15.3
15.3
19.1
19.1
24.9
21
26.8
30.6
36.3
36.3
36.3
39.2
40.65
42.1
47.8
51.6
49.7
53.5
53.5
53.5
53.5
59.3
57.4
78.4
89.9
82.2
89.9
65
63.1
68.8
74.6
63.1
76.5
74.6
78.4
80.3
82.2
86.1
78.4
78.4
84.2
70.8
70.8
70.8
66.9
80.3
84.2
68.8
65
70.8
68.8
68.8
68.8
65
70.8
61.2
59.3
59.3
59.3
68.8
65
49.7
47.8
45.9
45.9
38.3
42.1
42.1
47.8
49.7
45.9
47.8
51.6
51.6
47.8
47.8
45.9
53.5
65
66.9
86.1
97.5
107.1
84.2
80.3
91.8
95.6
97.5
74.6
78.4
76.5
57.4
68.8
74.6
74.6
65
61.2
59.3
61.2
63.1
63.1
59.3
61.2
57.4
55.5
59.3
74.6
71.7
70.25
68.8
84.2
53.5
76.5
51.6
65
57.4
49.7
63.1
84.2
53.5
44
55.5
59.3
61.2
70.8
68.8
63.1
70.8
68.8
74.6
65
61.2
82.2
99.4
91.8
99.4
103.3
105.2
110.9
114.8
101.4
89.9
120.5
143.39999
120.5
105.2
105.2
130.10001
101.4
109
124.3
88
91.8
114.8
103.3
97.5
97.5
88
76.5
89.9
91.8
80.3
80.3
88
86.1
80.3
89.9
112.8
135.8
177.89999
151.10001
160.60001
160.60001
139.60001
130.10001
162.60001
168.3
208.5
170.2
130.10001
80.3
70.8
78.4
109
89.9
57.4
70.8
68.8
72.7
66.9
59.3
53.5
57.4
55.5
66.9
66.9
72.7
80.3
74.6
74.6
78.4
89.9
89.9
88
87.05
86.1
86.1
93.7
93.7
89.9
80.3
74.6
76.5
76.5
80.3
82.2
80.3
82.2
76.5
78.4
78.4
80.3
70.8
74.6
70.8
76.5
72.7
70.8
70.8
76.5
70.8
65
59.3
70.8
61.2
61.2
61.2
66.9
68.8
47.8
55.5
38.3
32.5
28.7
30.6
30.6
23
21
24.9
30.6
24.9
28.7
24.9
30.6
30.6
32.5
24.9
24.9
19.1
19.1
19.1
24.9
23
19.1
19.1
19.1
19.1
17.2
17.2
15.3
15.3
15.3
15.3
15.3
17.2
19.1
13.4
9.6
7.7
17.2
11.5
9.6
11.5
9.6
7.7
9.6
9.6
13.4
15.3
15.3
19.1
17.2
11.5
13.4
19.1
19.1
15.3
13.4
13.4
23.9
29.15
34.4
38.3
36.3
44
42.1
36.3
34.4
44
65
63.1
59.3
63.1
105.2
93.7
78.4
74.6
78.4
86.1
82.2
99.4
82.2
74.6
72.7
82.2
72.7
70.8
78.4
82.2
88
80.3
82.2
84.2
80.3
80.3
80.3
80.3
76.5
88
74.6
66.9
66.9
65
59.3
65
65
61.2
65
65
65
61.2
63.1
55.5
61.2
57.4
55.5
55.5
44
57.4
45.9
45.9
49.7
59.3
55.5
51.6
51.6
47.8
49.7
49.7
53.5
44
44
38.3
38.3
36.3
42.1
34.4
28.7
24.9
23
23
23
21
24.9
26.8
21
30.6
32.5
44
40.2
40.2
38.3
44
34.4
45.9
38.25
34.425
30.6
28.7
26.8
32.5
17.2
19.1
21
23
19.1
19.1
17.2
21
21
23
23
23
23
24.9
24.9
26.8
28.7
34.4
40.2
40.2
44
47.8
42.1
44
40.2
40.2
36.3
28.7
26.8
28.7
30.6
34.4
34.4
36.3
40.2
38.3
40.2
44
44
45.9
45.9
34.4
38.3
36.3
40.2
49.7
55.5
61.2
70.8
74.6
66.9
76.5
68.8
93.7
149.2
107.1
91.8
99.4
97.5
132
112.8
91.8
82.2
74.6
80.3
76.5
88
89.9
93.7
74.6
66.9
30.6
24.9
21
19.1
13.4
13.4
17.2
15.3
13.4
15.3
13.4
15.3
15.3
23
21
19.1
15.3
19.1
23
22
21.5
21
32.5
30.6
32.5
28.7
34.4
38.3
42.1
42.1
45.9
49.7
47.8
51.6
55.5
45.9
45.9
53.5
47.8
57.4
63.1
51.6
57.4
57.4
53.5
51.6
65
63.1
68.8
74.6
65
65
66.9
57.4
63.1
66.9
57.4
57.4
53.5
57.4
55.5
63.1
72.7
66.95
64.075
62.6375
61.91875
61.559375
61.3796875
61.28984375
61.244921875
61.2224609375
61.21123046875
61.205615234375
61.2028076171875
61.2014038085938
61.2007019042969
61.2003509521484
61.2001754760742
61.2000877380371
61.2000438690186
61.2000219345093
61.2000109672546
61.2000054836273
61.2000027418137
61.2000013709068
61.2000006854534
61.2000003427267
61.2000001713634
61.2000000856817
61.2000000428408
61.2000000214204
61.2000000107102
61.2000000053551
61.2000000026776
61.2000000013388
61.2000000006694
61.2000000003347
61.2000000001673
61.2000000000837
61.2000000000418
61.2000000000209
61.2000000000105
61.2000000000052
61.2000000000026
61.2000000000013
61.2000000000007
61.2000000000003
61.2000000000002
61.2000000000001
61.2
61.2
61.2
61.2
61.2
61.2
61.2
61.2
61.2
61.2
61.2
65
66.9
61.2
63.1
65
61.2
59.3
59.3
57.4
65
63.1
65
57.4
63.1
63.1
68.8
63.1
65
70.8
65
72.7
74.6
74.6
70.8
74.6
72.7
74.6
74.6
74.6
68.8
65
72.7
66.9
70.8
65
68.8
65
63.1
65
63.1
61.2
57.4
63.1
66.9
57.4
57.4
63.1
65
66.9
66.9
63.1
65
61.2
61.2
63.1
61.2
59.3
66.9
61.2
61.2
61.2
59.3
61.2
53.5
66.9
66.9
66.9
65
59.3
59.3
61.2
59.3
57.4
59.3
57.4
65
72.7
91.8
91.8
89.9
82.2
95.6
97.5
114.8
105.2
101.4
99.4
99.4
109
124.3
132.9
137.2
141.5
122.4
124.3
149.2
141.5
162.60001
130.10001
145.39999
179.8
170.2
149.2
164.5
170.2
162.60001
154.89999
179.8
149.2
137.7
153
130.10001
128.10001
122.4
128.10001
126.2
132
133.89999
149.2
114.8
95.6
105.2
118.6
133.89999
99.4
101.4
97.5
82.2
70.8
66.9
65
72.7
65
49.7
45.9
61.2
53.5
42.1
66.9
49.7
59.3
63.1
61.2
74.6
65
59.3
61.2
57.4
49.7
63.1
63.1
65
65
66.9
88
103.3
124.3
139.60001
126.2
118.6
97.5
97.5
93.7
86.1
110.9
86.1
91.8
89.9
95.6
93.7
93.7
99.4
97.5
93.7
86.1
95.6
76.5
89.9
91.8
93.7
99.4
91.8
84.2
97.5
95.6
105.2
101.35
99.425
97.5
89.9
89.9
107.1
120.5
132
118.6
137.7
162.60001
130.10001
143.39999
168.3
168.3
147.3
160.60001
147.3
175.89999
141.5
132
133.89999
151.10001
154.89999
156.8
118.6
101.4
89.9
91.8
107.1
88
88
88
80.3
72.7
76.5
80.3
88
74.6
82.2
65
65
57.4
55.5
63.1
49.7
68.8
59.3
59.3
53.5
51.6
53.5
59.3
57.4
55.5
53.5
55.5
51.6
44
59.3
59.3
53.5
53.5
49.7
55.5
53.5
45.9
45.9
45.9
44
44
36.3
36.3
30.6
32.5
23
21
19.1
11.5
11.5
7.7
9.6
5.7
7.7
7.7
7.7
7.7
7.7
7.7
11.5
7.7
5.7
7.7
9.6
11.5
15.3
16.25
16.725
17.2
26.8
36.3
42.1
36.3
32.5
42.1
47.8
42.1
34.4
26.8
26.8
24.9
21
28.7
30.6
28.7
26.8
26.8
24.9
21
19.1
21
23
26.8
42.1
44
49.7
53.5
53.5
47.8
44
42.1
40.2
42.1
36.3
44
40.2
42.1
42.1
42.1
38.3
38.3
30.6
30.6
26.8
26.8
15.3
17.2
17.2
15.3
23
30.6
30.6
26.8
26.8
26.8
24.9
28.7
26.8
28.7
32.5
30.6
44
51.6
44
38.3
30.6
21
17.2
15.3
23
9.6
9.6
28.7
24.9
28.7
24.9
24.9
15.3
23
21
23
17.2
19.1
23
23
24.9
36.3
38.3
40.2
34.4
45.9
47.8
47.8
47.8
47.8
53.5
59.3
65
59.3
61.2
61.2
55.5
61.2
70.8
80.3
74.6
70.8
97.5
93.7
80.3
70.8
70.8
68.8
93.7
101.4
120.5
112.8
103.3
95.6
116.7
105.2
93.7
103.3
116.7
128.10001
101.4
132
109
120.5
105.2
112.8
84.2
95.6
78.4
76.5
70.8
82.2
72.7
68.8
68.8
70.8
65
66.9
66.9
72.7
70.8
59.3
42.1
61.2
72.7
70.8
76.5
72.7
65
82.2
84.2
68.8
68.8
80.3
72.7
61.2
55.5
57.4
57.4
57.4
55.5
55.5
61.2
59.3
61.2
61.2
63.1
59.3
55.5
55.5
59.3
57.4
59.3
57.4
63.1
65
66.9
66.9
72.7
70.8
80.3
74.6
72.7
75.55
76.975
78.4
72.7
68.8
66.9
68.8
70.8
68.8
74.6
72.7
70.8
74.6
78.4
72.7
80.3
76.5
74.6
68.8
68.8
65
59.3
51.6
57.4
63.1
70.8
74.6
68.8
68.8
59.3
61.2
72.7
76.5
88
93.7
82.2
65
72.7
55.5
47.8
63.1
74.6
68.8
32.5
49.7
76.5
74.6
74.6
70.8
70.8
65
70.8
80.3
72.7
72.7
74.6
78.4
74.6
72.7
84.2
72.7
93.7
84.2
66.9
78.4
82.2
114.8
101.4
89.9
101.4
95.6
97.5
103.3
63.1
66.9
49.7
42.1
32.5
40.2
45.9
55.5
51.6
51.6
47.8
42.1
49.7
42.1
32.5
34.4
47.8
47.8
57.4
44
42.1
32.5
53.5
50.65
49.225
47.8
51.6
53.5
57.4
61.2
72.7
89.9
89.9
91.8
99.4
91.8
110.9
109
86.1
84.2
95.6
88
110.9
116.7
109
97.5
114.8
118.6
109
112.8
110.9
112.8
110.9
122.4
112.8
110.9
126.2
122.4
118.6
110.9
114.8
107.1
97.5
95.6
91.8
80.3
84.2
110.9
91.8
84.2
84.2
118.6
91.8
93.7
95.6
97.5
95.6
84.2
93.7
84.2
76.5
88
59.3
59.3
63.1
66.9
70.8
74.6
72.7
78.4
78.4
76.5
72.7
68.8
68.8
59.3
59.3
66.9
61.2
63.1
51.6
57.4
49.7
53.5
51.6
36.3
47.8
53.5
42.1
40.2
47.8
49.7
44
38.3
38.3
34.4
42.1
40.2
55.5
59.3
61.2
63.1
53.5
49.7
55.5
61.2
70.8
65
61.2
68.8
63.1
61.2
51.6
68.8
68.8
65
70.8
74.6
72.7
70.8
80.3
74.6
68.8
68.8
78.4
82.2
76.5
80.3
91.8
78.4
84.2
82.2
72.7
74.6
76.5
76.5
93.7
78.4
88
95.6
66.9
61.2
57.4
63.1
70.8
76.5
86.1
82.2
84.2
57.4
59.3
55.5
59.3
53.5
55.5
55.5
57.4
65
65
55.5
66.9
68.8
63.1
68.8
78.4
76.5
72.7
82.2
93.7
91.8
86.1
89.9
95.6
88
84.2
89.9
93.7
80.3
84.2
76.5
65
63.1
61.2
63.1
72.7
61.2
59.3
61.2
63.1
65
65
61.2
55.5
59.3
70.8
72.7
73.65
74.6
89.9
88
93.7
93.7
95.6
91.8
97.5
103.3
97.5
110.9
107.1
109
103.3
118.6
109
124.3
124.3
118.6
116.7
139.60001
130.10001
120.5
166.39999
116.7
126.2
109
114.8
101.4
126.2
95.6
84.2
82.2
82.2
93.7
93.7
99.4
68.8
63.1
63.1
65
57.4
49.7
59.3
78.4
72.7
89.9
76.5
86.1
88
74.6
74.6
82.2
78.4
80.3
76.5
76.5
76.5
70.8
72.7
74.6
68.8
68.8
61.2
59.3
72.7
74.6
74.6
68.8
63.1
65
68.8
80.3
61.2
59.3
51.6
55.5
51.6
38.3
30.6
40.2
28.7
23
21
19.1
24.9
21
26.8
19.1
30.6
28.7
34.4
30.6
26.8
30.6
32.5
34.4
38.3
42.1
45.9
49.7
47.8
40.2
49.7
74.6
61.2
55.5
49.7
53.5
63.1
53.5
45.9
47.8
42.1
47.8
59.3
65
65
61.2
78.4
68.8
66.9
76.5
68.8
72.7
74.6
80.3
65
70.8
70.8
68.8
66.9
53.5
47.8
51.6
44
42.1
36.3
44
34.4
44
42.1
32.5
49.7
36.3
44
28.7
40.2
47.8
59.3
65
59.3
66.9
63.1
63.1
66.9
78.4
74.6
72.7
66.9
72.7
72.7
74.6
76.5
76.5
82.2
57.4
49.7
42.1
42.1
40.2
28.7
21
26.8
15.3
11.5
9.6
11.5
7.7
9.6
7.7
11.5
5.7
7.7
5.7
5.7
7.7
7.7
9.6
11.5
13.4
14.35
15.3
21
23
23
28.7
28.7
26.8
30.6
34.4
36.3
36.3
34.4
38.3
44
49.7
65
53.5
61.2
57.4
63.1
59.3
59.3
65
53.5
51.6
55.5
57.4
59.3
61.2
59.3
68.8
59.3
63.1
74.6
70.8
68.8
63.1
59.3
55.5
57.4
59.3
63.1
57.4
55.5
49.7
49.7
59.3
61.2
66.9
51.6
49.7
49.7
59.3
61.2
49.7
40.2
51.6
38.3
44
45.9
44
57.4
68.8
89.9
70.8
53.5
66.9
103.3
78.4
63.1
42.1
70.8
76.5
76.5
57.4
51.6
57.4
51.6
57.4
53.5
55.5
55.5
53.5
57.4
55.5
57.4
66.9
63.1
80.3
63.1
68.8
68.8
70.8
72.7
71.75
71.275
70.8
74.6
76.5
72.7
70.8
86.1
109
74.6
74.6
78.4
93.7
80.3
95.6
101.4
105.2
99.4
91.8
110.9
86.1
95.6
103.3
128.10001
118.6
101.4
124.3
110.9
118.6
105.2
89.9
86.1
84.2
114.8
110.9
120.5
130.10001
120.5
88
82.2
84.2
80.3
78.4
88
93.7
88
93.7
86.1
76.5
78.4
74.6
76.5
78.4
76.5
88
86.1
82.2
72.7
78.4
80.3
84.2
88
84.2
93.7
80.3
78.4
63.1
76.5
82.2
68.8
66.9
84.2
78.4
78.4
63.1
57.4
59.3
76.5
72.7
53.5
57.4
66.9
57.4
63.1
61.2
65
63.1
59.3
61.2
57.4
59.3
63.1
61.2
63.1
66.9
72.7
79.4
82.75
86.1
86.1
95.6
88
93.7
107.1
105.2
109
110.9
109
116.7
114.8
107.1
109
116.7
118.6
109
112.8
110.9
109
126.2
124.3
135.8
132
124.3
120.5
122.4
116.7
120.5
114.8
116.7
122.4
76.5
88
70.8
59.3
66.9
53.5
49.7
49.7
49.7
40.2
40.2
42.1
51.6
57.4
45.9
45.9
47.8
47.8
55.5
49.7
53.5
63.1
68.8
66.9
70.8
78.4
74.6
74.6
86.1
78.4
84.2
89.9
82.2
88
97.5
95.6
84.2
74.6
70.8
74.6
68.8
55.5
55.5
49.7
45.9
40.2
40.2
42.1
38.3
34.4
36.3
32.5
28.7
26.8
26.8
21
19.1
21
17.2
17.2
19.1
19.1
17.2
16.25
15.3
13.4
13.4
13.4
11.5
13.4
15.3
19.1
23
24.9
23
23
24.9
30.6
23
21
21
23
34.4
34.4
40.2
47.8
53.5
51.6
47.8
49.7
49.7
49.7
74.6
66.9
68.8
61.2
61.2
55.5
61.2
65
65
64.05
63.575
63.3375
63.1
82.2
78.4
91.8
97.5
91.8
88
91.8
93.7
78.4
76.5
63.1
88
101.4
89.9
93.7
89.9
116.7
105.2
101.4
59.3
44
53.5
47.8
34.4
42.1
47.8
42.1
78.4
112.8
95.6
78.4
49.7
45.9
26.8
13.4
36.3
32.5
28.7
23
19.1
17.2
17.2
11.5
13.4
11.5
7.7
7.7
17.2
9.6
7.7
15.3
11.5
15.3
16.25
16.725
17.2
17.2
17.2
24.9
23
23
28.7
30.6
30.6
30.6
30.6
30.6
32.5
36.3
36.3
42.1
40.2
45.9
40.2
42.1
40.2
42.1
42.1
45.9
36.3
44
45.9
51.6
47.8
51.6
42.1
51.6
45.9
51.6
55.5
55.5
40.2
47.8
55.5
57.4
51.6
45.9
49.7
53.5
49.7
44
51.6
61.2
47.8
49.7
51.6
47.8
38.3
47.8
59.3
68.8
63.1
59.3
53.5
53.5
65
66.9
65
66.9
76.5
78.4
66.9
72.7
68.8
63.1
55.5
51.6
51.6
57.4
51.6
40.2
36.3
32.5
28.7
28.7
23
21
11.5
15.3
13.4
15.3
15.3
17.2
15.3
17.2
21
17.2
17.2
15.3
20.1
22.5
24.9
24.9
30.6
34.4
30.6
42.1
47.8
49.7
45.9
55.5
51.6
53.5
57.4
59.3
68.8
63.1
66.9
68.8
66.9
66.9
63.1
68.8
70.8
76.5
80.3
80.3
91.8
84.2
80.3
86.1
95.6
84.2
76.5
86.1
70.8
72.7
70.8
74.6
68.8
68.8
72.7
68.8
68.8
76.5
76.5
68.8
70.8
78.4
82.2
66.9
76.5
72.7
70.8
76.5
74.6
80.3
74.6
74.6
91.8
74.6
89.9
80.3
76.5
80.3
82.2
70.8
72.7
68.8
68.8
74.6
78.4
70.8
80.3
78.4
76.5
59.3
49.7
45.9
40.2
38.3
34.4
32.5
32.5
30.6
26.8
30.6
36.3
36.3
44
38.3
44
45.9
36.3
47.8
47.8
47.8
47.8
55.5
51.6
47.8
49.7
61.2
61.2
63.1
59.3
65
68.8
76.5
76.5
80.3
76.5
82.2
86.1
86.1
86.1
76.5
74.6
86.1
95.6
95.6
86.1
86.1
80.3
89.9
86.1
93.7
74.6
88
91.8
72.7
82.2
82.2
84.2
84.2
80.3
80.3
72.7
72.7
66.9
78.4
89.9
86.1
68.8
65
55.5
53.5
61.2
86.1
95.6
88
89.9
74.6
72.7
97.5
95.6
93.7
91.8
88
89.9
95.6
89.9
97.5
95.6
91.8
99.4
89.9
86.1
76.5
78.4
80.3
68.8
74.6
68.8
61.2
57.4
57.4
59.3
61.2
55.5
53.5
49.7
47.8
51.6
53.5
51.6
47.8
55.5
59.3
76.5
63.1
66.95
68.875
70.8
82.2
74.6
