"x"
70.525
75.5375
71.475
67.4125
40.6375
36.3125
40.1625
34.425
32.275
33.9375
22.475
28.284375
38.5
31.8
45.65
46.6125
49.95
50.9125
29.65
31.0875
45.1875
60.225
51.875
72.56875
76.0375
90.1125
80.325
71.95
59.775
51.6375
52.825
43.275
49.7375
54.7375
56.9
50.39375
59.275
63.3625
64.3
28.4625
14.5875
19.675
28.179296875
16.975
32.9875
21.0375
22
30.125
21.0375
25.575
43.2625
44.0125
35.8625
38.975
46.3625
44
58.5625
66.2125
56.4125
72.965625
49.4875
47.575
36.5625
29.675
39.9375
53.0375
54.4875
47.1
31.5625
21.9875
17.5625
32.63125
69.10000125
123.11250125
131.5000025
101.3625025
79.125
60.63984375
68.1375
96.1125
82.7125
39.6875
22.475
65.325
64.325
71
38.5
59.2875
62.15
50.6625
60.25
55.7125
74.35
67.4
76.0125
123.19062375
147.02500375
137.4750025
145.60000375
91.1
56.175
44.6875
38.5
48.775
75.7875
72.6875
64.0625
81.515625
95.3875
116.67499875
73.3875
51.625
61.9
74.3375
63.3375
55.7125
71.725
73.375
45.9125
36.93125
59.775
60.725
24.625
30.35
39.45
42.775
38.9625
45.425
41.6125
31.5625
54.7375
74.065625
102.8
88.9375
103.025
89.65000125
86.55
72.2
81.7625
100.4125
142.23749875
100.1875
45.6625
40.153125
66.9375
84.4
52.35
59.525
90.1375
72.6875
71.95
83.6875
72.175
56.4
39.225
48.571875
72.4375
84.375
103.7625
97.525
84.3875
81.75
79.8375
92.0375
83.2125
76.75
69.325
77.0625
83.4125
78.4125
60.25
61.4375
34.9
26.55
30.85
38.025
60.9625
53.525
60.25
72.13125
82.7125
93.725
48.775
32.9875
38.9875
35.3875
38.0375
34.9125
33.2125
40.175
36.1
33.9375
40.9
48.75
67.175
62.1375
72.9
72.1875
75.775
71.95
91.7875
63.1
20.3375
25.421875
21.0375
33.725
37.7875
40.175
38.0125
45.9125
39.9375
44.4625
40.6375
42.5625
31.325
25.6375
53.0875
78.4125
89.4
81.5125
105.20000125
89.65
96.35000125
108.3125
98.75
73.15
53.5625
50.39375
114.27500125
114.2875
96.1125
96.325
82.0125
102.81249875
111.8750025
78.8875
69.075
62.8375
45.6625
56.6
75.3125
67.2
50.1875
63.1125
77.2125
65
53.3
69.7875
65.9875
50.675
30.6125
47.978125
50.65
67.4125
67.9
46.85
38.9875
42.8125
39.9375
40.1625
55.6875
51.1375
61.2
70.471875
65.4875
74.5875
77.4625
63.1
35.6125
39.925
44.45
32.0375
42.075
62.15
44.95
42.93125
38.5125
25.1
15.7875
13.4
19.6125
20.575
23.4375
18.4125
36.35
22.7
17.4375
40.340625
72.6875
82.4625
72.4375
68.125
67.175
64.075
63.8375
64.775
66.225
72.4375
33.2375
31.325
52.8125
66.4375
53.3125
66.7125
68.85
54.5125
47.8125
53.0875
51.625
48.7625
36.5875
41.01875
54.5125
54.2625
59.7625
43.25
41.1375
45.675
43.525
53.3125
65.5125
64.525
40.1625
48.65
70.5125
72.675
55.9375
46.125
30.125
51.6375
53.55
53.0625
58.8125
58.1
45.4
58.2125
71.475
85.1
97.7625
46.85
47.825
39.2
25.575
20.55
24.125
40.3875
48.75
53.821875
55.225
55.2125
59.975
44
44.9375
31.5625
34.175
32.5125
27.5
29.65
14.825
25.828125
57.625
52.35
29.175
25.825
31.325
31.575
28.2125
26.3
31.3375
45.1875
13.4
28.690625
81.525
100.1625
86.3
51.875
37.3
43.5125
37.75
37.7625
41.6125
33.225
37.0625
64.315625
86.5375
92.7625
99.925
62.3875
63.8
46.3625
28.9140625
32.5
36.575
25.6
20.325
19.5875
28.4625
28.475
24.3875
19.1125
47.5875
71.95
67.4
47.8125
58.8
68.6
34.4375
42.8375
57.3625
44.7
66.7
101.85
88.4625
84.15
76.2625
86.5375
88.7
91.325
94.9
90.965625
78.17500125
72.675
50.9375
53.8
62.3875
61.4375
71.9625
92.0375
78.9
88.2125
56.175
56.09375
93.9375
70.5125
41.6
20.0625
38.25
28
32.0375
30.35
42.3125
61.6625
46.8375
45.603125
61.9125
69.5625
58.1
37.3
46.3875
49.225
60.725
69.8
75.3
65.5
59.2875
60.2875
72.2
73.4
53.075
41.5875
31.775
47.5625
51.875
47.5625
52.35
53.3125
49.95
42.253125
47.1125
35.375
27.25
28.1875
33.95
46.6125
55.9125
69.325
82.25
66.2
50.4375
60.165625
70.025
68.6
61.6875
56.6375
66.45
65.9875
54.88125
55.034375
59.5125
49.0125
18.9
18.04375
34.9125
39.9125
30.375
40.425
58.0875
61.9
67.175
75.05
102.0875
71.2375
43.7375
53.615625
64.55
76.02500125
55.7
62.3875
64.075
66.4625
57.1125
54.0125
52.1125
35.65
16.725
25.803125
43.5125
38.275
31.8125
24.4125
25.35
35.6375
42.3125
52.5875
48.05
33
33.9625
59.884375
69.3125
72.4375
68.6
55.925
51.8875
49
47.575
58.55
56.875
54.75
27.0375
48.20625
59.5375
55.9375
65.025
78.675
81.05
56.675
82.025
77.7125
83.675
46.1375
32.0375
50.040625
73.15
69.1
58.8
72.9125
67.4125
61.425
60.95
57.125
60.95
44.4625
20.5625
20.5625
35.625
67.6625
81.2875
82.2375
70.75
84.15
94.9125
93.725
78.65
52.8375
41.15
60.375
81.75
82.225
77.675
51.4
42.8
52.5875
47.028125
56.875
63.825
54.5
45.1875
59.053125
68.125
84.4
74.825
71.475
69.1
66.2
73.85
64.775
68.3375
44.4625
26.5375
38.203125
81.05
94.91250125
63.1
60.4625
59.275
40.8875
43.7375
57.85
54.2625
36.825
46.8625
58.515625
43.025
42.8
41.1375
62.1625
58.0875
58.325
75.2875
84.15
74.3625
42.575
26.0375
51.05
76.025
66.9375
106.875
95.15
81.525
66.4625
65.25
80.075
79.8625
51.4
38.9875
57.09375
85.3125
93
94.2
77.6875
77.6875
71.7125
73.6125
72.4375
82
77.4375
58.325
78.296875
95.625
104.2375
91.575
33.475
19.6
26.05
25.8
31.8
63.1
53.55
31.3125
49.525
88.6875
60.225
87.025
79.3625
57.625
57.6
40.28125
51.6671875
69.325
65.0125
38.5
55.584375
64.3
83.6875
69.325
76.7375
91.0875
93.9625
76.025
68.6125
80.075
57.6125
18.65
24.51875
49.9625
72.1875
66.95
67.4125
69.325
45.9
51.8625
37.3
43.2875
42.3125
39.45
39.546875
54.5125
74.575
62.8625
71.9625
61.9
65.4875
70.7625
55.2125
64.55
71.725
45.4125
59.325
54.7375
44.475
51.6375
47.3375
45.6625
59.025
81.0375
74.8375
81.525
65.2375
65.0125
76.5
108.53750125
92.28750125
54.2625
45.675
42.1
39.9375
41.375
46.1375
61.9125
71.475
49.0125
58.85
86.5375
96.8375
109.72500125
72.6625
69.5625
59.275
65.275
63.1125
73.1375
63.825
43.9875
68.003125
85.8125
112.85000125
47.575
42.325
37.325
33.7125
27.95
47.55
61.4375
71.7
50.925
42.25625
62.1375
67.8875
53.55
38.725
41.8375
45.175
41.375
33.7
27.275
16.25
9.3375
19.409375
54.2625
68.125
84.625
38.725
38.025
53.5625
42.3125
34.6625
42.0875
61.425
43.9875
75.128125
69.3125
81.3
79.8625
57.8625
55.4625
53.3125
48.775
55.2
44
30.375
18.6375
22.9
25.6125
40.8875
56.6625
51.4
58.575
66.4375
76.7375
48.3125
71.725
54.025
40.65
40.284375
70.275
76.725
70.775
54.025
49.7125
48.2875
58.3125
66.95
79.3875
47.325
15.3
19.778125
78.175
91.5625
73.3875
72.675
69.325
65.275
69.075
78.65
81.05
100.425
62.1625
89.953125
122.41250125
143.9125025
104.475
51.875
53.3125
84.4
128.15000125
146.52499875
140.57500125
115.2375
110.92500125
134.5999990625
144.64999875
154.66250125
102.075
94.1875
79.375
63.6
94.2
114.7625
130.55000125
102.7875
94.9
105.09375
122.8875
126.2250025
123.84999875
111.875
98.025
86.55
82.4875
85.1125
88.95
76.725
47.8125
66.984375
70.75
72.45
65.975
48.3
27.4875
33.9625
28.4375
50.6875
69.3125
71.475
77.7
70.8125
79.6125
82.7125
83.9125
70.525
55.2125
61.925
60.725
94.4375
109.26250125
109.01250125
97.0625
105.040625
111.4125
126.72499875
96.825
77.45
76.025
78.4
65.725
60.0125
113.80000125
73.6375
63.5875
76.59375
60.7
67.8875
67.4
46.85
50.2125
29.41875
29.9
38.2625
40.65
32.75
22.46875
37.8375
86.325
100.6625
70.5125
52.6
44.7125
44.0140625
45.425
62.875
92.5125
71.2375
74.3375
62.5125
49
55.7
68.8375
57.6125
50.925
53.7625
60.5
89.4
109.725
86.7875
79.6125
85
84.875
65.725
55.7
47.575
52.35
59.275
57.8625
53.775
82.2375
65.9625
40.8875
34.99375
40.1875
69.8
74.8125
22.7
25.1125
30.125
28.9375
18.1875
14.1125
7.4375
11.2625
30.065625
53.7875
36.3375
27.75
23.9
17.6875
23.925
26.525
28.6875
23.4375
23.2
16.25
27.7375
31.8125
46.375
63.6
41.8625
27.025
28.6875
39.7125
51.4125
61.9125
65.7375
65.9625
71.003125
83.925
81.975
62.3875
29.4
21.275
26.075
29.65
48.075
70.275
51.15
34.4375
32.453125
37.775
48.275
57.8625
32.05
20.3125
16.0125
20.8
31.0875
40.9
15.3
5.7125
9.159375
18.175
26.0625
32.5125
45.875
61.4375
58.5625
64.5375
73.1625
73.875
75.55
44
51.9875
37.5375
60.725
120.0250025
105.2
68.375
103.5125
97.3
121.925
93
85.6
81.75
98.846875
107.3375
105.91250125
101.1375
87.025
70.2625
59.7625
52.6125
56.1875
72.9
65.25
67.875
69.596875
82.7125
81.05
79.85
69.0875
34.9
46.85
50.45
52.8125
62.3875
64.075
58.7875
62.090625
69.075
66.45
64.3
45.9
29.8875
48.025
52.35
69.5625
73.8625
52.1125
43.75
62.25625
58.55
44.475
40.6375
38.4875
38.2375
46.3875
43.7375
46.6125
45.9
19.6
14.35
26.015625
32.0375
35.1625
43.25
43.7625
39.6875
45.1875
40.284375
37.3
38.0125
22.9375
20.0875
37.421875
59.275
61.2
71.4625
68.85
60.95
58.1
59.775
62.6375
51.4
24.875
11.25
25.578125
41.6
47.8125
72.1875
61.1875
49.95
53.325
49.2375
55.925
53.7625
18.175
14.35
24.51875
32.2625
36.575
48.2875
39.45
33.9375
34.1875
34.8875
24.15
18.3875
11.2625
14.1125
23.303125
29.175
37.0625
42.3375
42.0875
42.575
42.0875
44.7125
58.7875
43.75
20.7875
15.5375
20.9625
33.95
38.25
67.4125
90.125
69.3375
51.15
53.0625
65.975
60.7
51.15
33.9625
75.946875
85.3375
101.36250125
114.275
59.75
42.7875
49.0125
48.3
63.5875
64.2875
49.9625
38.975
32.7125
40.175
63.8125
69.06250125
56.4125
71.25
74.5875
73.4
59.275
57.3625
23.2
15.5375
26.325
38.4875
49.2375
62.3875
69.575
64.3125
52.8125
68.85
83.2125
65.525
21.7625
12.45
21.025
35.3875
47.8
53.7875
51.1375
68.1375
60.9375
56.8875
129.09999625
112.12500125
56.4125
58.7875
88.80625
102.8
119.78749875
83.1875
23.9125
16.0125
18.625
27.475
37.5375
73.4
58.5625
51.175
75.575
80.3375
90.3625
92.975
66.7
74.1125
61.6625
64.5625
67.6625
68.375
56.1625
60.25
59.465625
77.7
69.3125
64.2875
60.475
51.1625
54.5125
62.65
73.85
56.175
23.4375
22.4875
31.55
32.75
43.525
63.8125
45.65
38.9875
38.2625
44.95
47.1125
36.575
29.875
33.6875
33.271875
30.6
30.8375
33.7125
37.775
39.225
47.8
60.0125
76.9625
73.15
59.05
59.75
74.23125
80.8
86.075
99.925
88.9375
66.2
62.625
63.5875
74.1125
78.9
62.3875
67.1375
74.6
75.3125
90.125
102.5625
77.225
75.3125
69.575
81.0375
63.3375
76.25
76.7375
71
43.09375
47.5625
59.2875
78.8875
75.775
70.975
80.5625
88.8404296875
69.8
69.8
44.225
48.05
62.98125
81.275
85.3375
100.6375
96.825
96.1
98.25
78.875
77.225
89.175
48.05
39.6875
44.759375
54.2625
59.0625
63.8125
63.1125
60.475
47.8
44.7125
63.5625
64.0625
61.6625
51.8625
44.95
46.15
61.2
60.7
40.4
52.1
77.7
80.075
51.175
39.6875
23.2
27.9625
48.240625
58.325
62.15
84.8875
82.475
78.6375
62.625
68.8375
65.975
49.4625
28.95
39.4625
50.796875
71.2375
79.6125
87.5
94.65
78.8875
80.063427734375
83.4370361328125
86.55
83.1875
45.675
31.8
52.3375
77.2125
84.4
83.9125
83.65
74.8125
89.175
92.525
122.4125
116.8875025
82.475
87.5
125.62499875
165.675
178.8124975
107.3375
76.7375
56.9
50.9
50.4375
75.7625
81.275
38.9625
50.6625
39.85625
37.55
61.9125
49
38.725
49.4875
34.9
37.525
62.625
87.25
41.5875
30.375
50.940625
66.225
82.0125
97.7875
62.4
28.225
27.275
46.8625
73.85
59.7625
20.3375
11.025
18.103125
33.95
51.6125
44.95
47.5875
46.8625
41.15
43.5375
45.1875
32.75
32.2875
29.1875
50.853125
75.0625
92.9875
107.0875
77.2125
35.1375
62.1375
79.85
84.1375
53.775
33.7125
41.825
69.98125
63.1
84.875
78.425
70.05
76.25
66.2125
65.5
56.175
36.1125
15.5625
12.6625
22.834375
38.5
44.2125
73.15
95.1375
70.2875
75.0625
82.725
91.3125
85.1
37.3
23.6875
46.50625
87.0125
84.8625
70.0125
93.9625
81.775
63.5875
53.05
53.55
50.675
15.325
8.8875
17.746875
31.55
42.5625
48.05
60
59.525
62.625
66.6875
64.7875
57.85
22.975
11.975
23.38125
39.7
46.3875
57.8375
57.6
43.05
44.7125
65.2625
75.0625
70.5125
27.4875
18.875
33
49.25
62.1625
71.225
78.6375
77.9375
75.325
71.9625
78.1875
74.6
74.35
83.925
109.90312625
138.89999625
165.9000025
140.575005
98.9625
77.225
69.0625
77.7125
85.5875
73.15
66.675
63.8125
52.103125
63.1125
60.0125
64.3
64.55
59.5375
51.3875
49.9375
59.75
52.125
33.2125
36.35
37.065625
68.85
93.95
98.7375
85.3625
55.225
50.9
52.7375
69.325
63.825
28.2125
28.2125
49.7
62.375
72.4375
81.2875
82.4875
77.45
73.1625
79.3875
85.825
87.5
68.825
66.9
74.20625
83.2
95.1375
104.475
84.15
68.6
57.125
96.5875
80.8125
86.0625
34.675
24.3875
34.9875
51.6125
51.375
64.2875
65.975
45.675
43.2875
59.05
73.625
69.5625
54.75
48.275
44.703125
60.7125
69.55
70.025
73.15
63.1125
77.2125
72.4375
64.2875
66.4375
46.6125
37.05
43.940625
45.6625
48.775
48.5375
46.8625
28.6875
32.2625
29.8875
43.0375
28.6875
18.15
24.4125
30.24375
40.175
42.5375
53.8
48.9875
41.6
34.65
35.1375
39.7125
38.725
25.35
12.45
17.81875
32.2625
49.7375
58.5875
63.5625
43.275
64.7875
69.8
65.25
57.3875
39.2
17.225
23.6875
35.3875
47.8125
57.375
55.4625
43.525
49.725
37.0625
49.25
22.475
11.7375
19.6125
26.90625
33.225
59.775
81.0625
87.2625
57.15
46.8625
38.75
37.775
29.1625
14.35
11.5
17.33125
23.6875
32.5
35.3875
53.0875
63.3375
64.3
97.0625
90.3625
46.1375
16.7375
10.0625
17.9375
27.2625
31.8125
39.925
38.9875
45.6625
51.85
75.3125
67.4
51.3875
49.7125
47.5625
42.846875
50.65
57.8625
64.3
64.55
41.8375
39.7
45.1875
50.675
49.475
38.975
38.2625
57.74375
63.3375
78.8875
80.8
76.5
83.4125
77.9125
67.675
66.6875
35.375
15.55
10.5375
21.915625
37.7625
45.4125
41.825
41.125
40.875
33.25
29.8875
23.425
13.1625
5.0125
5.2375
8.696875
14.825
22.725
37.3
43.75
42.5375
50.675
53.7875
53.0625
31.5625
17.925
34.6875
42.8125
46.875
69.575
81.2875
91.8
69.0875
60.95
64.7875
59.525
51.1625
22.95
22.475
40.3234375
46.375
58.325
55.95
59.9875
48.05
64.775
53.5375
51.6125
69.0875
34.4375
26.5375
57.04375
74.125
79.825
74.3375
63.3375
44.475
42.3125
51.4
32.525
28.9375
22.95
16.7375
18.75625
38.7375
57.1375
72.1875
70.275
77.925
70.0375
88.2125
79.35
70.75
66.4625
71.4875
71.934375
73.15
83.4375
79.125
94.1875
90.6125
90.85
82.9625
93.25
76.4875
67.425
67.8875
84.33125
96.3625
116.89999875
102.55
86.7875
84.3875
73.6375
83.9125
80.5625
87.975
63.5875
68.825
75.228125
82.7375
84.8625
93.475
92.05
87.975
70.2625
90.6
91.075
82.0125
44
45.4125
66.146875
72.425
78.4125
72.925
71.475
63.35
56.1875
64.3
62.8625
50.45
33.4875
24.625
36.471875
49.9625
62.3875
65.75
60.4875
62.15
49.225
56.8875
50.9
38.975
33.225
44.7125
46.1375
48.75
48.75
44.475
63.325
72.6625
75.2875
56.3875
69.0875
96.825
57.6
33.225
63.59375
70.5
84.15
89.4125
79.125
72.9125
70.75
66.2125
73.8625
79.125
46.625
15.3125
38.134375
51.4125
42.075
39.4625
43.05
35.25625
29.8875
33
36.0875
34.6625
16.7375
9.8375
21.23125
39.4625
43.9875
59.525
77.45
88.4625
66.2125
78.65
93.475
66.2125
45.1875
48.275
53.171875
58.3375
64.5375
58.0625
56.8875
56.9125
49.475
58.1125
56.9125
52.35
42.325
38.0375
49.484375
64.0625
65.5
60.4625
75.0625
60.0125
63.0875
57.125
53.55
69.3375
57.1125
54.975
61.259375
63.0875
49.7
59.5125
69.8
55.2
51.4
35.3625
38.75
28.475
30.375
51.6375
46.5625
50.4375
70.9875
71.7125
75.7625
87.025
67.8875
54.7375
57.6
57.125
29.4125
11.975
12.746875
29.3875
60.9375
86.0625
80.5375
65.4875
44.94375
40.065625
45.1875
38.25
29.9
26.7875
45.234375
44.225
37.5375
40.425
45.9
37.775
35.875
30.6
33.0125
42.55
27.725
19.375
42.965625
49.475
58.1
64.3125
78.8875
78.175
65.25
52.5875
76.025
63.35
44.45
36.325
42.515625
43.2875
57.1375
66.45
71.9625
84.6125
54.75
88.925
94.9
71.0125
35.625
35.625
51.078125
65.5
63.35
47.1
40.65
42.1
47.0875
48.05
49.475
52.825
43.05
41.375
47.76875
65.4875
80.35
92.9875
84.1375
83.2
80.8
85.825
80.35
61.9
45.6625
45.6625
46.48125
60.475
74.1125
72.6875
66.4375
58.325
66.6875
56.6375
46.1375
51.4
28.7125
32.3
38.325
44.2375
58.0875
73.4
66.2
59.75
79.15
59.5375
52.0875
62.625
63.6
55.45
66.040625
87.8625
100.175
102.5625
92.75
55.9375
56.175
56.4125
65.2375
72.6875
27.5125
16.9625
24.51875
39.2125
48.5375
30.6125
20.5625
12.6875
12.925
16.0125
13.4
5.9625
2.6125
4.05
11.475
20.5625
47.575
85.1
83.1875
55.9375
27.975
24.875
27.75
31.325
19.6125
10.0625
11.975
17.6875
25.825
45.175
52.35
50.2
54.025
47.8125
53.3
70.7625
42.325
25.5875
41.30625
52.6
51.9
72.675
70.7625
53.0875
52.8375
57.1375
91.0875
104.95
73.4
26.55
29.340625
44.475
59.3
69.0875
65
44.7
38.725
30.375
38.725
56.1625
33.225
11.025
6.5125
16.5
39.2
58.3125
79.6125
87.9875
67.1625
71.7125
75.55
59.7625
43.975
18.9
15.359375
32.7625
73.8625
74.3375
92.525
69.3375
57.6
84.15
99.925
84.1625
56.65
40.4125
33.80625
41.3625
53.5375
46.3875
42.575
48.275
51.4
62.1375
65.95
60.7125
48.2875
42.8125
60.05
78.2
87.9875
91.075
92.9875
60.4875
44.225
53.5375
56.1875
71.2375
51.6375
52.5875
60.25
62.625
67.6375
70.55
58.55
41.375
53.5375
66.4625
69.0875
77.4625
60.475
43.0625
44.7125
60.7125
82.25
78.8875
69.5625
42.8
30.3625
54.2625
65.9625
78.8875
50.925
36.3625
35.20625
78.4125
96.1
99.6875
76.5
58.075
49.475
52.6
58.44375
137.00000375
81.5
49.475
64.3125
84.3875
95.1625
86.3125
43.2625
33.7125
30.125
34.1875
52.35
50.9
49.475
47.325
59.928125
77.4625
84.1625
84.625
78.65
46.85
48.525
50.6875
70.05
65.0125
40.3875
39.6875
64.078125
81.3
91.5625
86.5375
52.575
42.325
56.4125
83.7
76.0125
76.2625
69.825
52.5625
49.58125
58.3375
81.2875
75.3
34.45
18.4
12.925
11.7375
23.4375
57.375
47.3375
17.45
17.696875
32.275
47.325
52.6
38.2625
26.55
30.6
45.9
78.6625
78.875
65.5
46.15
56.4125
61.675
69.7875
75.55
49.2375
36.8375
32.7375
27.275
36.35
58.1
45.4375
25.825
24.390625
43.975
47.5625
45.9
40.4125
36.5875
30.85
30.3625
33.225
39.9625
23.4375
10.55
11.025
17.925
18.875
19.8375
17.9375
13.875
14.8375
13.4
11.2625
17.2125
12.9125
18.175
54.234375
83.675
92.2875
97.775
47.1
26.05
21.025
29.175
47.7875
58.325
58.8125
68.6125
88.725
92.5125
96.325
93.475
57.1375
53.7875
68.8375
49.4875
55.45
63.5875
44.225
27.2625
41.125
61.4375
91.8
101.3375
64.7875
67.9
57.625
49.475
57.8625
67.1625
42.0625
18.875
26.515625
50.2
60.95
63.3375
55.6875
43.05
44.9625
48.584375
52.35
63.8375
46.85
22.225
29.709375
38.5
47.1125
62.3875
63.3625
67.4125
52.1125
46.6125
50.925
69.325
72.4375
48.775
24.278125
29.4125
31.3125
25.8375
20.075
15.0625
12.925
13.6375
14.1125
16.25
13.75625
16.2625
24.75625
22.975
33.7125
34.4125
33.45
39.45
41.6
49.7125
46.625
54.975
35.625
16.9625
28.428125
34.925
46.15
57.3875
52.1
38.975
39.225
51.8625
43.75
43.0375
52.1125
50.9
56.284375
78.8875
106.8625
69.0875
33.7125
35.3875
32.525
29.2
38
53.55
28.9125
17.8125
27.0375
37.0625
38
34.4375
23.2
28.9375
27.725
27.0375
27.0375
25.3625
10.3
3.325
4.478125
8.65
11.975
17.2125
15.5375
13.1625
16.0125
17.2
13.1625
10.55
8.65
3.825
9.409375
21.5125
27.2625
21.275
19.6125
10.05
13.65
17.925
18.8625
20.5625
31.55
33
45.76875
58.0875
60.7375
73.15
53.0625
25.35
24.1375
32.525
41.3625
42.8
50.9125
47.8
63.5625
80.5625
76.025
64.0625
63.6
45.4
34.8875
41.6
44.2125
73.8625
59.7625
39.2125
43.453125
65.2625
59.2875
83.1875
87.4875
67.175
57.3625
62.125
69.0875
62.3875
58.5625
49.2375
57.625
73.625
75.55
47.3375
23.675
15.0625
16.025
18.1625
22.9625
26.5625
27.2625
20.19375
16.546875
39.925
48.5125
63.35
62.625
51.3875
39.2
38.0125
49.475
48.75
43.9875
20.7875
21.409375
41.8375
55.6875
48.775
63.325
60.190625
64.3
47.5625
41.6
50.675
47.1
31.8125
33.284375
50.4375
60.9625
71.7
51.8875
43.275
31.325
31.825
48.3
27.9625
31.1
39.7125
49.978125
44.475
68.1375
95.85
78.65
75.775
61.6625
51.1625
65.2625
81.525
68.3875
53.7875
64.05
