"x"
103.775
101.825
103.97500125
107.575
99.4375
82.25
79.625
66.95
32.975
25.825
28.09375
35.434375
42.5625
78.9
86.5375
85.1125
82.9625
68.6
71.2375
43.5125
38.75
47.1
53.2875
68.48125
81.05
80.5625
116.9125
123.34999875
135.3125
169.24999875
116.42499875
80.3125
77.45
54.2625
55.3375
53.825
96.81250125
100.4125
86.76250125
44.6875
49.0125
52.85
40.65
49.4875
59.025
48.2875
37.06875
38.384375
42.0875
45.6375
71.225
131.98750125
167.82500125
147.01250375
97.1640625
100.88749875
72.9
110.21250125
105.55625
87.928125
74.8375
64.3
74.1125
159.19999875
148.924995
110.67500125
93.4625
63.3625
71.475
41.3625
36.34375
39.084375
87.5125
70.75
222.81250125
230.93749625
191.24999875
164.23750125
184.562505
156.57500125
85.825
45.175
36.925
66.275
98.5
75.075
43.25
104.93749625
185.26250375
146.5375025
160.8875
178.79999875
131.025
147.025
158.24375
157.290626875
202
208.22499875
192.9249975
189.8125025
178.1125
165.4250025
176.17500125
198.6749975
163.0499975
118.57499875
110.931251875
117.6281265625
119.51250125
116.67500125
111.4125
85.5875
112.59999875
27.5388671875
-9.01459426879883
-9.19927859902382
-9.025
-8.4875
74.37099609375
86.0541835784912
86.0998210296035
86.0999993008969
86.0999999972691
86.0999999999893
86.1
86.1
86.1
86.1
86.1
86.1
86.1
86.1
86.1
86.1
86.1
86.1
86.1
86.1
86.1
86.1
86.1
86.1
86.1
86.1
86.1
86.1
86.1
86.1
86.1
86.1
86.1
86.1
86.1
86.1
86.1
86.1
86.1
86.1
86.1
86.1
86.1
86.1
86.1
86.1
86.1
86.1
86.1
86.1
86.1
86.1
86.1
86.1
86.1
86.1
86.1
86.1
86.1
86.1
86.1
86.1
86.1
86.1
86.1
86.1
86.1
86.1
86.1
86.1
86.1
86.1
86.1
86.1
86.1
86.1
86.1
86.1
86.1
86.1
86.1
86.1
86.1
86.1
86.1
86.1
50.675
63.1125
81.05
78.65
60.725
51.1625
41.3625
34.1875
27.725
16.25
13.99375
16.915625
30.1125
41.6
46.125
60.475
57.1125
65.9875
87.61796875
122.4125
98.02499875
66.2125
45.6375
51.3875
62.875
82.9625
80.8
76.5
90.375
97.77499875
106.15
82.9625
71.95
67.6375
78.55
76.91875
91.33749875
96.575
89.175
88.4625
68.375
66.475
65.0125
65.9625
65.9875
71.4875
66.93125
82.471875
100.6375
102.075
113.0625
101.125
91.8125
95.6375
87.975
89.8875
75.3125
45.6625
28.21875
50.090625
75.0625
76.275
65.2625
67.8875
59.775
66.45
61.4375
58.1125
41.125
21.0375
17.55625
20.134375
36.6
41.825
47.5625
60.0125
61.425
71.475
67.65
64.3
56.4125
42.775
52.8125
56.675
80.55
83.9125
87.2625
88.45
102.5625
97.7875
91.5625
93
85.1125
50.925
56.3
63.88125
73.1625
77.9375
72.6625
65.975
70.0375
76.73750125
76.2625
80.8
82.2375
59.2875
55.58125
74.646875
93.225
87.025
93.7
81.0625
78.6375
51.8625
91.325
82.95
67.175
56.65
59.175
59.23125
64.05
61.2125
59.05
78.65
85.5875
82.95
57.3625
52.35
58.3125
58.7875
73.28125
66.884375
86.5375
72.2
82.725
94.43750125
149.9
148.9374975
174.74999875
103.27499875
73.65
55.2125
66.33125
79.421875
78.1625
92.275
89.8875
123.34999875
119.3
123.34999875
97.5375
132.92499875
110.67499875
86.2875
83.2
81.15
83.9125
106.375
113.55
124.08750125
110.32812625
101.00078
102.79999875
80.0875
70.5125
45.2
48.0625
61.31875
67.8875
63.825
68.3625
67.175
59.2875
53.55
54.9625
56.8875
50.675
26.5625
30.13125
30.721875
43.2875
44.4625
43.525
58.825
57.1375
49.0125
48.7625
45.675
67.41249875
33.4625
34.43125
30.365625
35.1375
38.75
43.275
49.7125
58.7875
50.6625
45.4125
47.325
48.525
52.8125
60.25625
60.378125
65.975
77.45
87.2625
86.075
75.7875
75.5375
81.5125
72.4375
77.925
62.6375
75.55
66.55
98.00000125
70.7625
68.8125
77.45
76.75
76.975
99.21250125
93.475
87.25
62.1375
68.0125
70.35
117.38749875
88.22499875
76.0125
99.2125025
119.043748125
102.3125
99.21249875
113.06249875
95.625
71.95
71.13125
69.371875
100.65
93.725
89.175
99.925
85.8375
87.0125
97.05
86.55
68.8625
55.9125
60.35625
66.046875
91.55
70.0625
67.425
67.9
56.175
64.775
70.5375
113.07500125
64.05
36.575
41.0125
39.4875
59.05
56.1875
66.7125
67.6625
76.25
81.5125
80.425
88.05624875
82.22499875
52.5875
50.80625
49.903125
66.925
54.13125
57.125
48.525
49.5
59.525
35.15
34.4125
28.225
21.2625
23.5375
28.2625
34.8875
31.075
39.9375
36.8
37.5375
41.1375
49.225
47.0875
37.3
20.5625
24.1375
28.9375
38.7375
39.2125
44.7125
53.5375
53.075
52.1125
47.5625
51.85
45.175
28.7
34.43125
40.059375
57.3625
62.875
71.7125
91.8
70.05
70.75
76.0125
72.1875
71.4875
34.9125
32.4
41.65
56.1625
71.9625
76.2625
77.9375
80.1
76.0921875
103.99999875
131.25
107.825
79.8375
84.3875
92.025
118.8250025
145.6
141.54999625
107.58750125
101.3625025
100.9
143.925
129.1000025
142.4625
86.7875
68.725
72.84375
95.6375
111.88749875
158.25
145.3625025
104.46250125
85.575
109.73750125
116.4375
120.0125025
70.7625
42.93125
57.659375
92.9875
91.8125
114.0249975
153
124.5499975
96.5875
100.6375
81.05
69.5625
56.4125
78.2875
81.20625
98.5
110.44999875
121.21250125
122.40000125
106.375
129.81250125
124.06250375
113.53750125
77.2125
64.55
58.79375
63.834375
64.3125
65.9875
71.25
77.925
105.42500125
101.85000125
101.35000125
113.7875
134.1249975
92.025
103.50625
104.49062625
124.07500375
158.26250125
174.999995
173.55
145.35000125
169.975
131.01249875
140.09999875
105.65000125
70.525
64.66875
78.484375
99.7
103.76250125
101.85
106.15000125
85.825
103.0375
112.5875
109.975
105.20000125
47.575
46.74375
66.271875
88.6875
104.70000125
124.5375025
150.1374975
136.50000375
147.01250375
139.60000125
151.07500125
134.61249875
93.225
89.05625
97.009375
97.3125
80.0875
88.225
82.25
72.675
66.2125
70.75
77.225
71.4625
53.05
65.26875
76.021875
64.7875
86.05
102.1
146.31250125
133.40000125
109.26250125
125.275
103.5125
83.6875
71.7125
82.24375
112.94687625
89.175
90.125
97.7875
126.950005
112.375
111.6375
143.2000025
95.87500125
83.6875
63.825
85.34375
103.003125
116.9
139.61250125
167.3499975
149.4125
166.84999875
166.14999875
144.1625025
142
131
82.4875
58.58125
61.203125
83.9125
128.6125
164.48749875
149.41249625
156.10000375
146.78750125
137.47499875
139.61250125
80.33749875
50.2125
48.9
64.84375
63.825
86.3125
71.9625
117.16249875
119.0624975
106.9734375
89.6945325
78.65
70.0375
42.075
42.2
53.8625
71.725
79.125
91.78750125
126.2249975
121.6875025
89.8875
93.725
102.8125
82.6
63.1
58.09375
54.609375
64.55
96.8125
111.64999875
137.6875025
126.71249875
146.55000125
181.6875025
134.37500125
145.35
79.6125
77.8
93.18125
95.8625
74.8125
66.7
53.775
60.4875
56.4
50.9125
53.075
53.55
47.8125
59.26875
54.859375
59.5125
54.025
61.925
70.0375
89.175
92.275
77.4625
67.1625
61.9
56.8625
60.95
84.875
76.7625
104.2375
106.13749875
143.45
153.9750025
152.99999875
158.5
128.84999875
100.175
62.6375
58.325
88.91875
117.13749875
137.45000125
141.2875
141.275000625
155.875
144.63750125
157.56250125
131.01250375
90.125
49.9625
42.6625
40.33125
59.3
90.61249875
114.275
126.94999875
162.5625
167.34999875
159.21249875
170.7125075
148.2125
67.4
60.60625
88.153125
120.2375025
120.48749875
141.28750125
193.16249625
142.71249625
155.8749975
134.61250125
142.01249875
134.11249625
80.5625
72.0625
82.16875
109.0125
106.85
126.2125
152.28750375
146.55
128.1374975
131.7125025
132.20000375
128.85
76.0125
63.475
86.38125
91.8125
72.425
93.47500125
111.65000125
97.3125
91.55
93.475
75.55
54.9875
53.075
56.76875
68.409375
99.45
102.5875
88.45
81.5125
67.65
58.325
60.2375
55.925
52.575
37.7625
43.1375
35.79375
54.25
84.63750125
130.28750125
148.46250125
145.1125025
142.7125025
153.96250125
130.04999875
128.37500125
79.1375
71.95
109.83750125
141.5375
101.60000125
109.725
95.85
83.42500125
68.15
74.8125
106.38749875
109.025
82.9375
74.46875
61.853125
66.2125
68.85
96.5875
93.2375
85.86875
88.8140625
114.75000375
145.58750125
88.2125
63.1125
52.7125
72.375
77.925
87.25
116.175
137.0000025
135.0625
161.36249875
127.91250125
119.55000125
130.77499625
94.925
100.6625
93.825
121.91249875
120.475
157.78749875
112.61249875
105.9125
72.1875
83.425
98.4875
94.65
69.55
63.69375
72.259375
100.175
118.575
120.0125025
118.1
114.27500125
101.125
103.99999875
101.35
87.95
77.925
79.48125
68.778125
62.6375
64.075
82.725
80.5625
96.1125
102.325
119.06249875
111.40000125
108.5500025
81.7625
78.65
94.425
91.8
119.52499875
131.975
126.4625
122.8875
134.493750625
124.775
142.72499875
113.5625
71
72.325
71.15625
83.6875
87.725
108.99999875
146.775004375
132.6625
106.3874975
107.5875025
116.41250125
69.325
52.35
55.8125
56.81875
66.225
76.9875
78.175
76.5
71
73.625
77.7
71.7125
54.2375
37.5125
36.93125
64.990625
93.72500125
94.17500125
128.85000125
158.5125
138.4124975
135.3
123.5875025
112.125
98.25
75.325
75.29375
103.165625
123.6
128.37499875
147.97499875
179.76250375
173.57500125
119.05000125
127.6625
152.9999975
136.27500125
80.325
66.34375
84.565625
101.375
100.4
79.85
74.35
46.4
51.175
64.7875
67.4375
44.0125
28.675
41.725
50.60625
84.85
96.3375
120.7375
149.412505
114.73749875
89.9125
80.8
82.9375
115.23749875
74.1
75.775
85.3375
102.77500125
100.4125
127.18750125
144.8625025
152.05000125
143.1999975
134.1125
122.14999875
139.26250125
79.35
73.75
70.475
91.1
96.1
136.2625
153.94999625
129.0999975
112.34999875
143.9375025
173.56249875
184.77499875
104.00000125
79.38125
98.496875
112.35
120.975
134.33750125
123.600000625
119.0500025
101.60000125
87.54375
96.0656275
118.3375
91.5625
55.45
35.5
50.4375
82.7125
131.7375
140.32499625
145.82500125
158.73749875
128.1250025
150.12500125
119.53750125
91.5625
67.50625
64.240625
93.2375
110.69999875
134.1125025
134.82499875
134.8375025
166.86249625
165.42500375
145.83749875
113.7875
73.6375
58.31875
61.796875
61.6625
58.1
98.725
89.64375
95.875
87.4875
93.2375
98.48749875
90.8375
82.975
89.425
89.4125
109.25
113.08749875
134.850005
124.32500125
109.7375
97.3
114.75
153.46250375
128.6125
93.343750625
76.13125
83.82812625
70.3
81.525
90.1375
91.325
65.9625
69.1125
96.0875
93.25
124.30000125
87.02500125
68.1125
71.35
99.7
103.05000125
114.01250125
123.83749875
124.54999875
58.5625
68.85
90.8375
78.4125
56.4
51.25625
43.334375
50.675
50.1875
60.7125
69.3375
67.6625
53.3
53.3
55.6875
64.3125
52.6
45.41875
39.440625
54.5
62.8625
95.15000125
107.825
152.5125
137.48749875
120.96250125
127.90000125
109.3812525
68.6
61.0625
51.31875
56.65
68.1375
71.95
70.75
65.7375
65.0125
64.075
62.4
66.225
41.125
33.36875
46.778125
50.2
62.8625
78.6375
87.2625
102.79999875
87.025
93.7
86.0625
66.4625
70.025
74.325
82
86.7875
98.9625
100.1625
73.625
44.9625
42.55
50.425
66.2125
73.175
75.8
76.26875
60.846875
79.6
74.1125
115.7
109.9875025
114.2625
92.525
78.175
101.85000125
66.45
47.35
40.6375
43.525
51.625
53.525
56.875
60.725
69.575
63.1125
73.375
56.8625
56.9
38.975
36.9375
43.91875
56.4
70.7625
80.1875
82.25
84.1625
96.840625
103.75
76.9625
106.875
67.8875
70.775
62.4
68.375
75.2875
81.275
106.13749875
96.1124975
109.02500125
88.4625
94.43750125
95.15000125
83.2
75.78125
76.978125
85.825
97.3
113.8125
109.7375
93.7125
110.2125
136.7625
113.56250125
93.7
77.6625
67.50625
65.653125
69.5625
84.40000125
82.475
54.7375
43.025
29.65
27.75
25.125
27.7375
21.775
32.875
24.33125
52.8375
39.925
75.3
86.0625
70.275
67.875
85.1125
117.85
113.325
84.3875
79.36875
94.784375
102.0875
113.79999875
112.37500125
82.2375
72.1875
80.81875
113.837426757812
118.581396198273
118.599927328899
118.599999716129
118.599999998891
118.599999999996
118.6
118.6
118.6
118.6
118.6
118.6
118.6
118.6
118.6
118.6
118.6
118.6
118.6
118.6
118.6
118.6
118.6
118.6
122.425
112.83749875
110.92500125
86.55
87.36875
92.928125
112.12500125
109.48749875
124.78749875
141.0500025
148.93750375
160.41250125
181.89999875
128.61250125
94.175
79.1375
82.125
94.48125
114.03750125
98.975
104.71250125
142.725
136.25000375
125.02500125
106.3875
114.73750125
83.675
71.95
70.76875
73.009375
81.0375
82.7125
109.2625
98.975
89.65
109.025
99.225
65.0375
53.7875
56.1875
65.73125
90.240625
76.75
80.8
85.5875
80.93125
100.88750125
91.075
110.6875
112.825
74.5875
70.75
77.575
80.13125
82.0125
71.9625
70.7375
74.3625
69.3375
71.9625
64.2875
91.075
120.96250125
76
72.1875
93.9375
101.125
91.0875
98.75
71.7
55.2
49.725
50.4375
53.3125
84.15
78.8875
59.05
35.86875
57.8625
82
79.3625
80.8
70.98750125
91.8671875
65.725
72.9125
98.9625
83.1875
55.7
47.23125
62.625
62.3875
74.0875
58.325
51.3875
63.575
46.8375
51.65
61.6625
40.8875
29.28125
20.709375
37.075
47.1
44.475
42.8125
43.525
42.0875
39.9375
37.075
42.575
32.7625
22.6
16.075
26.2875
32.275
41.625
37.3125
36.8125
28.7
29.175
29.175
33.725
33.475
32.15
41.54375
78.65
98.4875
97.525
77
49.95
42.0875
44.7
60.9375
57.625
51.375
56.65
70.2625
83.925
81.5375
77.9375
62.65
70.5125
71.725
67.6375
70.5125
65.75
52.35
39.80625
35.696875
54.7375
72.6625
82.7
85.825
68.85
81.0375
65.25
62.3875
71
42.3
33.24375
32.990625
41.1125
61.675
96.08749875
92.98750125
74.8375
60.225
70.275
60.725
70.525
46.625
34.775
28.7625
45.425
53.5375
81.7625
80.32500125
71.25
74.35
80.575
64.3
61.9125
61.9
55.44375
52.471875
43.7625
43.2875
51.6
51.625
52.1
59.0625
60.95
59.2875
69.0875
60.95
47.58125
40.796875
47.3375
50.6625
47.8
48.75
43.275
34.425
35.15
27.275
28.45
32.775
25.56875
20.421875
30.375
28.475
34.2
45.425
40.675
42.325
40.175
41.375
49.2375
27.275
25.925
38.43125
43.5375
44.2375
71.95
115.71250125
107.3375
88.45
87.25000125
55.225
57.3625
42.5625
35.025
38.3125
48.275
48.275
64.775
81.9875
87.9625
73.1625
76.7375
65.5
55.2
55.9375
55.4625
52.1
39.675
48.3
49.7
57.95
59.2875
77.45
58.325
78.8875
102.075
81.275
66.4625
79.00625
87.7375
109.0125
120.02499875
105.2
99.925
130.75
105.66249875
127.65000125
121.93749875
84.3875
67.0375
72.00625
95.8625
90.3625
88.2
100.64999875
109.00000125
67.875
56.9
60.25
56.8875
49.475
50.43125
65.384375
68.85
78.1625
99.9375
107.0875
93.725
89.1625
70.2875
82.7
85.0875
74.825
71.4625
67.9
92.9875
85.5875
85.35
80.1
85.1
85.1125
78.65000125
101.825
87.025
77.2125
64.54375
63.446875
84.1625
82.4875
112.5875
104.23750125
122.9
115.94999875
133.4
108.3
131.7125025
82.9625
54.38125
58.859375
93.95
121.4624975
132.21249875
161.11249875
146.32500125
170.9374975
149.175
123.8375
134.12500125
89.625
87.5
92.025
127.65
147.26249875
167.8249975
188.6125
149.39999875
93.9375
87.478125
87.725
76.025
55.2125
52.35625
57.128125
80.3375
84.4
121.45
107.35
81.9875
79.825
85.8125
81.53750125
58.1
42.55
32.7375
31.66875
36.0875
52.575
88.4625
101.59999875
103.88125
92.75
87.0125
86.0625
61.4375
55.6875
57.70625
68.909375
80.8
87.75
87.5
81.0375
65.25
47.1
63.575
37.075
36.5875
39.9375
45.89375
39.215625
43.025
46.3875
56.8875
46.375
35.3875
36.8125
28.9375
30.375
31.0875
34.9125
39.81875
63.159375
49.2625
60.2375
82
90.375
85.8125
87.0375
100.8875
79.6125
95.15
63.3375
52.475
50.86875
65.7375
80.8
82.2375
99.93749875
114.025
96.825
102.0625
78.9
87.025
71.7
88.8125
92.23125
110.6875
107.575
92.275
91.7875
62.625
73.63750125
58.775
57.8375
70.525
50.6875
42.78125
35.615625
50.4375
62.6125
49.975
50.675
48.9875
54.7375
49.225
53.8
52.125
32.525
21.4
16.66875
24.875
27.25
25.825
27.275
26.7875
21.4875
22.4625
21.025
18.4
16.9625
18.40625
22.096875
27.75
24.65
24.8625
26.8
28.2125
24.4
28.225
21.5125
22.9375
24.4125
38.9625
44.7125
55.6875
50.425
75.775
56.8875
47.325
34.6625
34.9
45.425
43.5125
45.9
53.8875
58.05
67.4125
75.0625
72.6875
73.1625
72.425
130.7750025
82.95
88.6875
92.5125
83.6625
66.69375
75.540625
102.0875
92.5125
112.85
130.05000125
137.4749975
139.3750025
128.6125
83.2
67.2
54.0125
52.56875
51.128125
53.525
63.325
81.025
66.925
60.225
52.5625
36.575
38.7375
52.35
42.075
30.85625
34.796875
44
51.3875
56.4
60
68.3625
62.3875
65.975
86.7625
86.7875
64.5375
42.0875
45.675
46.85
48.5375
98.725
90.375
106.86250125
104.22500125
99.70000125
72.1875
66.4625
55.45
54.01875
57.265625
71.7125
92.2625
114.75
112.36250125
109.7375
86.55
88.9375
62.875
40.15
54.2625
75.9
75.1375
92.7625
104.23750125
126.47499875
117.3875
121.6875
106.3875
116.43749875
124.08750125
94.6625
85.3375
100.7625
114.1
85.1125
93.4625
96.5875
166.8749975
116.9
114.72499875
96.56875
85.2828125
83.2
44.7
48.175
43.93125
49.725
58.325
77.7
168.30000625
138.90000125
145.09999625
135.31249875
130.5250025
111.625
76.275
67.05625
84.215625
104.2125
126.2125
145.11249625
158.75
175.92499875
169.725
109.25
83.2
78.875
52.35
49.125
53.49375
65.275
62.15
67.4125
96.35
118.58749875
100.39999875
66.725
40.175
42.0875
55.925
69.925
83.8625
107.33750125
112.125
106.13750125
103.9875
98.725
85.825
90.6
101.61250125
83.1875
63.6
64.9125
76.91875
84.14999875
83.9
117.13749875
115.71249875
134.5875
128.84999875
147.025005
121.6875025
95.86249875
58.8125
46.025
49.3125
83.1875
103.5
84.1625
103.275
93.44999875
114.51250125
171.64999875
125.02499875
96.1125
70.0375
57.75
28.175
41.6125
47.8
75.0875
83.2
72.4375
68.125
64.7875
48.05
42.7875
29.8625
16.75625
18.771875
50.925
67.65
80.325
95.625
90.3625
90.1375
101.375
88.2125
89.41249875
57.3625
55.5875
56.2625
80.0875
74.575
74.5875
91.5625
115.9500025
92.05000125
98.725
85.7125
101.825
76.9625
58.325
72.06875
67.175
61.2
51.15
44.4875
48.7875
35.15
38.9875
21.5375
20.0875
32.525
39.575
27.44375
33.2375
39.4625
43.0625
42.0625
51.875
44.2375
77.6875
88.95000125
84.15
86.07499875
71.475
74.1
84.3875
80.7875
91.0875
107.575
103.05
120.01249875
96.825
98.7375
89.1625
49.7125
50.5625
56.58125
76.725
117.1375
107.575
83.925
60.4875
60.95
63.35625
58.575
56.4125
55.4625
39.31875
44.415625
54.025
64.5375
53.55
63.825
46.85
53.55
55.30703125
53.075
48.3
39.95
36.93125
39.034375
48.7625
100.1625
56.425
48.525
51.625
46.85
58.575
66.95
79.125
82.2375
81.75625
82.478125
91.575
94.9
95.8625
74.82499875
53.7875
57.8625
56.175
70.05
84.875
75.3
78.5375
83.38125
84.625
114.75
71.725
54.275
48.525
35.3875
34.6625
36.3375
37.525
51.1625
59.63125
68.196875
81.05
59.7625
43.9875
39.925
38.4875
39.9125
42.7875
42.3125
43.5125
42.5625
50.8
56.2375
63.825
67.875
67.8875
80.07500125
97.5375
93.4625
94.8874975
105.92499875
97.52499875
81.275
70.15625
75.578125
92.52500125
90.3625
88.4625
87.725
113.7750025
105.45
103.26249875
104.4625025
104.2375025
73.3875
63.575
53.425
70.0375
97.05000125
96.35000125
110.6875
120.72500125
102.55625
103.8875
73.6125
91.55
69.0875
47.33125
50.078125
73.625
94.2
88.92500125
117.13749875
104
94.31875
93.225
77.45
73.625
49.025
47.34375
42.671875
52.1125
57.3625
57.125
88.45625
85.1
88.2125
76.75
98.47499875
89.66249875
49
31.20625
30.178125
57.625
72.2
70.7625
81.975
79.6
70.7625
65.975
69.8125
55.2375
50.9125
72.775
62.2
92.75
89.175
98.975
78.6375
72.175
84.1625
67.4125
37.775
33.9625
28.2
25.70625
25.528125
42.55
61.675
89.63749875
78.1875
103.7625
96.5625
104.71249875
90.375
88.925
71
53.525
57.00625
93.00000125
77.45
85.35
105.91250125
129.8125025
124.325
104.23750125
58.3125
57.1375
60.9625
49.59375
49.784375
62.15
80.8
93.95
63.8375
59.2875
53.075
30.6
44.25
93.9625
45.65
41.96875
39.753125
69.7875
72.925
90.60000125
90.6
109.4875025
111.9
85.82499875
81.525
96.1125
58.8
44.95625
46.271875
57.6
72.9
85.225
89.6375
92.9875
89.1625
85.575
81.2875
100.1875
63.575
38.96875
34.653125
66.7
82.4875
95.38749875
82.725
86.3125
70.05
69.3125
78.8625
55.925
55.4375
59.28125
63.103125
82.475
75.525
84.375
108.7875025
92.525
80.5375
79.6125
66.4625
85.825
55.4625
61.0875
80.625
78.6625
52.5875
45.425
54.5125
52.825
53.8
54.25
40.65
42.3125
33.7125
18.03125
17.878125
48.7875
37.3125
49.4875
48.7625
41.35
53.7875
50.4375
44.7
29.65
22.4625
15.3
24.8625
54.025
87.25
107.35
130.74999875
111.6375
131.725
120.75000375
149.88749875
116.89999875
75.775
73.25625
82.390625
85.575
93.95
96.3375
87.2625
91.79999875
87.75
99.2
97.3
89.1625
75.7625
57.2625
60.41875
61.6625
87.7125
93
85.5875
98.73750125
90.59999875
86.06250125
83.6625
103.28750125
82.0125
35.98125
21.715625
34.4125
43.2625
47.825
71.9625
69.1
80.5625
74.1125
72.925
62.6375
62.15
63.94375
76.546875
82.225
92.05
93.2375
95.6125
98.9625
97.0625
106.13750125
90.125
80.775
67.175
55.4625
74.71875
95.8625
81.2875
128.15000125
131.25
136.74999875
111.41250125
134.6000025
124.8
103.9875
87.975
59.9
83.375
97.3
110.46250125
143.6874975
135.787505
159.4499975
124.31249875
132.6875
154.18749625
125.98749875
81.275
66.4625
82.85
102.7875
93.475
96.1
125.975
126.72499875
136.971869921875
138.42499875
106.38750125
98.25
96.1
65.85
61.6125
63.825
114.525
75.3
111.65
114.02499875
115.25
164.11250125
148.225
67.9
49.25
49.85
59.8125
68.375
81.275
80.0875
124.5625
131.72499875
139.84999875
134.1125
127.42500125
125.5125
76.9875
64.33125
50.421875
58.5875
70.2875
80.5625
76.25
67.6375
60.7125
70.525
76.02500125
60.475
42.325
47.58125
81.628125
85.5875
85.0875
98.5
86.0625
83.4375
77.2125
109.26249875
86.525
88.9375
63.35
52.46875
64.834375
82.475
93.95
124.78750125
112.6
110.21250125
115.2375
88.23750125
82.225
103.03749875
56.4125
38.625
53.975
51.15
87.50000125
135.0624975
109.5
139.36249875
129.3375
95.87499875
84.375
109.7375
87.7375
62.98125
65.203125
92.275
100.15
103.7625
119.75000125
110.92500125
115.21249875
81.525
83.4375
52.125
48.05
48.4125
59.21875
84.8625
105.675
89.4375
150.6125
142.2374975
127.1750025
139.36250125
103.9875
124.78749875
84.6125
64.4375
62.1125
87.975
105.4375
89.1625
115.71249875
137.94999875
129.8
117.375
99.4375
103.5125
71.2375
46.13125
44.346875
74.1125
101.83750125
103.775
89.65
87.725
96.125
74.5875
80.0625
62.1375
59.775
64.6875
72.25625
96.35
90.85
100.65
81.75
92.05
90.125
74.36249875
85.1125
70.75
57.6125
63.3625
78.28125
90.375
108.2875
106.625
111.65000125
126.4875
89.175
98.26249875
98.025
55.9375
50.225
44.69375
53.203125
68.6125
64.7875
53.775
64.5375
70.75
69.82499875
53.7875
64.075
45.65
34.4375
27.75625
21.528125
27.975
37.075
48.5125
49.2375
54.975
43.96796875
51.65
46.8625
44.475
37.3
29.875
43.2625
60.4875
73.3875
83.2
72.4375
88.9375
77.45
63.35
76.025
70.775
62.1625
56.90625
70.290625
84.625
70.5125
83.92499875
71.475
60.95
81.7625
87.5125
85.1
71.95
58.325
53.19375
86.240625
122.88750125
95.15
100.6375
70.0375
77.7
65.5125
81.7625
86.7875
78.6625
59.275
88.825
89.225
100.9
91.55
86.775
75.775
70.275
77.45
72.4375
85.57500125
86.7875
84.625
93.4875
95.275
117.38750125
105.66250125
79.8625
72.20000125
85.10000125
89.1625
124.56249875
96.575
98.7375
79.85
64.4125
69.2625
103.275
116.65
121.21250375
136.525
135.78750125
120.72499875
144.63750375
121.21250125
143.91249875
93.7125
73.01875
68.903125
100.1625
97.5375
82.9625
142.01250125
113.31249875
110.4375025
121.4125
98.7375
118.0875
82.7
59.9
54.68125
94.9
101.6
130.27499875
113.55
119.5250025
114.26249875
121.68750375
121.2125
115.22500125
85.0875
61.31875
68.296875
100.8875
109.0375
87.975
122.66249875
126.46250375
133.175
162.31249875
119.05000125
138.65000375
98.4875
82.95625
79.953125
104.7
112.12500125
108.7625
102.7875
106.38749875
103.0375
70.05
86.525
81.275
78.625
54.3875
69.88125
89.4
82.2375
79.15
70.0375
64.775
62.1375
79.6
106.14999875
118.11250125
68.125
63.21875
73.790625
107.33749875
90.1125
101.58750125
101.10000125
132.212495
113.0875
152.27500125
103.75
118.575
74.6
57.36875
67.028125
92.53750125
90.8375
89.8875
117.6125
130.2875
136.51249875
123.3500025
114.76250125
133.3874975
76.725
46.63125
54.846875
93.7
93.7125
98.025
115.68750125
119.7499975
115.715625
108.775
116.17500125
108.31250125
83.6625
51.75625
53.846875
90.6
87.4875
81.2625
134.34999875
141.0625
119.2875
102.7875
123.58750125
118.10000125
79.3625
64.1875
60.05
63.325
70.0625
54.9875
94.4375
108.30000125
133.8624975
105.6625025
94.1875
109.7375025
81.75
57.11875
61.303125
84.375
87
95.8625
92.025
96.5875
87.2625
86.5625
86.775
68.8375
62.1625
61.9125
89.40625
88.2375
83.4375
85.1375
97.06249875
96.11250125
93.95
89.175
106.85000125
103.52500125
79.375
71.475
81.525
91.7875
90.375
93.2
118.81250125
141.77499625
122.6375
145.82499625
128.1250025
123.59999875
94.175
78.1625
94.925
131.71250125
142.262495
170.93749625
159.9499975
127.89999875
117.1250025
130.5125
115.47500125
124.5625025
92.75
77.91875
78.409375
110.9375
114.025
96.3375
127.8999975
148.4625
127.1875
155.8750025
108.77499875
109.48749875
96.8125
70.64375
74.278125
83.2
113.5625
127.66250125
133.4
126.925
147.51250125
137.2249975
146.31249875
128.1499975
80.0875
49.11875
51.459375
97.3125
128.625
121.9124975
102.0625
135.80000125
128.13749875
136.9875
132.43750125
127.66250125
81.9875
65.35625
48.359375
69.8125
102.8
120.50000125
112.8374975
89.175
70.75
79.6125
64.075
58.575
54.0375
56.7625
57.53125
84.375
66.925
68.125
57.6125
37.05
44.95
45.9
52.8375
43.275
32.0375
37.6625
43.44375
70.775
78.175
91.08750125
89.4
83.6875
65.4875
61.675
57.8375
52.3625
28.45
25.31875
35.396875
49.2375
44.4875
48.525
59.275
48.55
65.0125
59.3
58.5625
54.275
29.4125
20.675
17.85625
25.5875
28.2125
37.0625
45.1875
46.6125
52.5875
51.6296875
51.15
53.0625
41.85
45.9125
44.3375
76.75
108.3
112.11250125
127.4125
125.2624975
109.0125
82.95
55.4375
60.475
32.9875
23.9125
30.1375
45.1875
83.45
76.5
71.7125
64.5375
60.7125
46.6
21.025
24.8875
16.2625
21.4125
8.30625
23.675
27.025
24.4
27.05
23.2
31.575
23.1875
17.9375
19.125
25.8125
40.1625
45.29375
49.7125
47.8
30.85
27.2625
21.525
24.1625
31.075
30.6125
41.5875
32.7625
44.35
37.46875
55.7
99.2125
88.95000125
35.6125
49.4875
60.475
58.3125
50.2125
53.5375
47.1
50.05625
54.559375
94.4375
81.5
83.675
110.93750125
57.8875
55.7125
46.375
68.1375
67.9
73.15
73.3875
72.425
102.3375
117.13750125
109.26249875
91.0875
96.58750125
96.5875
103.27500125
80.8
124.57499875
83.4375
50.55625
55.046875
91.8
112.83749875
128.37500125
147.97500125
137.69999875
130.0375025
111.64999875
106.8625
117.87500125
71
48.3
49.35625
80.0625
100.65
88.9375
99.2125
85.5875
68.125
89.1625
98.25
111.63749875
65.5
30.85
30.96875
70.7875
85.575
110.9375
88.21250125
102.56249875
93
77.45
71.25
66.4375
56.875
58.56875
67.515625
73.85
100.6625
98
97.5375
92.0375
85.8
67.65
85.825
87.75
70.7625
65.03125
69.334375
64.05
66.2
64.075
49
46.3875
121.925
135.0875
103.28749875
105.43749875
76.5125
58.08125
71.103125
120.9625
97.325
76.5125
93.70000125
58.0875
61.675
48.3
47.575
65.975
60.7125
39.0875
48.3375
107.35
103.275
128.375
139.3750025
115.46249625
120.6656225
98.09501828125
77.225
62.1625
55.4625
56.53125
61.371875
74.8125
105.91250125
95.625
111.175
114.02499875
119.77499875
114.51250125
97.0375
92.28750125
80.325
47.8125
44.59375
71.25
60.95
75.7875
85.1
91.1
135.325
151.33749875
145.12499625
159.22500125
121.67499875
82.09375
84.096875
117.3875
141.7749975
119.53750125
116.6625
118.3500025
95.1375
86.3
104.00000125
100.425
84.3875
63.825
93.3625
101.1125
102.5625
123.60000125
114.98750125
97.075
88.9375
89.425
107.80000125
98.25
77.9375
101.8375
104.7
111.17499875
89.65
78.9
64.775
54.9875
55.6875
74.825
103.7624975
90.37500125
86.5375
75.2
72.725
107.3375025
127.4250025
158.2624975
85.57499875
129.3375
150.6250025
141.2999975
127.4375025
129.10000125
104.4625
74.44375
62.559375
119.77499875
119.775
141.52499875
124.8
151.3125
120.0124975
138.39999875
160.6625
144.1499975
106.13750125
91.44375
92.953125
117.1375025
130.76249875
116.16250125
136.75
148
104.47500125
97.797265625
104.903428925781
122.88749875
108.5375025
93.35625
95.090625
110.9249975
121.68749875
82.725
65.9875
52.3625
46.3625
61.9
47.575
60.95
52.125
46.6
62.1375
90.3625
87.725
75.3125
57.8375
49.25
44.45
48.0625
60.9625
74.125
67.1625
71.0125
74.8375
63.1125
45.425
50.2125
43.9875
26.3
24.4
32.75
30.6
70.025
48.525
28.9375
27.25
31.8125
31.075
37.7625
46.625
43.7375
49.0125
38.7375
50.6625
65.0125
52.5875
31.68125
37.953125
59.525
67.175
47.825
41.1375
55.6875
70.0375
51.01875
49.95
65.95
53.325
39.71875
27.634375
32.525
36.575
38.7375
38.725
44.4046875
51.07265625
69.325
49.9625
59.2875
34.6625
16.725
11.975
17.7
27.7375
34.2
33.2125
34.6625
39.925
47.7875
65.75
57.375
61.1875
40.43125
29.534375
40.65
76.4875
114.275
88.7125
65.0125
92.5375
57.375
41.1
57.85
39.9125
25.9625
16.0875
29.4125
39.45
28.675
33.4625
31.55
40.65
43.2875
32.0375
16.25
16.275
23.8
22.775
23.2
22.7125
39.4625
63.125
39.9375
53.3
72.4125
62.6375
66.7125
43.5125
51.14375
46.140625
60.2375
64.5375
82.2375
89.63750125
92.525
108.77499875
92.27499875
67.875
62.6375
50.925
45.6625
52.35
81.03749875
123.82500125
155.3875025
136.26250125
102.7875
70.7625
61.2125
60.7125
72.9125
69.8
86.0375
99.56875
137.22499875
123.8250025
150.8625025
118.3375025
91.775
110.20000375
96.825
140.0874975
132.44999875
90.8375
54.03125
99.465625
135.78750125
174.74999875
89.625
82.95
97.2875
92.75
96.35
139.6125
123.6000025
81.7625
78.40625
89.528125
109.25000125
115.9625025
119.76250125
112.125
108.0625
93.475
99.45
93.95
86.3125
60.9625
43.03125
48.059375
80.7875
83.4375
94.425
92.525
92.2875
94.425
93.7125
105.18750125
90.3625
81.2875
102.075
105.05625
123.5874975
124.775
125.51249875
124.31250125
126.0000025
115.4625
132.92500125
138.187495
119.525
111.425
113.66875
110.384375
129.8125
112.82500125
121.45
115.23749875
96.8375
98.2625
96.35
99.9375
66.45
62.6375
68.84375
70.621875
98.9625
110.45
139.6125
126.725
104.44999875
128.1375
120.72500125
108.0625
64.775
52.0875
57.00625
77.996875
95.8875
95.8625
106.15
112.6
126.4624975
115.2125
129.412506328125
84.8625
79.6125
63.8125
64.425
64.95625
80.55
69.55
53.0875
55.6875
43.2625
39.45
37.0375
42.5625
47.1
18.1625
23.65
42.90625
66.1875
94.4375
99.2125
93.47500125
121.21250125
119.29999875
106.3875
117.15
92.52499875
70.05
57.60625
57.359375
68.6125
102.075
109.51250125
111.4124975
114.51250125
100.6625
84.6375
83.6875
63.8125
43.75
56.64375
70.515625
64.7875
70.2875
91.575
104
78.1875
87.9875
91.33750125
86.3125
70.2875
43.975
77.31875
67.953125
85.575
78.425
65.025
47.8125
49.0125
52.125
61.2
119.55
97.55
70.0375
56.5625
68.55
93.46250125
99.43749875
93.9375
81.525
70.5
85.3375
92.27500125
103.9875
111.17499875
64.5375
59.2625
60.71875
64.0625
101.6
89.41250125
108.7625
151.56249875
151.81249875
111.63750125
114.03750125
93.4625
68.375
67.53125
64.009375
73.8625
103.73750125
115.47500125
143.43750125
131.01249875
124.8
103.0249975
103.975
112.35
71.95
59.2875
75.41875
77.4625
85.1
95.63750125
119.2875
103.01250125
122.41250125
111.4125
89.9
88.95
56.4
53.33125
61.221875
74.1125
86.7625
91.325
90.5875
75.77500125
76.5125
80.575
73.15
64.8
60.7125
79.9875
90.0875
86.5375
82.9625
111.66249875
103.51249875
93.7125
86.5375
108.77499875
102.3125
85.6
68.5875
68.96875
79.796875
83.6625
92.275
105.925
90.59999875
97.525
121.7
85.3625
113.07500125
84.3875
48.0625
52.46875
53.346875
63.8375
80.575
76.7375
92.2875
89.14999875
94.20000125
85.35
66.2125
58.8125
29.8875
32.9875
42.20625
67.1625
52.3375
61.9125
77.225
97.3
84.15
62.2796875
52.915234375
39.7
14.5875
21.15
21.4625
51.15
77.45000125
90.8625
66.2125
70.75
66.45
92.5
82.2375
70.275
60.7375
70.725
70.14375
106.85
110.43750125
108.3
106.37499875
113.33749875
127.41250375
110.68750125
127.17500125
98.2375
58.0875
43.39375
51.934375
79.825
70.5
89.4
66.925
57.6
62.6375
62.85
60.475
65.25
62.3875
68.1375
66.10625
78.9
87.96250125
78.4
48.0625
50.425
87.75
86.2875
97.3000025
102.07500125
75.0625
39.33125
65.896875
87.5125
90.6
93.7
106.86250125
123.83749875
110.93749875
108.05
120.025
109.475
82.725
86.08125
98.028125
93.95
108.5375
92.2875
62.85
60.725
43.9875
48.5375
69.075
113.3
59.75
55.325
67.825
87.9625
109.01249875
100.14999875
121.2000025
120.73750125
129.09999875
114.98750125
99.9375
112.85
54.025
54.73125
75.184375
95.625
118.1
99.7125
101.59999875
94.9
79.59999875
79.8375
102.0875
99.9375
64.3
75.55
79.3875
65.025
55.4625
68.125
65.975
87.5
118.09999875
87.275
81.025
79.6125
68.3625
63.5875
69.3125
77.9375
80.5625
80.0875
62.3875
49.4875
51.875
45.4375
49.0125
49.4875
60.9625
59.7625
73.8625
82.4875
75.5375
69.0625
45.2
34.1875
32.5125
40.4
51.625
49
41.8625
45.9
56.04375
57.625
68.85
68.375
49.2375
76.975
67.1875
60
57.85
66.2125
72.6875
86.16875
96.290625
111.63750125
118.35
121.46250125
127.17500125
134.36249875
109.94999875
118.575
133.41250375
108.5375
57.85
48.65
63.4
87.2625
110.21249875
114.01250125
112.5874975
102.56250125
97.635545625
104.22500125
121.67499875
125.75000125
54.75
54.85
75.60625
77.2125
92.05
94.1875
117.6
122.40000125
93.475
82.9375
90.3625
92.77500125
30.1
24.63125
41.015625
71.225
103.02500125
92.75
96.6
98.24999875
111.1625
89.1625
123.82499875
104.22499875
70.275
51.85
69.20625
85.5875
100.875
101.5875
113.53750125
83.425
93.23750125
93.725
87.25
84.875
68.6125
61.4375
31.4375
40.6625
63.825
80.8
61.6875
38.25
38.9625
44.6875
61.925
63.1
58.3375
71.23125
62.628125
83.65
83.9
106.3875
73.65
63.1
80.0875
94.9125
138.17499625
87.9625
55.4625
52.3375
57.50625
89.175
94.1875
106.625
115.225
109.0124975
118.825
137.4625025
106.8875025
70.75
40.9
30.98125
24.353125
28.4625
38.025
38.4875
48.5375
75.075
55.225
67.8875
69.1
68.6
52.1125
42.09375
58.571875
84.15
101.3625
106.15000125
129.3374975
119.06250125
81.5125
79.3625
92.275
98.5125
57.8625
50.6875
51.38125
76.9625
100.16250125
121.2125
90.37500125
61.2125
46.125
43.75
67.1625
73.8625
46.8625
59.4
64.73125
61.675
90.12500125
94.89999875
95.15
103.26249875
75.5375
71.225
67.65
60.475
53.55
69.20625
65.428125
64.5375
67.3875
69.3125
64.5625
49.2375
48.0375
60.7125
64.775
70.2875
56.425
63.4625
69.14375
64.2875
74.825
81.5125
70.05
49.725
47.325
63.825
83.4375
81.5125
54.75
53.05625
54.371875
59.5375
63.35
65.2625
54.2625
39.9375
44.4625
42.3125
62.15
47.8125
23.9125
22.25625
19.128125
31.0875
38.7375
51.175
67.8875
55.953125
50.1875
69.8125
99.6875
85.08750125
63.6
67.9125
67.525
92.75
96.3375
88.70000125
119.7625
128.375
101.85
95.6125
104.7125
101.11250125
48.55
40.275
45.6125
70.05
76.5
80.8125
81.275
97.54999875
107.09999875
85.575
89.41250125
70.775
34.9125
29.65
38.14375
68.1125
84.375
87.9875
102.78750125
86.55
82.25
90.6125
86.77500125
66.6875
61.4375
83.44375
86.178125
81.5125
91.0875
88.4375
84.875
79.85
88.45
88.9375
99.7
73.625
40.875
52.96875
62.328125
64.0625
90.1375
89.8875
109.96250125
112.60000125
111.63749875
131.475
140.075
95.13749875
71.4875
74.59375
47.3306884765625
44.0130105018616
44.0000508222729
44.0000001985245
44.0000000007755
44.000000000003
44
44
44
44
44
44
44
44
44
44
44
44
44
54.9875
100.66249875
122.3999975
74.825
64.0625
71.60625
84.6375
107.10000125
95.625
121.68750125
106.86250125
110.21250125
109.96250125
110.91249875
96.1000025
47.8125
42.20625
51.340625
56.175
73.3875
83.9125
96.3625
96.3375
109.71250125
97.5375
117.83750125
105.425
62.4
51.86875
60.128125
86.775
43.0125
85.6
97.77500125
85.125
71.4875
72.9125
63.325
44.7
45.175
64.54375
83.784375
82
74.1
71.2625
82.9625
64.55
68.1375
74.35
66.675
48.7625
27.0375
31.925
34.9625
45.675
73.1375
79.1375
92.5125
95.85
101.8375
102.55
109.84374875
99.088671875
63.325
77.09375
89.840625
103.75
100.15000125
90.85
93.475
94.4375025
108.775
120.4875
147.2625025
107.825
60.0125
45.925
49.96875
75.7875
93.4875
92.9875
105.9125
72.9984375
79.4529309375
66.95
79.125
66.925
36.1
43.74375
55.440625
73.1375
83.925
83.4375
89.65
114.9875
98.7375
99.675
107.82499875
97.3
49.9625
33.1125
57.19375
80.3375
89.875
85.1
86.0625
88.925
88.2125
104.95
60.475
76
32.5125
10.64375
24.209375
49
62.875
60.2375
76.7375
73.875
85.8125
84.3875
86.525
66.4625
67.6625
79.96875
79.196875
75.775
77.4625
76.0125
82.2375
73.4
59.275
69.3125
76.9625
51.1625
37.3
46.60625
61.909375
68.125
72.2125
75.0625
94.8875
106.6125
123.85
111.175
119.7625
111.64999875
71.9375
68.34375
68.353125
79.85
55.45
47.325
56.1625
39.45
55.7125
72.9
111.15000125
88.20000125
43.75
32.75625
49.140625
66.475
70.275
88.7
106.6375
92.5125
102.0625
81.0625
101.61249875
76.7375
38.25
31.45
50.2625
76.025
93.25000125
89.6375
138.6499975
116.1875
119.525
100.65
134.12500375
98.9625
47.8125
36.325
40.6625
65.9875
76.05
67.4125
76.9625
82.475
83.425
74.1
87.5
75.7875
27.75
22.6
45.825
73.1625
71.475
64.5625
70.7625
67.65
57.1375
56.6625
55.9625
36.3375
41.6
65.88125
71.171875
81.5125
77.2125
91.575
83.2
76.5
79.8625
104.96249875
100.87500125
78.65
53.075
57.49375
76.909375
85.1
69.8125
70.275
84.625
119.2875025
113.78750125
114.51249875
119.77500125
92.3
62.125
67.90625
71.728125
112.86249875
88.2125
71.4625
101.36250125
105.41250125
99.69999875
118.325
125.03750125
104.725
58.3125
49.85
101.19375
90.61250125
94.4249975
127.91249875
137.2375
125.7499975
136.975
126.075
136.02500125
131
81.2875
84.36875
73.153125
95.62500125
68.375
71.025
60.2375
65.0375
127.6375
103.04999875
94.45
108.7875025
79.85
62.6375
83.3375
83.89999875
86.3
95.85
113.8
98.7375
118.58750125
123.8499975
74.57500125
59.2875
53.0375
43.88125
50.746875
84.62500125
84.15
85.5875
79.85
90.11249875
71.725
97.80000125
61.9125
51.3875
67.4125
63.4625
60.9125
62.1375
60
86.0375
72.9125
75.775
84.62500125
108.0499975
151.3125
71.25
54.975
71.718751875
58.0906253125
87.4999975
104
98.7125025
124.325
148.22499875
79.8375
98.51250125
81.275
54.7625
56.4125
55.225
62.75625
79.375
79.15
92.0375
103.75000125
118.56250125
86.3125
86.05
98
65.0125
56.4
54.275
67.05625
76.4875
84.15
86.7875
102.0875
98.73750125
102.56249875
94.4375
95.86250125
68.6125
51.625
52.93125
57.540625
53.3
73.625
82.7125
77.95
89.64999875
99.43750125
87.4875
71.225
75.0625
53.05
57.00625
68.565625
70.2625
86.3
76.7375
83.4375
94.6625
65.5
70.0375
61.175
59.2875
37.5375
37.0625
53.90625
57.8375
54.0125
61.45
84.875
61.9125
64.05
48.3
50.4625
45.4125
51.15
41.9625
56.0875
64.0375
77.6875
72.425
79.85
72.425
65.975
79.8375
76.7375
63.1125
46.625
56.75
64.7375
69.3125
84.1625
85.35
105.4375025
85.5875
88.925
81.7625
84.1625
78.6625
66.225
73.14375
79.603125
81.05
78.15
79.6125
92.3
92.244921875
81.0375
100.16250125
105.6625
89.4
69.075
68.8625
78.6625
78.65
82.9625
75.5375
90.1125
95.3875
88.9375
82
94.65
85.5875
61.2
64.2875
76.0125
68.3625
82.2375
81.2875
77.2
99.2125
88.2125
93.2125
90.8375
83.425
75.2875
98.6125
97.725
