"x"
61.2
80.2
88.5
84.7
81.2
80.4
80.2
85.5
96.6
92.8
91.6
102.8
81.3
81.2
88.8
73.9
76.7
48.4
49.1
57.2
73.9
64.8
61.1
53.5
45.2
34.7
40.6
44.4
45.5
46
40.4
37.4
40.1
40.7
43.7
49.5
47.7
46.5
44.9
56.9
39.2
47.5
57.3
47.1
37
39.3
41.7
47.8
47.3
44
47.4
31.1
55.6
39
52.4
46
52.9
50.9
49.6
49.5
49.45
49.4
66.9
54.7
62.8
57.6
47.4
53.8
65.3
54.2
58
54.7
58.6
38.9
39.6
24.8
30.7
23.2
20.1
24.8
22.2
18.7
12
14.1
11.3
9.8
14.8
10.1
12.7
13.6
15
17.35
18.525
19.7
27.9
23.3
26.1
40.2
32
29.4
32.2
42.9
40.2
44
40.4
40.7
39.6
35.1
46.9
46.6
38.2
51.9
50
38.4
51.5
40.6
52.6
64.3
61
68.2
60.5
68.1
72.5
59.6
65
56.2
55.7
52.3
61.2
58.4
48.2
49.2
44.7
46.8
42.6
31.2
34.6
46.3
32.2
30.6
26.3
36.5
41
39.1
48.2
49.7
49.5
48.7
39.3
32.8
41
38.6
42.4
40.5
40.5
46.1
46.9
37.3
44.6
48.3
46.2
53.4
51.2
45.8
56.4
48.5
43.8
40.4
41.3
32.1
34.1
26.7
18.4
18.1
21.5
18.6
25.1
21.3
20.1
18.2
23.7
24.1
34.5
41.6
31.2
23.5
25
27.2
28.3
29.4
29.9
28
28
30.4
24.5
22.4
29.7
36.6
26
21.7
16.3
18
16.1
16.1
19.4
17.5
22.5
25.1
22.7
30.1
28.9
28.1
29.1
32.6
40.2
33.8
42.4
35.2
36.9
52
50.4
32
25.4
22.5
30.9
36
28.9
24
46.7
53.3
39
36.1
32.5
34.5
38
47.8
43.3
24.7
37.7
42.4
49.3
34.3
34.6
26
35.2
31.1
48.9
37
48.9
42.4
42.9
39
44.2
64
81
53.7
50.8
56.7
53.9
55.3
63.5
57.3
55
45.7
38.2
40.8
42.2
38.9
35.4
37
35.5
30.8
30.5
22.9
21.3
25.3
29.8
29.9
26.5
30.6
26.1
19.5
21.1
21.85
22.225
22.6
29.3
22.8
21.8
31.9
36.5
36.7
29.7
30.4
29.7
32.4
29.1
28.4
31.2
34.4
33.2
38.4
34.3
62.5
27.4
31
27.4
23.9
31.7
26.7
21.7
23.2
23.2
27.5
22.1
21.8
20.6
21.1
25.9
32.2
20
25.2
27.9
19.7
24.2
76.6
56.7
90.1
63.4
86.1
35.3
84.7
60.5
29.3
28.9
45.4
124.6
92.5
41.8
51.2
34.7
47.5
32.3
32.9
34.9
33.9
39
45.2
45.5
43
45.1
36.3
38.1
97.2
50.5
37.4
87.8
44.8
42.7
39.7
39.2
37.5
33.9
34.5
31.1
24.4
22.9
22
23.4
18.4
21.7
17.9
17.2
21.3
19.6
20.5
20.3
22.5
16
20.65
22.975
25.3
27.7
34.9
31.1
28
34
37.9
39.3
32.3
28.7
38.1
30.2
36.4
37.2
30.9
46.5
29.2
34.2
33.7
33.9
29.2
26.8
26.9
27.7
31.5
34.1
41.8
48.2
35.7
37.6
37.6
35.9
41.5
29.9
39.4
42.5
50.2
50.1
34.2
30.7
23.9
29
84.7
26.3
33.6
39.3
30.3
34.5
28.7
32.2
34.1
33.4
60
51.2
61.8
116.6
82.5
48.4
37.3
51
46.8
34.2
35.3
39.8
29.7
56.4
36.9
45.7
47.3
38.8
42.8
35.6
46.3
38.3
26.5
27.4
25.9
20.1
18
15
13.4
10.3
11.3
6
5.2
8.3
12.5
8.1
5.7
6.7
9.6
8.9
14.1
17.3
15.95
15.275
14.6
18.2
21.8
