"x"
51.9
42.4
41.8
47.8
51.5
50.7
60.9
58.6
58.4
56.9
58
62.4
60.6
65
65.1
66.4
80.1
81
81.6
78.2
84.6
87.7
87.8
90.9
100.8
79.5
100.3
70.8
89.1
107.2
80.6
84
82.3
59.4
74.2
105.5
99
59.1
61.3
76.5
125.1
131.8
56.4
64.3
84
92.9
87.9
65.2
117.7
69.5
163.89999
87.2
69.4
79
94.4
96.7
83.3
87.7
111.4
107.5
89.9
87.9
150.39999
145.3
153.3
110.2
140
168.3
177
130.5
124.2
115.3
104.8
78
68.9
88.7
74.2
61.2
62.8
50.1
53.2
55.2
48.9
49.6
55.9
48.2
45.6
48.7
55.6
63.3
57.7
58.25
58.525
58.8
65.1
61.5
80
75.6
69.7
73
70.8
66.5
74.6
78.3
72.4
76
73.6
76.6
72.9
91.1
82
108.6
107.1
96.1
90.5
90.2
84.9
85.5
91.1
140.7
138.3
154.8
144.89999
142.39999
142
127.5
163.3
109.3
96.2
174.60001
121.5
99.5
102.3
169.89999
81.3
108.7
105
79.2
95.1
71.2
81.7
65.4
51.5
148.2
88.1
72.6
64.4
54.1
90.7
107.3
122.1
78.8
106.6
66.2
116.3
70.7
79.3
117.6
120.3
143.5
114.6
147.3
119.2
167.2
134.60001
105.2
109.9
98.5
99.4
82
69.5
72.9
60.3
58.5
56.9
47.9
49.5
42.8
44.4
43.8
42.8
44.5
42.2
38.9
38.2
46.5
34.9
34.6
34.45
34.3
42.1
40.5
46
44.4
54.6
57.8
72.1
63.6
72.2
65.2
66.8
67.7
68.2
74.1
74.5
83.8
129
101
85.8
80.5
81.9
84.7
98.5
109.1
128.5
92.9
112.7
121
119.1
84.8
95
105.3
102.6
78.4
83
73.3
92.5
114.3
103.2
69.7
66.4
50.5
75.1
55.6
59.2
47
45.4
33.4
57
41.1
68.9
41.3
61.5
42.4
48.7
46.9
62
58.8
78.9
60.7
40.2
57.6
64
77.7
77.7
151.2
126.9
85.4
77
68.6
43.3
48.5
83.2
46
36.9
40.6
28.1
26.3
28.4
25.6
21.6
19.8
18.4
21.9
32.1
34.2
38.8
24.6
21.6
26
27
23.7
22.8
24.3
25.05
25.8
29.3
26.3
29.3
29.1
35.5
40.6
41.1
39.1
43.9
35.8
37.4
39.7
42.8
49.3
46.7
64.6
72.2
68.9
70.7
78.7
77.8
74.5
89.4
105.3
90.6
88.9
109.7
95.3
99.5
102.3
100.7
107
99.5
97.8
72.1
78.3
92.8
81.3
101.7
77.9
82.8
94.8
65.9
108.5
60.9
72.9
84.7
99.2
84.6
95.8
120.8
100.5
91.5
68.2
77
96.7
86.4
91.7
85.9
79
94.5
107.1
85.4
88.7
98
101
118.1
92.4
105.1
98.9
109.4
96.6
89.5
90.4
76.2
65.4
50.8
49.4
43.9
39.7
32.8
29
26
24.4
23.9
24.2
25.6
26.3
21.6
21.4
21.8
23.7
23.7
26.5
27.9
29.3
25.3
28.6
38.4
34.6
37.4
36
37.8
41.6
51.6
58
56.9
58.8
55.9
68.6
50.5
60.1
79.3
66.7
87.1
74
87.9
70.7
95.8
77.2
98.3
102.3
92.7
98.6
90.5
102.1
80
96.9
79.8
94.3
111.2
69.3
115.6
78
106.9
142.39999
115.8
89.1
69.2
122
82.4
86.7
82.4
54.4
76.9
80.5
96.2
110.5
91.1
114
127.7
111.5
96.7
139.60001
95.2
108.9
111.2
128
155.8
136.3
101.3
142.8
99.8
75.5
80.4
61.4
70.1
89.1
71.3
65.7
58.8
58
58.2
60.2
63.8
55.7
55.5
45.2
54.4
58.8
54.5
55.7
55.7
54.8
57.3
59.4
62.8
60.8
62.9
59.85
58.325
56.8
69.3
56.8
61.3
68.7
55.7
66.9
76.1
82.3
77.2
81.5
90.1
81.5
78
80.5
76.9
78.4
80.1
79.1
82.6
81
81.8
88.5
79.7
79.1
80.6
80.7
80.6
84.7
72.7
62.6
61
58
48.5
46.3
43.6
39.6
38.4
51
59.4
63.2
71.3
58.1
51.8
61.5
58.7
82.7
76.3
67.3
60.5
51.5
47.2
39.9
49.4
54.3
75.3
68.4
57.1
62.9
70.9
56.9
53.9
58.6
52.8
55.7
53.9
53.5
56.3
50.5
48
49.3
49.3
49.3
50.7
51
49.4
48.6
46.3
49.5
48.4
46.5
47.3
47
46.8
49.3
47.9
51.4
59.1
55.4
55.4
51.9
56.1
59.7
58.2
58.9
59.25
59.6
59.4
59.8
60.8
59.6
66.7
60.6
59.1
62.3
66
56.3
46.5
61.1
60
59.2
59.6
54.5
54.6
53.1
47.3
57
55.2
56.5
49.8
46.9
54.1
49.1
58.8
56.9
54.4
46.3
43.7
37.2
33.7
38.6
31.9
37.7
37.5
35.6
40
42.6
44.8
41.3
40.9
45
57.8
49.2
39.9
48
51.3
51.7
54.5
48.2
61.8
60.3
60.1
56.8
50.8
46.2
42.4
55.2
58.7
52.1
52.7
52.7
49.2
53.6
52.4
44.1
51.1
35.6
25.6
35.8
31.2
26.3
21.4
30.5
27
33.1
38.6
38
35.8
34.2
34.5
35.7
33.6
34
32.4
30
31.2
35.4
39.1
42.5
41.4
40.15
39.525
38.9
40.8
43.3
46.5
51
65.2
68.4
53.9
45.5
52.5
51.6
47.2
52.8
52.1
59.5
57
57.4
73.8
87.2
71.7
71.3
74.3
83.7
106.2
132.7
76.8
111.5
71.5
103.8
147.8
98
103.2
125.5
123.4
92.9
121.5
89.7
103.8
82.9
99.1
120.9
86.1
62.4
117.8
89.8
97.7
95.2
85.2
94.6
71.7
101
104.3
95.5
70.4
95.6
119.8
119
71.8
109.5
66.5
113.5
109.4
86.7
95
102.7
121.2
90
93.7
90.6
94.3
96.2
92.7
123.2
105.2
76.6
77.8
58
66.1
58.5
56
50
49.3
46.3
50.9
47.5
58
55.2
57.9
58.2
58.9
57.2
59.6
63.5
66.9
69.1
70.2
71.3
75.2
78
80.1
77.5
78
83.3
84.3
97.8
97.5
89.8
99.5
105
101.4
109.8
104.4
117.7
142.10001
114.5
104.4
148.60001
138.7
138
132.3
149
176.2
151.8
114.3
147.39999
135.39999
155.7
182.7
133.5
135.5
64
97.6
126.8
130.5
112
151.3
90.9
124.5
154.60001
92.3
118.4
72.2
100.5
132.60001
78.4
116.6
142.60001
124.3
149.7
178.2
149.60001
159.39999
153.8
170.8
160.8
138.3
138.89999
128.8
103.6
192
162.89999
124.5
101.3
85.6
91.5
159.2
74.6
70
65.2
66.9
56.8
70.3
69.4
69.6
62.9
63
68.8
58.4
46.4
50.2
55.7
48.4
53.2
49.3
52
56
60.9
62.6
65.7
67.5
67.5
67.5
67.5
52.8
48.4
58.1
77.9
77
69.7
70.7
68.3
61.8
56.5
71.3
72.9
65.1
77.3
75.7
74.5
69.1
53
51.1
55.6
54.9
52.3
53.2
72
69.7
54.4
62.3
85.7
66
81.7
110.4
60.9
62
43.6
64.1
47.1
59.7
75.1
81.8
106.9
89.9
78.2
45.9
60.8
45.7
45.7
47.6
33.4
52.2
40.5
41.3
30.8
36
37.1
35.9
24
39.2
36.1
36.1
70.5
70.2
117.4
77.7
83.1
99.6
106.9
72.1
33.4
42.6
40.8
38
55.7
42.6
72.5
64.4
59.1
62
59.5
52
46
45.5
35
40.7
32.8
35.5
31.1
29.9
32.8
35.1
31.1
34.4
31.3
36.7
30.2
26.95
23.7
24.3
24.8
24.4
23.7
27.6
31.3
33.2
36.2
48.8
61.1
57.9
69.5
74.8
72.4
75.7
70.5
78.4
91.2
74.8
95.8
101.7
152.3
123.5
134
127.2
131.10001
131.89999
156.60001
141.39999
142.7
218.8
158.60001
139
152.2
164.5
114.1
115
170.10001
137.2
119.6
104.3
71.7
86.1
116.5
117.3
115.2
119.3
126
106
96
110.6
114
94.7
98
102.2
103.5
99.9
112.6
102.1
107.7
117.3
96.1
108.8
81.4
85
87.1
93.8
131.8
85.8
99.8
76.8
74.8
73.8
74.7
70.3
60.8
57.4
56.9
50.5
51
52.6
53.6
48.5
51.1
49.7
48.8
46.9
45.8
40.4
48.8
46.7
48.6
48.1
49.1
49.6
50.1
45.5
46.2
41.8
53.7
48.5
54.8
48.1
43.4
52.5
52.5
52.2
48.6
54.4
56.2
53.2
57.3
60.6
59.2
73.4
91.9
102.6
97.2
120.2
124.8
125.6
135.7
79.5
96.2
89
101
114.4
134.8
144.39999
108.6
151.7
98.5
180.10001
121
135.2
128.10001
73.9
147.5
87.2
89.4
101
103.9
121.1
78.1
74.5
72.5
97.1
146.39999
96.4
59.9
78.5
90.4
102
62.2
63.1
99.6
100.1
94.7
133
114.7
127.4
148.2
165.2
172.8
156.7
203.89999
143.3
116.8
90.1
119.2
97
85
74.3
56.4
61.6
69.5
58.8
51.6
56.5
57.6
55.3
55.8
56.2
48.5
56.2
49.9
50.6
52.7
55.3
51.55
49.675
47.8
58.3
51.1
56.9
53
45.9
31.7
37.8
35.2
59.7
63.9
46.6
61.3
62.9
56
62.5
51.1
44.7
38.2
50.8
51.5
43.1
47.8
54.8
63.2
84.6
78.8
56.1
59.7
75.7
63.8
71.3
33.3
53.8
44
48.5
62.2
44.7
54
42.4
44.5
39.2
41.2
47.8
39.6
48.7
40.8
40.1
37.5
38
38.4
39.6
52.4
36.8
41.9
39.4
40.5
39.4
39.6
36.1
48.7
46.1
33.3
36.1
50.8
41.5
40.3
43.8
54.5
31.7
37.1
33.8
35.6
50.6
38.2
34.5
46.9
54.5
32.4
49.4
33.3
32.4
26.6
33.3
33.3
28.9
34.5
34
37.8
40.6
32.4
41.3
41.2
37.8
45.35
49.125
52.9
63.2
45.2
40.5
40.5
51.7
66.2
49.4
31
29.3
35.6
61.3
41
28.4
30.7
31.2
33.1
41.5
30.7
35.4
35.4
70.8
51.7
56.7
63.6
53.4
61
62.2
42.2
33.5
31.9
37.2
65.7
46.3
52.9
39.8
50.3
34.7
42.6
40.3
41.7
40.3
38.2
39.8
44
58.2
55.2
47.1
46.1
54
44.7
40.7
51.2
39.6
44.9
48.2
45.4
42.4
49.4
38.6
42.8
41.2
32.6
43.3
35.4
44
35.4
33
43.8
29.5
25.1
23
26.7
30.9
27.4
27.2
22.3
24.6
26
27.7
23.5
23.5
20.9
17.2
18.1
17.4
17.4
18.3
21.1
20
23.7
25.3
27.7
18.8
19.5
19.85
20.2
20.7
20
26
28.1
33.7
41.9
40.3
57.5
33.5
28.4
37.2
36.8
34.7
35.8
45.9
49.1
49.6
50.3
40
50.3
55
51.5
43.8
50.5
58.7
53.8
47
58.9
42.6
45.2
44.2
49.6
65.9
70.6
48.9
44.7
44.7
48.2
62.2
55.2
49.1
60.8
48.4
49.4
40.7
52.2
46.6
40.5
32.5
62
49.6
39.6
43
47
53.6
48.7
56.8
51.2
54
64.8
54
55.7
62.7
46.3
42.8
63.6
61.3
80.6
88.6
104.7
87.6
102.6
79.2
92.3
94.4
89.1
82.1
65.7
65.9
67.1
63.8
60.3
62.4
55.4
54.5
53.8
55.9
53.1
51.2
51
47
48
51.2
54
55.4
56.8
67.6
65.5
67.8
63.1
61.5
66.6
80
79.5
67.8
73.6
84.6
79.7
72.2
69.4
69.4
75.1
82.5
84.4
85.8
95.1
105.2
108.7
119.7
138.60001
123.2
152.60001
167.10001
77.9
128.39999
121.8
117.4
124.9
119.7
124.8
85.6
73.4
82.3
65.5
88.9
70.4
59.9
73.4
54
82.1
38.1
44.4
81.8
42.8
94.2
52.4
72.2
70.6
77.4
64.3
68.5
72
77.9
54.5
63.6
68.8
69.5
85.1
93.8
87.5
97.5
108.8
90.8
138
88.3
139.2
151.8
104.1
138.5
107.3
90
75.5
73.6
67.3
72.9
66.9
65.9
63.4
56.3
56.3
58.4
58.2
60.1
58.4
56.3
57.3
55.2
59.8
60.3
65.1
67.5
69.9
69.4
70.4
71.8
78.4
69.7
76.1
73.9
83.1
103.2
76.1
78.9
87.3
86.1
81.9
81
84.3
92.9
113.3
92.4
101.3
94.7
102.9
98.2
128.7
155.60001
152.89999
146.10001
102.5
130.5
127.3
121.2
132.2
116.3
125.6
74
96.2
112.6
148.5
114.4
97.8
136.39999
79.6
151.5
68.6
93.1
118.8
76
151.60001
113.3
101.8
128.60001
74.1
71.1
70.4
80.3
95.2
74.9
75.3
91.5
102.8
95.6
129.5
121.8
85.5
60.1
65.5
56.7
49.4
69
56.8
53.1
44.9
44.6
43
50.5
48.2
41.4
35.8
46.3
38.8
52.1
32.9
32
28.7
24.3
24.7
28.5
23.3
24.5
22.2
22.6
26.8
22.9
28.4
31.15
33.9
26.1
23.1
57.2
72.5
130.7
74
62.6
77.9
94.4
93.9
112.2
110
114.6
115.2
111.1
149.60001
119.3
114
140.7
123.3
128.3
123
126.2
133.5
132.8
110.5
100.4
59.5
74.1
68.4
63.3
77.5
53
92.8
105.5
78.5
28.2
46.5
33.5
40.5
54.7
47.3
38.2
52.1
63.5
61.7
70.8
38.6
52.6
30.4
64.3
56.7
64.3
29.6
71.8
45.5
45
79.7
42.5
78.7
77.8
66.3
52.7
61.2
97.2
76.3
127.2
64.8
61.7
103.3
81.5
70.8
63.6
60
47.8
43.7
41.1
36.7
31.3
27.4
30.1
23.5
25.8
25.4
21.3
22.4
22.4
24.4
24.4
29.4
27.6
34.6
30.15
27.925
26.8125
25.7
23.6
26.8
31.8
33.1
36.7
57.1
44.4
41.1
39.8
32.6
46.3
26.1
25.6
32.4
33.7
55.9
78.3
67.2
112.3
97.1
68.4
101.2
90.8
81.4
83
74.9
84.3
124
105.4
113.9
86.8
50.2
59
101.8
65.2
48.5
53.6
43.6
52.1
56.35
58.475
59.5375
60.6
56
51.2
51.7
81
50.8
63.4
59.9
55.4
69.8
81
52
71
63.8
81
58.3
88.4
72.4
88.3
80
70.7
86.7
95.8
72.4
75.7
80.9
96
104
104.6
111.7
94.2
75.2
80.8
58.4
48
45.1
50.5
39.3
39.7
42.2
36.8
34.6
27.4
28.5
31.7
22.4
21.5
19.5
20
25.4
30.4
25.2
22.6
20
22
23.2
26.8
26.1
28.8
34.2
28.5
35.6
40.5
33.7
42.8
42
35.7
45.6
34.6
39.8
44.8
58.8
46.9
49.3
43.7
62.3
46.9
46.9
52.3
50
64.6
52.5
68.7
28.2
30.3
27.9
33
40.6
38.3
47
47.2
44.6
57.2
43.3
42.6
42.4
36.4
41.5
57.5
47.9
63.8
35.3
42.2
65.1
46.3
56.7
56.3
67.3
46.4
59.8
51.7
58.2
25.9
53.6
38
48.5
55.3
42.3
51.7
59.8
56.1
53.9
62.9
57.1
68.2
72.1
67.5
80.1
80.7
72.8
71.2
71.2
71.6
69.5
75.9
76.6
73
74.6
77.4
77
74.3
78
79.6
81
84.5
91.4
101
85.7
78.05
70.4
79.3
78.5
107.4
88
90.2
77
83.6
91.8
80.6
80.7
79.9
78.3
74.5
75.6
88
89.8
100.7
91.4
89.7
101.4
107.2
123.5
151.3
168.5
114.7
107.5
115.8
126.3
69.5
77.7
73.6
70.3
104
63.9
80.5
86.2
56.6
67.3
80.7
78
82.1
55.9
86.9
70.5
70.4
62.2
56.7
105.1
58.8
76.9
66.6
64
69.2
84.5
85.7
74.9
82.7
84.8
83.6
61.6
75.1
54.4
52.2
50.6
58.1
81
88.6
48.7
58.1
59.8
67.8
71.8
65.2
64.8
62.9
72.9
69.4
79.5
75.8
59.6
55.1
53.1
54.2
44
54.9
44
46.4
51.6
47.5
49.4
52.7
55.7
58.9
47.6
41.95
36.3
41.7
44.8
53.6
53.6
54.6
60.1
68.2
76.5
81.3
60.4
86.6
94.8
93.2
123.7
88.6
83.3
91.4
67.9
68.1
80.9
81.3
89.1
105.7
103.5
130.60001
84.2
144.7
96.4
103.4
51.3
70.8
56.6
71.7
47.6
60.6
54.8
47.3
53.5
56.1
53.5
50.9
39
39.1
49.5
71.9
74.6
64
53
51
30.5
57
42
49.9
53.6
54.2
67.4
76.1
49.1
52.1
61.8
52.9
101.7
69
93.8
144.10001
87.6
72.5
86.6
131.8
139.7
77.3
101.7
107.1
98.2
79.8
79
81
66.5
72.3
64.5
61.8
58.3
68.3
59
56.3
58.6
53.6
54.7
46.4
54.1
59.9
69.4
84.9
79.25
76.425
73.6
77.8
82.5
97.9
93.9
87.4
85.3
91.2
102.1
101.2
103
99.4
106.2
111
94.5
82.9
96.2
103.1
101.5
84.7
89.8
97.5
88.3
85.2
82.2
87.9
65.6
61.7
58.9
65.5
96.9
110.1
134.39999
100.9
107.5
120.9
95.6
99.2
81.9
49.9
49.8
54.4
57.6
66.4
68.2
60.1
55.3
64.7
75.9
62.3
67.2
67.2
96.4
88.5
74.7
80.7
61.5
104.1
86.4
65.9
74.7
72.5
78.7
77.3
81
93.2
105.7
119
96.9
124.4
108.1
114.2
89.2
85.3
72.8
79
81.4
52.6
50.3
48.3
45.9
49.5
48
46.5
49
50.8
51.2
55.7
68.6
57.6
57.8
63.1
72.1
89.7
76.95
70.575
64.2
63.3
70
50.3
52.9
61
62.5
66
53.5
68
60.2
54.4
58.9
66.2
66.9
76.9
70.6
67.8
74.3
74.1
75.4
72
66.2
71
89
80.6
78.5
66.8
60.6
66
53.9
51.8
55.6
58.3
80.4
61.6
58.1
71.2
68.6
88.6
59.4
50.6
54.3
42.4
39.5
82.4
90.2
66.1
82.6
47
70.7
58.2
85.2
84.9
67.2
92.1
79.3
57.9
61.9
97.1
66.5
64.7
87.4
91.6
140.2
94.6
111.9
130.89999
119.2
183.3
126.9
114.9
129.5
128.39999
112.9
97.2
85.1
88.4
70.2
67.6
58.5
62.8
76.3
85.5
67.5
67.8
75.7
66.9
68.5
61.6
64.9
70.7
79.5
88
82.3
79.45
76.6
71.9
72
74.4
73.7
77.2
69.4
71.5
69.3
71.2
63.1
67
72.8
79.8
107.4
91.2
85.5
94.1
93.1
73.8
75.4
77.9
83
79.5
68.3
51.2
77.9
39.9
68.8
81.8
104.2
86
91.9
83.6
87.5
123.7
105.5
69.1
87.3
80.3
79.9
74.5
76.7
81.4
84.4
97
52.2
83.2
86
62
52.5
76.8
95.4
64.8
65.6
49.7
108.2
73.9
69.8
67.9
68.1
94.4
180.5
67.8
85.2
93.6
101.3
140.7
157.60001
90.7
133
157.3
113
115.5
94.5
74.9
74.3
54.2
58.2
45.9
54.2
49
37.8
43.2
38.7
40.3
33.5
36.3
34.1
38.1
40.6
41.5
49
54.7
47.95
44.575
41.2
44.7
43.8
61
62.4
67
65.2
67.6
73.7
68.8
68.4
69.8
78.4
80.2
74
79.1
84.6
91.5
89.1
89.7
94.9
89.7
92.2
79.8
92.8
87.4
116.7
81.4
118.7
128.10001
84.1
83.7
110.1
76.8
78.9
40.3
55.6
59.8
47.9
42.9
68.7
65.9
61.8
58.7
39.5
60.4
30.5
32.4
29.5
44.2
51.9
43.8
50.1
45.8
37.9
51.9
36.2
38.4
38.8
57.5
40.7
48.5
46.3
56.1
46.1
42.6
51.1
81.5
60.1
72.3
57.1
80.2
83.8
78.7
62.3
69.9
45.3
39.7
32.6
33.6
37.4
30.1
24.3
28.1
25
26.1
25
23.4
23.9
25
28.8
31.2
36.1
40.4
32.5
28.55
24.6
27.2
27.9
29.1
27.4
26
30
40.9
44
44.3
42.5
43.2
43.5
44.9
46.6
47.5
50.8
83
78.6
81.1
86.2
88.8
93.3
80
109.1
84.9
52.9
76.4
40.6
56.1
39.2
42.7
45.2
42.3
46.8
47.8
39.5
50.5
54.6
45.2
38.4
60.5
48.9
51
71.3
69.9
48.4
59.4
57.6
75.8
74.6
49.8
67.8
68.4
83.6
85.7
85.1
51.3
88.2
81.6
45.5
59.6
40.4
52.7
57.4
56.8
52.7
47.8
54.9
47.6
46.9
51.5
59.5
60.2
57.5
49.9
46.5
45.5
47.2
45.4
45.2
44.4
41.5
43.9
45.4
38
40.6
41.7
44.2
42.6
42.9
48.3
57.7
56.9
49.85
46.325
42.8
50.8
44.8
52.4
48.3
57.5
58.8
59.7
57.8
60.3
65.8
67
69.1
65.9
60.5
61.1
65.6
74.1
64.4
77.6
71.6
80.1
92.7
104
82.7
107.2
76.7
81.4
74
62.5
82.7
78.4
50.5
58.5
49.4
60.2
49.9
65.4
52.1
44.4
72.2
50.9
44.3
78.8
81.4
72.9
60
58.5
75.5
91.5
92.4
62.7
68.7
69.1
69.5
83.7
81
118.9
66.8
60
98.5
81.5
103.6
62.1
52
54.6
47.4
53.8
57.3
46.8
58.7
65
49.7
58.9
73.7
54.1
58.9
56.6
53.6
61.7
56
63.3
56.7
55.4
54
53.9
57.5
55.8
61.1
56.9
61.2
65.6
65.7
82.8
68.5
61.35
54.2
59
61.7
60.6
56.1
62.1
66.6
65.9
65.4
67.2
73
67.8
74.9
76.4
70.8
67.3
68
73.1
75.7
81.5
86
105.9
95.8
129
108.8
120.3
126.9
158.2
96.5
112.1
91.2
101.5
158.39999
144.39999
101.9
76.6
71.6
60.8
139.39999
100.7
95.8
74.9
40.7
115.5
89.4
67.3
105.6
76.1
67.3
79.3
60.5
48.7
36.7
46
108.6
60.8
71.5
67.5
63
46.1
62.7
48.2
42.7
53.2
32.8
74.4
100.9
72.8
82.5
127
73.5
77.3
70.7
55.5
49.9
52.1
50.5
53.2
48.2
52.7
49.4
45.4
45.3
49.8
47
42.3
41.4
42.9
45
45.9
43.9
42.8
47
50.5
49.5
49
48.5
41.8
44.3
43.6
41.6
41
48
44.3
46.7
46.1
48.9
45.7
49.3
51.7
46.8
43.4
52.6
60.1
66
70.8
58.9
51.8
41.6
57.2
58.1
50.1
32.4
38.8
40
64.7
80.1
98.8
62.3
48.5
109.9
90
64.6
111.6
65.8
105.6
93.7
88
65.6
78.2
55.7
72.5
57.2
64.2
74.2
69.3
59
64.6
50.4
64.6
61.3
50.9
40.1
67.6
75.8
66.8
82.5
82.6
89.1
68.6
71.7
90.3
69
93.7
90.1
105.5
109.3
83.7
108.8
80.7
77.9
70
53.2
54.7
52.7
51.9
46.5
38
37.8
40.2
36.1
35.7
36.1
34.4
38.7
37.7
40.8
39.1
47.3
48.1
41.35
37.975
34.6
38
34.2
37.9
39.3
41.3
46.5
48.7
49.1
51
51.3
47.3
59.8
66.2
52.1
59
77.6
81.2
97.7
78.9
93
59.2
80.2
106.1
99
84.1
86.1
83.8
73.8
83.7
68.3
57.9
62.1
53.2
59.3
67.5
48.8
69.1
78.9
78.8
113.1
93.4
65.3
40.3
58.5
106.8
40.8
57.6
48.4
58.2
37.8
66.3
53.9
90.8
71.7
48.8
66.2
61.4
58.2
111.3
70.9
79.9
66.7
88.2
104.7
94
54
100.3
155.10001
158.2
132.2
149.60001
106.1
113.3
113.6
99.5
94.2
91.7
85.4
82.1
81.6
70.8
63.5
73.4
85.6
68.3
73.8
65
65.9
69.2
82.2
75
77.5
85.6
82.05
80.275
78.5
75.5
75.3
74.7
71.8
75.3
73.3
71.9
79.2
79.4
72.9
67.7
79.3
76.9
75.4
73.5
73.1
75.7
81.8
71.5
67.6
77.1
80.8
127.9
95.2
63.4
80.4
112.7
100.7
114.3
101.9
126.7
141.8
60
69.6
87
51.3
88.6
82
77.25
74.875
73.6875
72.5
84.2
69.2
49.7
63.3
74.6
109
39.7
49.6
56.7
81.3
88.8
86.8
56.6
91.3
82.9
104.6
73.4
169.7
71.8
72.8
127.4
89.7
111.7
83.2
64.2
89.5
94.3
103.5
115.2
103
73.7
77.8
74.5
71
66.3
61.7
58
53.9
56.1
55.5
51.6
40.1
42.2
45
41.4
44.3
43.9
50.3
56.3
59.6
58.8
42.6
34.5
26.4
22.9
29
40
18.7
21.9
24.1
22.4
24.6
27.4
29.1
32.4
33.1
32.6
34.8
33.6
35.7
31.4
50
70.7
66.2
63.8
47.6
49.4
55.1
55.2
72.4
98.6
83.6
87.1
91.6
63.3
88.6
92.4
62.6
100.6
110.2
37.5
48.4
87.4
58.7
29.1
82.8
40.3
54.4
54.4
224.8
45.2
48.9
54.4
44.7
75.5
64.2
24.7
48.7
58.9
56.7
61.7
54.6
63.9
50.4
64.1
53.9
58.9
46
48.8
62.4
57.7
54.5
69.5
66.1
50.5
78.4
67.8
71.7
65.7
55.2
39.2
32.9
48.9
36.2
24.7
23.2
26.6
19.2
24
23.8
21.4
25.6
22.9
23.4
24.9
26.5
26.3
21.55
19.175
16.8
18.9
17.9
23.1
16.8
18.3
26.2
28.9
20.9
31
28.3
28.9
27.8
29
27.9
26.7
33.1
43.6
25.4
35.8
33.8
25.6
26
40.1
46.7
39.5
42.4
24.4
25.9
28
38.2
40.5
44.3
28.5
26.5
26.3
24.6
31.8
26.2
27.5
24.7
32
28.6
22.2
31.6
29.4
26.1
38.1
39.3
54.5
44.3
35.7
42.6
25.7
46.5
57.7
20.2
26.7
33.5
61.8
19.2
26.4
43.7
31.7
37.1
25.5
25.7
34.2
30.7
26.6
28.5
29.6
37
38.6
29.7
29.7
39.5
42.5
39.6
36.4
36.3
36.8
33.3
32.8
36.1
34.1
31.8
35.2
32.2
31.6
36.7
34.1
41.6
51.2
42.5
38.15
33.8
32.9
25.9
20.7
20
22.3
21.1
23
28.6
32.7
32.1
30.4
29.3
34.5
29.3
33.9
37.2
42.5
34.9
34.3
32.3
34.2
38.8
39.2
38.4
56.1
55.4
64.3
77.4
28.4
42.6
35
30.5
21.4
25.8
23.7
23
25.8
29.3
22
27.9
38.3
31.3
35.2
17.7
41.8
34.7
30.2
50.1
31.1
28.4
33.2
33.3
28.6
25.8
34.2
33.5
45
24.4
28.7
30.2
42.8
53.3
70.2
43
41.6
35.2
40.2
29.3
32.1
37.5
36.7
34
23.5
24.6
24.2
27.6
26.8
23.1
32.6
24.2
22.9
24.4
19.5
19.3
19.7
18.6
19.5
22.5
21.8
25.3
25.7
26.2
32
29.1
27.65
26.2
24.2
27.5
25.1
30.2
29.3
33.2
32.3
32.1
36.2
37.7
30.4
24.4
30
31.7
32.1
30.7
31.4
22.4
30.2
26.3
24
30.2
30.2
25.7
27.2
30.9
32.5
32.4
27.7
26
33
21.9
38.3
27.3
32.2
45.1
29
36.9
26
29.7
38.1
27.2
26.9
31.4
30
61.6
50.8
44.9
41.9
38.5
24.7
43
36.5
35.8
35.7
54.3
35
36.1
35.1
30.7
36.2
42.4
33.5
40.1
37.3
46.5
51.1
37.7
35
42.1
43.4
39.8
30.4
29.3
34.5
31.2
32.8
36.4
40.9
26.3
27
30.2
29.1
26.6
24.6
26.1
27.4
41
37
33.3
29.3
40.6
54.8
44.45
39.275
34.1
40.1
39.9
48.5
49.2
57.2
58.7
63.1
74.5
78.2
71.9
75.2
70
62.4
42.8
72.7
80
82.5
71.2
55.9
50.3
57.2
67.6
44.7
80.1
71.8
84.7
91.1
54.7
52.4
56.3
103.9
72.2
85.7
67.9
34.1
103.4
98
81.9
36.6
84
51.8
64.5
70.9
60.9
43.1
69.4
101.9
55.7
39.9
47.8
40.7
26.3
120.3
46.8
49.5
56.6
55.5
63.1
68.4
76.5
85.1
58.4
68.3
45.1
99.3
64.1
60.3
57.1
65.9
68.4
74
78.9
81.9
80.4
62.3
55.2
55.6
58.9
54.8
48
45
40.7
34.9
35.8
31.3
30
36.4
36.2
34.7
37.5
38.8
42.3
50.7
44.55
41.475
38.4
41.6
45.5
51.4
45.9
48.3
49.2
59.2
58.4
54.6
64.6
78.3
65.8
55.7
52.4
62.2
55.6
34.3
28.1
54.7
86.7
54.8
124
87.3
77.8
59.3
78.3
57.6
56.4
48.5
86
59.6
35.8
105.5
89.3
81
93.5
92.5
47.6
23.6
35.7
68.9
24.8
40.5
21.1
49.4
55.3
30.4
84.4
45.5
43.6
31.2
47.4
27.7
26.4
59.7
47.7
40.6
37.2
44.8
60.5
23.9
84.1
43.3
38.3
50.9
44.6
38.7
54.1
31.5
36.8
61.8
44.4
61.1
50.3
44.6
54.6
48.6
49.6
39.1
32.6
27.3
26.4
29.2
27.7
27.5
29
22.7
22.8
21.7
23.2
25.4
30.3
34.9
30.3
28
25.7
22.5
21
29.6
33.2
34.3
30
35.1
27
25
29.2
40.9
40
52.7
58.2
67.6
43.6
60.8
45.1
40.8
53.4
39.6
42.2
41.9
68.9
32.5
62.8
27.2
57.6
54.3
50.9
77.6
43.4
61.1
71.8
61.9
47.5
45.4
73.6
45.6
49.5
55.5
35.9
39
74.9
54.3
62.3
36.2
48.5
40.4
35.1
44.1
45.5
53.9
68.5
55.5
37.2
37
46
38.9
38.6
34
38
47.9
38.6
33.8
47.3
55.4
58.8
56.9
55.7
45.6
61.6
59.3
51.1
50.4
38.1
45.2
35.8
30.7
27.1
25.2
19.2
20
19.9
19.6
22.9
19.4
20.1
27.8
22.2
20.3
23.3
24
20.25
18.375
16.5
14.8
15.4
14.5
16.2
15.4
16.2
17.9
29.3
28.6
24.6
27.7
29.5
33
31.1
27.2
38.1
50
42.1
49.6
43.2
48.5
45.7
47.8
48.3
43.8
48.4
55.6
59.8
51.3
49
50.5
54.8
41.6
47.5
51.1
52.9
40.9
52.3
48.2
33.8
39.7
36.7
45.4
35
38
31.3
34.5
40
38.7
45.1
35
24.7
30.1
36.8
27.6
28.5
32.4
36.6
27.4
28.8
40.9
35.4
41.2
43.9
43
48.3
43.4
46.5
61.7
63.7
59
69.1
58.9
51.2
49.4
35.2
33.6
32.8
26.2
21.5
20.3
20.3
20.2
20.5
21.6
21.6
22.6
22.6
21.4
23.7
25.6
29.1
34.2
31.1
29.55
28
28.2
35.3
43.1
50.9
52
55.4
48.4
49.9
47.3
50
45.9
41.9
47.3
43.5
56.9
63.5
58
52.2
51.8
66.4
52.2
64.2
44.3
70.6
70
78.9
68.9
47.4
56.6
79.1
60.8
56.7
45.2
76.3
50.8
75.7
37
58.2
106.2
71.9
95.4
61
56.8
50.3
50
48.8
73.4
60.3
81.2
66.3
56.8
55.7
48.5
44.6
64.9
40.1
36.4
64.6
35.2
59.7
54.9
66.6
50
55.9
47.6
57.4
57.8
95
64
87.2
67.4
65.7
53.1
61.3
64.6
77.3
79.8
63.5
42.7
32.5
33.2
27.6
33.5
41.4
44.8
44.7
42.6
41.8
43.1
47.3
44.6
44
50.8
41.15
36.325
31.5
30.5
27.3
27.5
29.8
47.1
34.9
33.4
36
31
40.4
36.8
34.7
38.7
35.3
44.6
41.3
45.5
35.1
43.9
39.1
22.1
24.2
32.4
23.7
23.9
52.1
66.3
57.7
49.8
39.2
39.6
40.5
33.4
34.2
42.1
52.6
44.7
42.5
40.1
51.2
40.8
35.9
48.1
57.8
49
45
50.8
50.4
61.5
71.3
48.6
76.1
75.5
55
62.8
61.2
67.1
75.2
62.3
72
72.4
61.5
59.8
58.3
62.9
55.5
43.1
55.5
41
42.1
52.5
51
52.8
55.5
54.7
54.1
56.5
55
60.4
57.7
61.5
64.1
68.7
67.9
68.5
70.3
72.6
73.8
73.2
77.9
80
86.1
88.6
80.5
76.45
72.4
69.9
68
72.6
78.5
86.5
86.1
78
68.7
70
65.9
88.1
108
91.3
76.6
77.9
73.4
59.1
73.3
68.5
66.2
59.5
64.7
73.3
68
65.9
84.6
77.6
70.6
93.4
66.3
77.4
41.5
41.6
69.5
65.7
82.2
79.4
61.2
57.5
59.1
49.7
69.9
56.4
58.4
50.4
81.4
59.6
52.3
87.8
86.2
47
47.7
61.2
88.8
60.9
59.5
50
73.3
67.1
86.3
69.4
74.7
88.3
82.6
81.5
62.9
68.3
59.7
57.4
59.2
57.2
54.2
52.4
45.9
48.2
43.3
43.9
48.8
57.1
56.3
59.2
54.1
58.3
52.2
49.8
52.3
49.2
52.4
57.1
58.8
61.6
64.3
73.5
65.15
60.975
56.8
53.2
51.1
47.9
49.9
45.1
45.7
44.4
42.1
39.8
31.2
32.6
31.6
34.2
36.6
35.5
44.2
50.4
45.6
48.6
52.3
52.2
47.2
48.4
43.7
46.8
91.8
81.7
69.9
115.3
67.8
77.5
113.1
70.1
81.5
60.9
93.4
68.1
70.7
76.2
75.1
87.5
68
74.1
73.4
56.8
49.4
81.2
56.9
70
79
66.9
41.4
77.7
110.4
82.9
61.7
44.9
54.2
89.8
60.1
80
63.5
28.9
51.8
107.3
69.6
78.6
52.1
51.9
78
81.9
76.3
92.7
90.8
69.8
60.9
54.5
56.4
55.2
69.8
50
51.9
49.4
48.3
47.7
41.2
40
45.8
43.8
45.1
47.2
49.7
53.1
46.2
42.75
39.3
51.1
44.5
37.1
38.6
27
26.4
29.3
27.7
27
36.3
37.2
51
53.6
47.3
56.6
61.1
57.5
43.9
27.2
29.2
33.7
30.2
31.9
32.1
57.5
36.5
66.9
74
74.5
71.2
65.1
65.8
94.5
72.4
56.4
125.2
77.2
57.7
59.2
60.6
61.3
74.6
62.8
84.5
59.3
52.7
44.2
56.6
64.9
55.3
45.4
56.7
61.6
106.2
68.2
63.3
63
42.2
87
56.7
49.2
45
69.5
85.1
84.6
52.8
61.2
56.1
77.8
79.4
102.4
87.2
83.9
75.8
75.5
67.9
68.2
78.4
55.8
56.7
44.9
39.3
41.4
38.9
42.5
33.9
31.1
38.5
50.5
45.7
37.5
41.3
49.7
45.3
43.1
40.9
32.6
32.4
31.8
33.5
30.6
31.4
34.4
38.6
37.3
37.6
54.9
48.6
51
37.8
44.9
53.9
42.8
30.7
42.6
44.6
36.3
29.8
37.8
34.9
37
69.7
37.5
52.3
58.5
77.7
115.2
80.2
71.5
88.2
57.9
57.2
91.7
87
85
67.05
58.075
53.5875
51.34375
49.1
94.4
41.8
51.3
37.1
73.2
84.9
50.8
54.8
63.2
75.4
93.7
97.7
56.7
46.4
64.3
65.2
50.7
79.2
61.4
78.3
71.1
57.8
76.3
46.7
76.1
65.6
48.9
42.3
48.5
52.1
55.2
45.3
42.3
38.4
37.8
41.4
30.3
27.1
29.5
27.4
24
26.8
33.4
30.5
31
31.2
32.7
34.4
37.8
31.85
28.875
25.9
17.7
21.5
26.9
27.9
32.9
34.7
43.1
48.3
39.4
43.6
54.5
49.2
46.9
44.1
34.9
31.7
24.9
25.8
30.2
30
23.4
25.6
35.7
33.1
31.4
34.6
28.7
31.4
38.9
53.3
77.8
76.7
116.6
64.1
70.3
88
95.9
83.4
72.5
50
62.8
64.4
81.9
43.8
64.6
38.4
63.5
57.6
52.5
50.1
50.9
64.5
81.4
49
62.3
57.6
31.6
36.8
84.8
98.5
84.4
96.9
94.9
66.7
101.1
107.7
68.3
85.9
83.2
81.1
56.9
75.7
75.3
87.3
73.1
76.6
80.6
77.4
79.6
81
67.1
66.9
63
59.1
52.5
47.5
45.8
48.1
51.3
52.8
54.3
56.8
64.7
53.15
47.375
41.6
45.4
47
46.6
51.4
44.5
52.8
41.8
48.2
49.3
47.4
42.7
49.6
39.3
48.2
55.4
56.6
63.2
49.7
55.9
40.5
37.3
41.1
37.4
81.1
54.3
77.5
57.1
66
68.2
106.3
64.8
77.5
61.2
128
95.7
52.6
77.7
71.5
39.7
165.7
70.8
43.3
89.3
79.1
75.9
61.8
38.6
38.9
50.4
66
66.9
61.7
40
54.7
43.6
33.2
29.5
36.5
29.8
45.7
57.9
40.3
66.8
87.5
100.9
59.6
43
50.5
38.9
50.7
46.3
38.6
36.9
54.6
71.2
56.8
54.7
40.1
33
34.5
34.1
28.8
31.7
31.6
26.7
25.7
29.2
33.9
29
26.5
27.1
29.5
38.6
36.45
35.375
34.3
37.9
37.9
42.6
43
57.6
71
71.7
63.7
59.2
56.9
56.6
67.2
67
53.3
50.8
45.6
50.9
50.2
64.2
69.7
51.9
53.8
50.3
56.1
54.8
45.8
28.9
44.6
47.4
31.8
43.7
18.4
31
28.6
21.9
27.2
45.8
37.6
30.4
22.5
38.5
33.9
28.6
30.6
31.1
32.8
41.9
36.8
59.4
44.3
44.4
33.8
37.6
49.7
50.8
49.5
41.8
36.5
46.3
43.9
56.1
47.5
49.4
46
47.1
50.9
45.1
39.2
45.8
39.7
40.1
42
50.9
41.8
46.1
46.8
47.3
47.3
40.2
44.6
42.7
44.6
41.7
38.5
39.6
41.9
43.6
46.4
50.4
56.1
58.2
57.4
58.9
52.65
49.525
46.4
48.5
48.9
51.7
54.2
58.5
59.1
51.2
53.4
59
49.7
63.1
57.3
64.4
56.1
48.3
67
61.7
55.2
52
49.7
71.4
43.9
58.9
43.3
48.4
50.9
52.2
56.3
35.7
53.8
62.6
67.1
35
53.1
42.7
70.3
38.9
49.9
42.8
48.6
41.8
49
33.3
68.3
74.9
49.5
68.5
56.8
35.3
66.9
54.4
56.3
48.7
60.5
29
56.5
37.5
60.2
77.7
50.3
31.6
50.9
59.3
54.3
32.4
45.1
51.4
40.7
46.3
43.9
28.5
32.1
32.1
35.5
31.5
39.8
37.7
27.4
31.2
27.4
21.9
20.9
20.7
20
19.8
21.1
24.5
25.3
30.4
22.6
27.2
32.3
38.7
37.6
37.05
36.5
29.5
32.5
44.1
37.8
36.4
43.7
47.7
55.1
46.4
45.1
58.6
47.3
58.8
65.8
59.8
56.4
49.3
50
57
59.1
94.9
75.4
56.9
53.6
60.1
74.9
93.2
66.9
64.7
86.9
68.6
70.7
92.8
55.9
69.5
56.4
79.5
78.9
67.9
66
70.1
76.2
73.1
59.1
66.9
83
67.3
61.4
61.5
48.4
74.6
62.6
81.2
51.1
65.8
76.3
90.2
76.8
81.8
92.3
49.9
61.6
72.4
84.5
48.4
46.2
78.2
85.2
69.6
86.3
74.6
76
81.1
95.4
67.7
68.4
69.1
92.1
73.3
69.4
53.3
58.7
61.8
54.8
50.5
48.7
51.3
50.4
52.7
53.8
56.5
59
74.8
67.25
63.475
59.7
57.1
54.1
21.4
17.4
23.1
22
25.1
23.7
22
25.8
28.5
34.8
38.8
41.9
57.7
61
66.2
63.9
54.5
54.9
50.3
61.4
45.3
45.3
59.9
66
66.3
66.7
51
53.1
50.5
56.2
56.6
64.9
58.4
58
49.3
39.9
48.2
59.7
56.8
83.5
58.8
63.7
67.9
56.5
80.5
71.3
60.4
78.3
49
62
124.3
48.8
45.3
68.3
59.2
65.4
54.3
28.4
69.6
80.6
39.8
48
83.5
69.2
68.8
70.4
66.8
50.7
64.3
64.1
65.1
50.4
70.4
48.2
41.3
42.1
42.3
76.5
60
45.5
49.5
49.3
55.1
54.5
49.7
54.5
46.5
52.6
72.2
65.5
72.2
71.25
70.775
70.3
74.1
63.5
67.9
76.8
70.9
80.5
91.9
84.9
92.5
83.5
90.4
90.5
101.8
92.3
98
108.9
104.2
91.9
98.1
67.6
60.7
62.1
43.8
51.9
42.6
48.2
63
88
34.4
55.3
68.4
53.3
37.1
83.2
82.6
62.2
64.1
75.5
58.5
90.9
29.8
48.7
85.9
46.1
30.7
35.3
50.7
18.5
29.4
41.4
31.2
74.4
64.6
41
80.2
61.5
61
44.7
51.7
74.9
34.7
68.4
80.8
58.2
43.1
78.5
64.7
75.8
87
71.9
68.8
65.2
70.8
72.5
51.9
47.7
45.6
41.2
34
43.3
31.4
25.2
25.6
23.5
28.7
25.4
21.5
22.5
23.3
29.1
26.2
27.9
24.8
26.35
27.125
27.9
22.7
29.3
32
34.1
37.4
32.9
41.3
35.8
39.7
34.1
31.8
41.8
47.5
39.3
60
36.4
48.9
38.7
43.2
42.8
45.4
55.7
51.7
50.1
58.4
59.4
43.4
51.3
56.5
75.1
45.5
44.9
40.1
59.8
52.8
37.5
41
50.5
71.4
57.3
45.1
77.1
38.1
33.1
40.3
43.4
65.7
45.7
36
54.1
33.3
44.1
52.1
48.8
57.7
46.5
42.2
65.9
35.8
70.8
52.5
61.4
55.6
63
91.7
70.5
74.4
62.4
69.6
61
59.3
76.2
61.3
58.2
60.9
58.2
46.8
41.8
35
41.8
22.8
23.9
31.1
24.5
20.8
19.1
15.6
16.4
18.9
23.4
31.5
28.4
30.8
25.7
23.15
20.6
17.1
21.8
56.8
25.3
31.7
33.3
37
36.4
33.1
40.3
38.5
48.8
54.5
38.1
42.4
67.9
45.5
46.7
50.8
53.9
61.1
56.8
55.8
50.2
59.3
70
73.3
70.4
77.6
65.9
83.1
70.2
58.1
92.5
59.3
99
96.2
105.4
102.8
78.4
147.2
108.6
67.6
84.3
77.6
50.4
41.6
65.4
43.7
63.5
52.3
68.8
68.7
82.2
75
45.5
75.6
47.8
50.4
52.6
68.5
63.1
45.3
62.3
104.7
71.6
85.2
62.8
78.8
90.3
65.8
65
60.6
84.2
64.9
60.4
40.8
50.7
38.1
41.2
25.2
23.2
20.7
25
20.9
27.5
33.8
32.4
28.7
36.1
37.5
46.7
37.5
42.1
44.4
46.7
47.3
49.7
48.9
54
56.3
53.2
63.9
62.4
60
53.4
45
50.8
46.9
48.1
46
46.3
52.4
51.8
50.8
51
57.7
54.8
50.8
61.2
42.2
37.4
44.6
46.5
33.2
34.6
32.5
35.2
38.5
35.6
34.2
44.4
26.4
41.3
43.6
34.2
52.3
38.3
43.1
42.1
36.4
37.6
41.9
51.1
44.4
43.6
45.4
36.8
42.8
46.8
42.4
24
32.1
26.2
28.4
31.1
35.6
29.9
23.8
21.1
20.9
30.2
22.9
23.3
26
23.9
22.9
25.3
32.7
34.9
33.7
32.2
32.9
32.9
35.1
37.1
34.5
34.5
35.1
35.5
39.3
38.1
38.3
44.2
45.6
49.1
55
52.1
55.8
54.8
54.3
53.8
61.5
52.8
51.6
51.4
49.1
48.5
58.3
62.8
55.7
65.6
74.5
56.6
68.9
62
62.3
66.2
42.6
56.8
54
68
67.6
48.5
72.9
51
85.9
86.7
57.7
69.2
74.3
42.8
58.7
43.2
74.3
50.1
29.4
51.7
57.8
37.6
47.3
44.3
60.5
39.2
40.2
45.9
51.3
56.6
40
16.7
33.3
56.4
55.6
31.9
30.5
68.9
47.2
37.7
37.7
30.8
40.8
44.8
35.7
64.2
55.8
37.6
15.6
55.1
43.3
28.3
27.5
18.8
26.9
21.4
22.6
17.8
29.1
29.5
18.4
20.8
24.8
19.8
18.5
14.9
16.5
14.7
20
15.5
14.5
15.7
16.7
18.7
18.5
21.4
28.8
31.15
32.325
33.5
38.3
41.2
46.6
43.8
49.5
44
58.6
37.5
42
37.5
39.7
39.3
40.3
49
38.9
60.8
59.2
76.6
52.7
51.5
64.2
64.6
62.4
61
66
78.5
72.7
102.2
70.3
74.3
87.3
59.6
86.6
62.4
48.6
71.9
64
63.6
86.6
67.6
47
44.4
33.1
56.9
47.8
26.3
46
49.3
41.4
51.9
36.2
25.9
51.3
36.2
31.3
41.8
59.4
56.8
56.3
57.9
41.6
53.3
45.2
64.6
86.2
66.5
64
50.3
42.6
57.1
53.1
43
56.9
47.8
50.8
42.3
44.3
39.6
39
38.6
44.2
38.8
49.1
30.8
32.4
34.6
28.9
24.5
25.7
23.7
22.7
26.3
25.5
25.7
25.8
25.9
29.1
28.5
28.5
25.5
21.5
30.7
45
41
43.2
46.8
44.4
44
43.4
36.8
45.8
54.2
67.5
59.3
55.9
50.6
21.1
37.8
100.8
67.7
67.7
46.4
91
37.7
22
41.4
40.6
75.5
83.2
65.6
40.7
50.9
52.8
92.9
62.8
74.3
30.4
97.7
57.2
51.4
68
56
55.1
34.6
69.4
64.2
75.7
63.7
83.5
71.1
61.4
89.1
46.3
84.9
64.6
105.3
52
79.6
92.3
109.9
110.5
69
85.1
85
96.5
60.9
103.4
90.4
49.1
63.6
60.1
42.8
39.4
33.4
38.2
38.4
37.6
39.8
32.2
39
38.8
40
37.4
35
39.2
37.2
35.4
44.2
48.8
50.5
51.35
52.2
54.1
65.5
76.8
79
65.4
72
80.6
84.2
58.9
58.7
67.4
82.3
89.9
86
71.8
99.3
85.6
71.6
75.5
84.9
78.5
66.2
57.2
70.7
81.5
86.3
60.1
70.1
64
72.7
77.7
83.6
77.9
41.4
67.1
65.4
34.6
57.8
50.8
64.5
34.8
41.3
36.6
70.8
30.6
31.6
52.5
47.7
89.5
57.7
41.9
35.4
59.4
48.5
69.8
70.6
70.8
67
56.9
52.8
50.9
40.9
51.3
57.9
55.1
61
49.7
51.6
57.4
68.2
70.4
68.3
45.7
48.1
49.8
49.8
52.2
49.8
39.4
31.1
26.1
23.7
27.7
25.1
28.5
25.1
22.7
21.9
19.1
23.5
25.3
27.5
34.4
30.75
28.925
27.1
33.2
38.6
40.6
43
63.4
52.7
48.1
63.2
72.9
89.8
89.8
94.4
79.1
88.2
80.1
69
48.4
55.9
62.6
77.1
65.8
74.9
44.6
53.9
75.3
79.9
86.6
43.8
81.2
80.3
98.9
105.3
62
109.9
66
53.2
99.6
154.2
127.5
129.39999
80.1
107.7
97.7
85.3
30.4
63.2
34.8
38.8
32.6
35.5
71.9
69.2
50.2
48.8
48.6
47.8
43.5
55.7
44.4
55.8
70.4
77.7
67.1
99.1
104.4
73.7
55.8
44
43.3
49.2
56.3
35.1
49.2
44.4
46.2
39.9
31.6
42
27.6
29.2
31.3
28.8
39
40.6
25.8
26.8
27.8
21.8
19.7
23
24.2
31.3
35.4
33.55
32.625
31.7
31.1
33.3
39.2
36.2
25.6
35
33.3
33.3
39.8
31.7
41.7
57.3
59
61
69.2
68.6
79.4
86.7
61.6
59.6
54.1
58.7
74.3
72.4
43.7
46.3
75.2
45.3
56.3
68.7
84.7
93.5
50.8
39.9
87.2
51.4
76.5
39.6
103.8
41.2
62
100
58.1
54.5
85.4
89.2
88.9
62.2
77
58.4
41.7
38.8
51.2
61.8
77.4
49.1
81.7
56.3
102.6
71.2
36.5
95.9
57.5
95.1
66.7
83.4
66.7
69.9
105.3
64.1
46.4
80.7
51.9
48.9
52.6
51.2
48.3
31.2
32.6
35.7
28
28
23.5
25.3
18.6
18.4
17.4
17.6
22
31.2
26.5
30.6
33.9
36.75
38.175
39.6
36.6
36.8
46.4
36.4
31.5
38.8
50.1
31.2
36
36.4
42.5
44.3
65.4
50.7
58.6
47.4
66.2
45.4
35.3
62.5
49.5
37
42.3
41.1
71.4
47
50.3
40.2
49
39.2
67.7
41.5
41.7
27.6
42.9
29.8
67.7
38
88.8
41.1
21.8
51.1
42.7
41.9
24.2
70.6
53.8
60.8
32.8
64.7
65.6
42.7
42.9
36.9
27.1
78
63.8
50.9
72.2
49.3
32.9
49.3
53.8
47.5
34
33
36
42.4
36.5
27.8
39.7
44.5
36.5
38.3
45.5
48.4
59.6
45.5
51.7
50.2
53.1
42
41.2
43.5
47.6
52.9
51.3
49.7
50.9
52.7
57.3
56.2
67.1
60.35
56.975
53.6
58.3
52
58.9
58.7
69
63.1
68.2
80.7
69.2
67.8
49.9
70.1
60.8
55.6
52
67.2
68.6
51.3
40.5
49.7
34.2
50.7
35.7
52.8
30.2
70.8
54.9
25.2
36.2
21.5
41.1
26.3
40.5
33.1
36.6
31.6
64.2
35.8
37.2
43
37.6
43.2
33.9
42.3
47.3
39.5
41.5
42.5
68.5
29.7
56.9
43.1
50.8
40.9
55.4
58.6
57.2
43.1
57
36.8
45.7
63.6
66.1
55.4
26.3
28.6
34.6
40.3
44.3
23.6
36.9
19.1
27.8
21.2
30.5
25.3
28
41.9
28
25.1
24.5
25.1
22.9
21.8
21
19.5
20
18.1
21.6
20.6
20.2
23.5
27.8
24.2
22.4
20.6
24.1
23.5
24.9
38.6
27.6
27.8
27.6
32
24.3
23.1
31.4
45.2
46.5
39.4
31.6
33
32.1
23.3
22.8
33.4
30.5
34.7
51.2
39.5
33.4
36.5
40.3
38.4
31.4
54.6
31.3
66.6
79.5
35.9
81.6
41.5
34.2
50.4
44.9
50.2
26.8
42.2
25.9
44.4
71.3
51.5
31
39.3
42.4
40.9
29.5
31.8
29.9
23.7
22.2
19.3
26.6
48.3
48.6
26.6
30.6
31
31.9
32.8
41.6
36
34.7
58.5
29.3
46.8
34.6
27.7
44.3
32.7
25.8
20.2
21.9
14.6
12.3
15.4
12.5
10.7
8.8
7.8
6.7
5.9
8.4
7.7
7.8
7.7
8.4
11.3
21.9
15.25
11.925
8.6
12.1
8.4
15
17.1
21.5
15.7
21.3
21.9
28
22.3
35.3
25.5
32.5
45.7
53.4
41.3
48.4
48.2
45.5
44.9
45.5
41.1
46.7
51.8
60.5
57.4
62.8
53.6
64.9
64.3
67
66.4
70.8
67
49.7
95.2
102.3
61.2
87.3
75.8
66.2
46.6
83.4
73.2
42.8
39.7
35.5
48.1
49.5
66.9
36.1
95.6
42.4
35.5
86.4
75.1
71.1
31.4
63.55
79.625
87.6625
91.68125
93.690625
94.6953125
95.19765625
95.448828125
95.5744140625
95.63720703125
95.668603515625
95.6843017578125
95.6921508789063
95.6960754394531
95.6980377197266
95.6990188598633
95.6995094299317
95.6997547149658
95.6998773574829
95.6999386787415
95.6999693393707
95.6999846696854
95.6999923348427
95.6999961674213
95.6999980837107
95.6999990418553
95.6999995209277
95.6999997604638
95.6999998802319
95.699999940116
95.699999970058
95.699999985029
95.6999999925145
95.6999999962572
95.6999999981286
95.6999999990643
95.6999999995322
95.6999999997661
95.699999999883
95.6999999999415
95.6999999999708
95.6999999999854
95.6999999999927
95.6999999999964
95.6999999999982
95.6999999999991
95.6999999999995
95.6999999999998
95.6999999999999
95.6999999999999
95.7
95.7
95.7
95.7
95.7
95.7
95.7
95.7
95.7
95.7
95.7
95.7
95.7
95.7
95.7
95.7
95.7
95.7
95.7
95.7
95.7
95.7
95.7
95.7
95.7
95.7
95.7
95.7
95.7
95.7
95.7
95.7
95.7
95.7
95.7
95.7
95.7
95.7
95.7
95.7
95.7
95.7
95.7
95.7
95.7
95.7
95.7
95.7
95.7
95.7
95.7
95.7
95.7
73.2
47.3
81.9
35.4
77.9
45
50.7
62.2
34.1
43.8
36.1
30.9
24.2
21.9
25.9
22.9
24.4
20.2
23.2
19.7
22.4
24.6
24.9
22.1
19.6
21.9
26.1
35.2
29.35
26.425
23.5
25.5
25.7
28.7
26.6
32.8
37.3
39.9
38.4
40.4
51.8
47.6
41
43.2
47.7
50.8
62.3
81.9
89.8
91.7
72.5
91.8
89.5
96.1
95.2
114.9
112.9
125.7
111.4
97
124.5
82.1
91.2
112.5
115.3
82.8
61
53.5
90.5
58.5
39.1
61.5
43.7
75
45.7
26.8
38.3
54
67.1
26.2
42.2
28.2
73.6
40.5
56.4
85
97.1
79.6
94.9
55.3
45.1
68.4
54.8
73.9
66.8
38
92.6
67.7
79.4
87.3
92.3
81.9
72.8
74.4
88.9
69.1
55.7
50.7
52.4
30.5
26.4
28.6
28.3
31.7
31.2
29.1
15.7
14.7
15.2
17.6
17.3
22.2
25.4
32.7
24.5
20.4
16.3
18
19.4
28.2
31.4
27.5
25.5
24.1
26
22.4
25.3
21.9
22.6
23.3
23.3
22.3
28.7
37.4
42.8
48.6
47.8
41.5
46.2
44.2
42.3
53.8
56.8
49.9
50.2
54.7
44.6
46.5
41.7
44.3
38
33.9
20.8
27.3
35.7
35.1
41.8
20.8
13.3
16.5
16.7
19.4
13.8
10.9
11.3
13.3
25
29
35.8
35.4
29.4
32.3
34.6
34.1
33.6
40.2
30.6
34.4
48.7
45.2
49.7
55.8
60.8
57.7
73.3
70
75.4
61.7
59.8
64.4
57.3
58.1
62
50.2
46.6
50.7
51.3
51.7
48.7
50.3
48.2
49
51
50
51.3
50.3
55.9
60.2
56.6
54.7
55.05
55.225
55.4
55.5
49.3
57.7
67.8
70.5
59.2
62.4
63.2
66.5
70.7
66
50.8
57.8
66.5
83.8
74.6
70.8
57.2
76.1
66.8
48.8
63.8
74.6
67.5
39.9
76.1
82.2
61
75.9
43.4
74.9
69.3
53.3
66.6
49.1
81.3
89.9
60.1
72.3
54.4
53.8
48
48.7
42.3
46.1
44.4
39.1
46.4
60.2
41.3
50.9
55.6
49.1
51.1
69.3
40.9
55.3
47.2
59.7
54
52.6
56.6
54.8
55.2
54.9
61.4
66.7
54.6
83.8
71.5
61
63.3
46.4
54.3
37.6
28.9
28.6
24
20.7
23.8
23.3
17.5
18.4
18.4
19.4
20.9
22.4
17.2
15.3
15.5
16.5
25.3
36
36.25
36.375
36.5
33.8
30.6
40.1
47.9
38.2
42.5
41.8
48.8
58.2
65.4
71.8
68.7
70.3
86.1
79.1
75.8
85.4
68.7
82.6
58.9
73.6
60.2
54.6
56
36.1
37.9
37.4
36.3
53.1
46.4
45.9
57.4
58.4
54.9
62.7
45.2
63.4
59.3
61.7
47.3
43.2
46.1
48
42.2
42.7
53.3
96.1
73.8
78.7
108.9
53.6
58.9
75.4
67.4
65.3
88.2
35.2
58.3
47
44.6
52.7
59
37.9
26.5
34.1
21.4
25.8
18
15.6
20.2
19.7
26
18.5
19.5
19.5
23.9
17.8
22.5
25.3
25.4
29.3
26.3
26.6
25.9
26.8
25.6
27.3
28.3
31.7
33
35.1
38.1
37.1
37.05
37.025
37
32.6
40.2
40.7
43
33.4
33.6
64.4
47.2
38.8
41.8
46.9
60.3
52.4
59.4
56.2
70.6
43.8
50.2
55.1
44.8
41.2
53.8
40.1
52.4
47.2
39.7
37.7
48.4
46.5
46.2
42.8
41.6
54.5
43.3
36
51
75.9
80
56.1
48.2
41.8
62.2
91.5
47.4
75.2
67.2
86.1
79.5
59.1
52.6
72.8
57.7
74.2
63.2
44.1
54.2
48.7
48.3
56.9
92.7
57.4
53.2
93.7
57.3
61.3
69.4
54.1
52.8
54.4
42.4
29.5
28
27.8
29.3
27.4
29.3
29.1
33.2
29.1
30.5
22.8
22.8
22.6
19.6
19.6
20.1
16.2
21.1
23
23.5
31.8
28.2
31.1
25.2
22.25
19.3
27.9
24.2
30.5
32.2
35.6
36.8
34.2
41.4
37.3
39.7
37.9
39.5
37.3
42.5
47
47.2
48.8
40.1
37.2
53.9
49.9
61.2
53.9
48.8
65.9
38.6
53.7
49.5
56.3
56.8
116.9
50.3
48.1
48
51.1
48.6
40.7
65.6
36.3
42.5
39.9
51.8
59.3
35.6
40.3
47
31.6
42.4
51.8
30.4
54.9
52.4
48.6
84.3
48.2
55.8
57.8
73.3
39.4
43.6
46.7
50
60.1
58.4
73.4
109.5
49
70.2
63.6
57.6
65.4
56.4
66.7
69.9
67.5
64.5
63.1
56.3
54.1
38.4
46.2
36.2
28.2
26.3
29
29
34.1
38
51.9
62.1
61.6
62.9
60.9
52.4
48.15
43.9
36.2
35.8
36.3
35.8
42.3
35.7
33.1
51.5
43
44
48.6
50
54.9
55.8
53.9
55.3
56.8
58
56.5
56.3
60.2
51.4
56.8
51.7
48.5
49
52.1
62.3
44.3
54
53
53
59.1
43.8
43.4
30.2
67.3
49.1
45.7
62.5
78.5
71.6
58
69.3
61
56.7
49
56.2
70
61.6
54.5
55.5
44
76.1
54.4
52.3
60
49.1
57
52.5
38.5
46.1
42.5
38.3
47.7
54
48.6
46.2
54.3
50.5
47
38.6
41.3
41.1
54.7
42.3
30.2
21.7
19.3
25.4
19.4
18.1
20.1
28.3
17.7
21.3
15
14.3
15.5
14.5
18.2
21.6
29.6
29.1
28.85
28.6
51.6
47.6
34.7
32.2
23
26.9
24.1
51.5
38.7
38
47.2
48.4
31.5
31.5
37
65.1
64.1
57.8
95.4
77.9
41.8
76.7
61.7
75.5
55.5
114.8
92.2
75.3
77.2
107.4
83.2
97.2
78.9
106.8
118.2
93
94.2
101.8
211
93.3
114.7
87.8
150.2
49.1
66.3
56.1
96.9
45.8
60.2
53.3
44.6
55.1
59.3
52.1
88.4
75.3
65.8
35.1
40.9
65.3
71.1
54
77.7
59.4
65.5
83.9
53.5
101.9
62.8
66
76
87
50.1
47.6
48.7
45.4
36.6
37.2
40.3
49.1
34.3
40.6
41.4
33.4
29.2
30.4
31.7
30
35.1
36.1
34.9
41.7
46
36.9
32.35
27.8
27.8
34.6
32.2
31.9
36
35
46.7
43.7
48.4
51
55.2
56.9
53.2
49.8
63.1
73.5
64.3
45.1
41
63.4
54.3
58.2
69.2
44.9
51.7
46
69.1
41.2
83.7
85.3
46.4
72.6
78.8
41.8
49.6
30.7
68.6
49.85
40.475
35.7875
33.44375
31.1
37.3
73.3
81.9
45.4
43.6
90
84.6
56.7
28.5
68.8
49.2
60.8
50.8
88.7
71.2
52.7
60.3
67.9
94
81.2
78.5
57.7
72.1
57.8
79.6
74
94.1
111.6
84.1
52.9
63.5
84.4
55.9
64.3
51.6
50.3
53.7
72.6
55.9
66.3
71
59.8
60.5
61.5
64.7
64.7
64.2
68.1
71
70.3
69.6
71.65
72.675
73.7
75.6
79.3
82.1
83.8
83.9
79.3
83.4
86.3
87.2
85.2
80
76.1
63.2
57.9
50.4
55.7
48.3
44.9
47.4
47.6
61.6
50
59.2
51.2
47.3
46
43.5
47.5
44.4
40.6
37.7
42.9
48.6
46.2
46.2
38.4
41.6
50.4
53.2
61.8
42.6
65.1
55.6
36.1
39.5
41.4
49.7
41.5
38.5
48.9
38.5
37.7
33.9
33.7
37
34.3
36.5
30
32.2
56.9
62.4
70.5
70.2
59.6
38.5
75.2
65
93.7
142.39999
106.9
84.1
88.5
45.8
59.1
62.3
54.2
42.4
49.9
33.4
30
27.5
24.4
27.1
15.9
12.7
14
12.7
14
13.2
16.1
14.7
13.7
13
12
11.5
11
12.3
11.1
13.7
13.5
14.5
15.2
13.7
20
22.9
30
27.8
26.4
27.3
34.1
42.6
48.4
50.6
32.9
30.7
27.1
39.6
37.5
40.9
32.4
33.1
37
26.8
20.5
26.6
30
29.7
21
32.6
21.7
22.9
19.6
27.1
25.5
29.2
25.3
34.6
26.1
21.6
36.9
43.5
39
49.1
38.3
34.7
32.1
46.8
38.3
35.2
36.3
30
13.1
21
50.1
50.9
25.5
31.3
23.8
26.6
27.9
17.7
20.5
17.6
16.1
20.3
23.2
18.8
18.1
19.5
21
18.1
18.8
27.7
26.4
28
32.9
34.6
34.9
40.7
40.1
43.2
48
44.2
48.7
57.8
65
68.1
66.1
49.7
43.05
39.725
36.4
32
39.1
63.3
44.4
48.2
42.2
44.1
48.4
47.3
41.3
37.6
38.1
42.4
53.3
51.6
43.4
43.2
43.8
39.3
33.7
36.9
29.8
31.3
42.4
47.3
43
42.9
30.3
42.1
47.9
27.3
44.8
65.1
71.7
74.1
43.6
28
39.1
85.4
55.2
65.6
77.5
83.8
72.5
73.3
84.2
64.4
59.8
57.1
95.5
118.9
57.2
92.8
81.3
75.2
90.6
80.8
64.8
67.5
70.5
61.1
100.5
126.8
80.5
51.7
74.9
78.7
75.5
58.8
52.6
51.8
50.1
52.1
62.1
56.7
60.7
65.2
58.1
54.3
45.9
49.3
45.9
48
44
43
50.8
50.8
51.5
55.6
56.5
47.9
49.8
53.2
59.45
62.575
65.7
61.9
56
48.1
57.7
57.1
61.4
63.4
67.4
69.8
70.1
76.4
71.2
84.2
88.3
91.9
98.4
76.6
97.1
99.2
79.6
95.6
94.3
86.7
71.7
75.2
98.2
81.1
95.4
66.3
43.8
64.3
77.1
79.9
67.4
54.3
59.9
78.1
91.2
106.6
92.4
78.8
67.3
56.8
63.7
62.4
56.1
51.9
37.8
142.10001
80.8
74.1
49.9
44.2
48.2
85.3
58.9
69.2
71.4
81
94.1
99.6
65.7
60.1
79.5
74.4
73.8
112.4
87.1
100.1
113.4
77.4
82.3
78.4
67.5
55.8
56.3
41.1
38.4
33.6
29.5
24.4
22.2
29
18.6
16.4
19.8
20.5
15.7
13.3
17.6
20.3
23.2
19.8
21
21.6
22.2
21.2
19.1
24.4
22.7
23.2
30
32.9
35.5
37.6
29.4
28.5
36.4
39.4
49
43.2
49.2
72.8
40
61.1
44.9
51.6
54.5
109.2
70.4
46.4
89.4
69.9
52.9
63.7
83.1
88.1
69.5
90.6
66.9
87.8
74
87.7
87.9
113.4
105.9
124.6
63.8
58.5
65.8
73.2
70.2
81.5
90.7
53.5
85.8
73.4
56.2
85.7
94.7
61.6
77.1
42.8
58.3
65.5
53.3
70.9
57.1
97.4
109.2
106.9
83.4
83.6
91.3
98.6
92.7
79
92
62.5
70.8
71.4
51.3
49.8
37.8
34.4
33.2
24
20.1
26.7
23
19.9
20.1
21.4
20.9
24.8
24
26.2
29.4
27.4
24.35
22.825
21.3
27.2
24.5
27.2
38.8
35.9
34.9
46.5
39.5
38.2
21.3
35.6
40.7
48.4
53.2
60.2
60
46.1
45.7
57
51.5
25.8
57.1
81.5
41.7
89.3
67.3
40.8
56.9
100.4
77.5
93.6
102.3
47.7
67.6
55.3
125
86.1
101
136.39999
101.7
60.8
76.8
72.1
82.3
42.5
68.4
43.6
47.8
78.5
118.5
79.5
57.3
103.4
51
50.1
70.5
64.8
30.4
69.1
55
69.3
68.3
71.4
115
73
136.60001
81.9
89.6
93
41.9
74.6
78.5
74
41
35.4
37.1
37.1
29.4
30.1
17.5
21.2
17.8
17.1
17.1
16.8
26
24.1
16.1
19
17.1
21.7
21
26.3
17.95
13.775
9.6
14.9
14.4
25.5
24.1
31.1
34.2
37.4
28.9
42.9
22.4
22.6
36.6
72.3
46.5
49.5
56.9
60.3
63.2
56.2
61.2
62.1
93
74.2
77.8
47.3
98.7
110.8
50.8
97.9
94.4
123.2
55.9
57.9
111.5
100.1
111
66.1
120.8
77.5
63.8
28.9
43.6
45.2
48.1
23.7
51.5
46
36.6
32.1
38.4
53.4
54.3
75.8
50.2
63.9
65.2
107.1
59.9
69.8
59.6
83.4
69.2
94.7
84.5
91
78.2
83.1
82
71.9
81.2
91.9
108.3
74.2
66.6
65.1
56.4
64.5
52.4
45.9
32.6
32.9
30.7
21.5
19.8
20.3
23.9
20.1
21.3
24.2
21.8
25.7
34.6
33.4
28.8
26.5
24.2
25.4
26.6
31.5
32.4
35.3
36.2
34.5
36.7
36.2
49.2
28
37.2
37.1
38.1
26.1
39.8
26.3
27.3
25.1
27.7
25.8
21
29.7
29.4
27.9
31.1
28.9
29.1
35.9
36.8
36.6
89
93.3
43.5
96.5
54
46.9
39.6
42
27.6
47.3
40.4
102.4
71.4
75.8
99
88.6
72.1
69.6
70.5
78.6
103.6
76.3
86.8
100.1
61.2
76.2
70.7
85.8
66.7
64.7
71.6
67.5
68.3
86
70.2
85.7
73
82.3
84.2
94.3
73.3
62.8
72.2
46.1
45.4
49.1
36.8
39
30.5
31.7
20.9
23.5
19.6
17.7
18.4
17.7
16.3
17.3
19.2
19.7
22.6
24.5
22.55
21.575
20.6
18.2
18.2
20.6
23.8
25
28.1
28.6
32.5
29.6
28.1
36.8
36.1
32.7
39.7
35.6
31.5
38.7
38.3
41.4
43.3
43
43.8
53
40.9
37.3
36.1
28.9
26.7
31
22.3
21.6
28.6
24.5
20.6
29.3
25.9
25.9
24.5
16.3
26.7
29.8
32
42.2
31.9
31
36.8
45.5
45.3
41.1
41.3
45.4
37
38.5
50.3
41.1
49.6
46.1
52
39.4
41.8
43.5
46.9
46.6
45.9
46.9
47.2
34.9
34.9
35.4
32.1
30.4
28.2
32.1
30.4
31
35.2
38.8
38.6
36.2
33.8
33.3
38.9
38.9
38.4
43.2
43.5
35
33.8
36.7
48.6
46.9
45
43.5
41.3
40.2
39.1
35.5
41.3
73
71.6
63.8
66.1
87.9
77.4
72.5
47.7
31.5
49.8
56
71.6
59.3
48.3
37.6
36.9
40.7
42.1
40.2
51
47
38.4
44.4
35.7
44.7
47.6
27
34.2
42.3
29.3
31.2
34.1
32.5
29.1
45.4
45.5
31.8
40.6
22.3
46.7
33.5
79
38.4
30.6
30.3
27.8
29.1
54.6
44.8
60.6
41.4
43.6
44.4
60.7
55.6
45.1
57.1
47.9
41
50.3
60.5
18
51.4
55.6
37.2
46.7
26.6
26.9
20
22.2
21.7
20.4
22.2
30.1
29.2
23.4
29.2
25.3
21.5
19.4
25.1
20.3
19.1
18.6
15.3
17.2
16
18.9
21.3
21.3
26.8
21.95
19.525
17.1
20.5
11.6
11.3
13.3
12.1
17.8
16.6
14.7
13.7
17.6
19.5
25.5
32.2
25.2
38.5
38.4
49.6
33.7
53.5
36.4
29.9
34.2
49.2
62.6
73.6
64.4
52.3
58.2
52.4
66.6
49.7
67.8
66.6
47.9
63.2
60.9
74.6
60.9
50.6
87.8
30.7
47.6
59
53.3
54.2
40.8
47.7
55
64.1
40.3
42.4
49.4
60.3
59.8
75
59.2
41.8
42.1
64.3
43.7
41.1
41.6
23.9
24.8
68.2
68
52
57.7
50.3
57.1
32.9
59.3
53.7
89.7
52.1
27.1
40.3
50.2
39.2
43
49.8
48.8
60.6
40.2
37.2
36.1
39.8
39.7
41.8
37.8
43
43.7
49.1
45.85
44.225
42.6
44.9
46.1
51.8
54.4
56.4
57.7
64.3
61.3
71.7
63.3
43.3
46.2
49.3
41.5
45.2
47.4
42
42.6
41.7
46
45.9
37.8
36.6
43.4
46.5
54.1
77.7
79.1
90.1
84
93
73.4
61.4
58.9
47.6
79.2
50.5
81.4
61.1
74.8
58.7
49.3
55.9
57.5
83.1
55.9
99
62.7
38.1
36.2
68.9
47.4
58.8
39.4
41.8
73.1
65.6
90.9
62.1
93.8
78.7
63.4
40.6
79.4
35.3
40.6
38.9
59.2
53.2
64.6
58.5
53.3
63.8
52.8
53.7
58.9
38.9
44.3
37.3
44.5
41.1
35.3
40.6
30.8
30.2
26.1
29.2
25.4
26.4
28.3
33.8
35.5
36.9
34.6
33.45
32.3
67.2
45.5
47.6
45.7
51.4
60.5
55.5
62.2
80.6
72.9
78.3
74.5
60.6
54.1
51
48.1
67.5
69.1
68.7
76.5
52.8
74.8
86.9
105.6
102
84.1
92.5
96.1
73.1
107
130.3
86.7
94.9
81.8
56
66.1
99.8
170.2
121.95
97.825
73.7
83.9
78.8
54.8
126.7
25.6
58.7
57.1
110.2
45.1
49.2
45.8
72.1
42
41.8
41
76.8
66.6
84.9
61.7
75.2
63.9
90.2
77.9
94.2
102.3
99.4
107.1
122.9
100.2
73
55.1
65.7
50.5
62.8
50.1
45.1
34.8
27.7
28.4
26.5
23
25.6
18.2
17
17
22.6
29.5
28.3
35.7
39.3
35.5
38.4
46.5
50.55
54.6
57
62
61.3
64.1
63.4
68.9
65.5
69.5
73.2
65.1
85.7
82.3
77.5
92
83.4
100.3
88
82.1
87
92.2
77.3
74
93.7
106.3
102.1
95.5
87.4
76.2
59.2
104.7
74.7
72.6
73.8
75.5
83
82.9
74.4
79.9
86.2
61.9
58.1
54.5
62.5
71.1
61.3
60.3
71.1
71.3
65.4
86.1
57.8
69.2
78.6
68.3
73.1
58.6
68.2
58.4
84.2
71.1
77.4
74.2
73.6
88
77.2
79.1
78.2
101.1
107.4
114.2
89.6
82.6
106.3
67.9
82.1
75.5
85
74.6
69.9
65.7
66.4
61
58
58.4
61.6
65.2
75.5
73.9
70.1
72.8
74.8
79.2
90.5
83.6
80.15
76.7
86.1
76.6
87.5
84.1
100.2
89.9
85.3
77.9
66.3
64.8
84.6
80.5
69.7
85.2
99.2
112
96.2
88.4
75.5
93.6
110.5
86.3
62
104.1
66.6
74
154.39999
118.8
94.3
86.9
69.9
98.9
68.6
95.6
85
80
80.9
68.1
99.6
117.3
63.4
62.3
92
96.8
108.3
78.5
61.1
68.6
117.2
65.3
75.5
76.5
50.5
73.6
75.2
70.2
70.3
100.5
103.7
147.3
107.9
95.4
89.1
81.4
123.1
94.4
72.7
80.7
85.7
57.1
75.7
63.8
74.3
61.6
56.5
69
53.1
45.3
43.3
38
27.3
24.7
23.3
27.3
21.6
20.4
17.6
15.6
16.4
19
17.8
19.7
27.1
22.65
20.425
18.2
16.1
19.7
28.5
19.9
28
40.9
31.9
37.5
38.5
35.5
40.9
34.6
36
31
32.9
45.2
38.7
34.7
42.7
31.4
34
45.9
27.4
46.2
40
44.8
41.2
36.9
46.9
43.9
39.4
47.1
44
33.9
38.7
38.9
37.7
33.2
37.2
30.5
24.1
28.8
29.7
34.4
33.6
37.2
28.4
37.6
34.9
35.5
27.9
32.5
35.3
26
34.5
28.6
31.1
28.9
38.5
27.2
28.3
34.4
43.3
46.5
48.5
42.2
34.5
33.1
23.1
24.8
27.1
34.4
36
37.1
36.1
31.5
35.1
35.2
35.5
35.3
34.6
32.2
38.4
31.5
32.4
32.4
28.2
30
32.6
33.4
40
46.1
51.8
49.3
48.05
46.8
38.4
46.2
53.2
52.9
66.3
60
55.4
77.3
72
66.9
57.7
71.1
64.8
76.2
49.3
51.6
53.3
50.7
56
58.6
47.6
62.2
56.3
30.1
50.7
63.1
43.7
62.4
41.9
58.7
39.5
70.4
59
58.3
44
67
81.1
43
100
58.6
73
73.3
21.2
31.6
63.8
66.8
50.7
60.7
69.9
53.9
41.1
39.2
38.5
36.3
50.5
30.5
58.6
29.5
58
27.9
10.9
82.5
38.3
36.7
63.8
28
38.5
36.5
33.8
25.4
20.4
23.8
30.7
26.5
26.4
20.8
20.5
29.1
24.8
26.7
21.9
22.7
20.6
19.8
22.4
17.4
19.5
16.9
25.9
21.4
24.8
31.9
29.6
28.1
27.35
26.6
44.5
38.7
40.2
44.5
58.2
58
63.3
70.6
64.2
59.6
51.3
68.4
43
52.4
55.7
65.1
53.2
51.1
47.1
47.4
50.2
47.8
65.5
92.3
60.9
63.4
83
58.2
71.8
72.5
79.4
66.6
65.2
102.6
74.5
113
80.6
89.6
90.5
40.9
62.5
70.6
44.5
58
65.8
47.9
37.7
44.5
37.5
42.9
47.7
40.5
38.3
23.7
50.4
35.4
60.5
29.1
48.9
54.6
46.2
29.9
48.8
54.6
54.3
52.1
60.8
45.2
64.8
89.2
53.8
63.1
66.1
44.9
53.3
46.3
36.6
28
22.5
23.4
12
10.8
9.1
8.9
8.6
6
11
18
15.1
15.3
19.6
21.3
24.8
21.1
19.25
17.4
15.2
22.6
31.1
22.1
35.8
34.5
25.6
35.1
32.5
35.3
38.9
51.2
49
62.7
41.3
54.9
51.7
61.4
64.5
50.9
62.6
53
57.6
74.6
88.2
67
75.5
88.2
80.3
105.1
92.5
96
121.9
95.1
104.5
139.3
109.5
81.6
134.8
89
69.5
66
92
77.7
65.9
46.5
51.7
47.6
36.9
49.7
46.4
51.8
47
20.8
30.9
50
51.6
28.5
25.7
24.6
36.4
47.6
50.3
53.1
29.7
59.5
49.7
40.2
88.7
73.1
52.7
39.9
47.3
38.5
43.2
31
29.9
26.1
27.3
18
15.6
14.4
14.4
11.8
8.7
9.9
8.7
6.8
7.5
6.8
9.2
10.6
12.3
12.75
12.975
13.2
13.4
10.4
10.8
19.4
13.4
16.7
22.5
20.5
17.2
22.2
26.9
14.4
23
27.2
25.4
47.8
23.7
23.2
29.6
31
39.6
38.5
66.1
49.9
52.3
86
48.9
48.3
27.4
51.9
61.6
71.8
78.3
80.3
88
100.8
110.8
80.5
52.1
71.1
56.2
76.4
107.9
88.2
93.25
95.775
97.0375
97.66875
97.984375
98.3
102.5
108.9
80.9
77.8
88.2
115.5
100.2
84.4
101.1
100.5
91
103.4
89.4
73.2
99.5
98.9
122.5
84.2
66.2
62.1
90.6
71.9
56.6
71.9
39.1
46.7
40.2
42
48.8
41.8
27.1
33.4
30.7
30.5
23.8
22.4
24
22.1
29.3
31.7
33.5
34.3
30.3
25.85
23.625
21.4
21.1
21.4
25.4
24
32.4
28.8
32.3
29.4
22.8
32.1
30.8
36.1
32.1
27
41.6
32.9
28.9
27
29.6
22.3
43.7
49.2
48.3
26.5
40.4
61.2
57.5
39.9
58.1
52.9
27.3
47.9
30.6
28.7
23.4
29
28.5
52.7
47.2
52.8
27
22.9
33.8
25.5
50.3
39
30.8
38.2
31.9
34.5
41
30.1
33.2
53.1
25.9
41.3
45.5
41
74.9
29.2
52.7
60.6
54.3
85
86.6
76.3
79.5
124.5
78
73.9
57.9
96
57.7
60.3
63.4
35.8
35.3
32
25.8
27.7
24.4
24.8
16.9
17.7
15.3
17.4
15.5
18.6
16.2
19.1
19.1
22
23.4
18.35
15.825
13.3
15.9
17.6
19.6
19.3
21.2
25
22.2
18.1
17.8
20.5
20.2
26.4
52.1
32.8
44
25.7
16.6
29.1
25.5
28.6
38.9
14.6
18.9
37.2
27.7
26.1
14.7
19.3
27.6
14.3
23.2
17.4
21.3
20.3
11.4
16.9
11.7
15.5
39.6
16.4
34
14.7
15.2
25.2
40.3
30
35
36.8
18.8
23.5
20.9
22.1
25.2
23
33.4
22.1
26.7
32.3
23.9
28.6
19.3
28.5
43.8
32.8
26.6
35.4
33.3
35.2
50.4
19.9
33.4
11.7
12.4
11.5
12.2
12.9
17
14.6
15.3
13.2
8.6
9.8
8.6
6.9
9.3
9.8
11.7
15.1
17.5
13.9
15.5
20.1
22.8
22.15
21.825
21.5
19.4
23.2
18.4
18.9
22.7
27.3
30.7
38.8
63.2
60.7
56.7
45.8
42.7
33
20
12.8
20.7
22.9
28
27
22.4
18.3
34.5
29.9
20.2
39
39.1
31.3
21.2
23.1
26.3
20
25.8
42.7
22.4
25.6
12.3
16.8
24.5
40.7
27.9
10.8
32.5
44.5
54.4
18.2
8.7
32.6
42.8
22.5
20.6
35.3
61.9
70.8
52.6
39.1
45.6
33.4
41.9
60.5
40.7
37.3
46.7
28.6
45.8
53.1
42.7
31.1
35.2
26
35
31.6
30.4
38.1
44.1
45.6
46.3
51.6
76.8
88.3
71.6
67.4
71.5
63.1
59.5
60.5
62.4
67
67.3
68.5
73.1
77.7
82.5
75.6
72.15
68.7
68.9
64.6
76
75.8
65
68.1
67.3
62
68.8
68.1
55.5
57.2
48.7
47
53.5
54.3
60.8
50.9
67.1
49.9
48.2
63.4
49.4
47.7
65.1
95.6
69.5
51.8
64.9
67.3
61
45
50.4
57.6
50.8
62.5
70.5
42.8
45.3
57.6
79.4
111.1
69.2
75
70.2
105.6
74.3
68.3
72.4
114.6
116.3
144.10001
85
108.8
99.8
125.2
81.6
48.2
70
45
34.1
41.2
57.4
82.4
58.2
40.7
109.1
80.5
42.4
55.7
39.7
26.4
20.8
44.1
42.4
36.1
32.2
41.9
26.1
23.7
22
18.6
27.6
19.3
16.4
18.8
20.1
21.7
22.2
25.6
26.1
28.1
32.4
27.05
24.375
21.7
14.2
15.9
20.5
10.3
26.1
32.7
21.7
32.7
17.6
37
22
40
29.5
52.4
35.8
47.3
56.3
59.4
61.4
61.6
61.9
49.7
59.7
84.3
78.3
123.7
75.8
98.7
92.3
94.5
87.5
88.7
51.5
71.9
82.2
60.7
27.9
53.9
47
63.4
54.1
131.3
51.3
85.1
34.7
41
52.9
57.8
54.5
40.7
79.9
43.7
58.8
46.9
42.7
96.6
49.1
51.3
88.1
85.6
57.8
45.9
81.7
65.4
86.6
101.6
67.9
144.2
122.3
100
56.8
52.7
85.1
76.3
72.4
50.7
38.7
45.3
46
34.3
30.1
25.5
26.2
25
18.9
20.9
15.3
13.3
16
18.9
18.9
25.7
26.9
19.35
15.575
11.8
12.8
10.6
9.9
12.8
12.8
9.6
12.1
15.5
34.3
30.4
77.8
33.6
22.3
40.4
43.9
29.7
27.5
45.4
51.7
65.2
126.9
80.3
90.4
71.1
92
81.1
84.3
130.7
83.5
100.5
83.3
119.2
81.1
85.4
96.9
87.8
103.7
93.3
86.7
84.6
82.8
95.2
58.5
51.2
57.9
70.3
54.3
83.9
50.4
62.5
68.8
91.7
55.5
75.8
63.8
74.4
52.8
97.3
58.8
83.4
84.3
85.9
197.2
86.4
36.7
74.7
95.1
101.8
87.8
66.1
76
74.7
71.9
85.6
49.8
63.4
31
35.5
23.7
23.9
21.5
13.4
15.4
17.1
13.9
17.8
15.1
16.1
16.3
18
21.7
22.4
28.3
19.1
14.5
9.9
11.4
13.6
81.1
84
83
85.2
86.6
79.7
85.2
93.7
83.2
89.2
89.7
83.7
85.6
86.3
84.2
86.1
81.6
68.7
86.3
81.8
73.9
67.7
61.1
61.8
61.5
48.4
64.6
45.3
41.5
42.2
32.7
39.9
38.4
38.4
33
33
31.3
30.8
48.9
45.6
32.7
38.4
53.9
52.4
34.6
68.6
41.7
48.7
65.1
43.9
63.6
69.3
58.2
49.8
51.2
67.2
62.2
64.3
67.6
80.5
90.9
61.4
72.8
59.3
75
62.4
79.8
64.8
62.2
61.5
56.7
57.9
59.6
56.3
49.4
48.2
47.5
42.7
41.3
39.6
39.6
42.7
43.4
38.2
37.5
43.7
42.7
46.5
46.5
46.7
50.1
47
45.45
43.9
41.7
38.9
37.2
46.3
47.9
37
46.5
54.6
42.2
45.3
51
55.5
52.2
55.5
48.6
53.1
55.5
60.2
45.3
45.5
41.7
41
50
44.6
50.5
41.7
54.5
54
54.8
44.5
43.6
49
39.3
48.1
53.5
33.1
45
37.4
46
33.4
41.2
44.3
32.2
27.2
36
37.6
42.6
40.9
42.8
35
44.3
37.2
40
54.3
49.7
45.2
46.2
43.6
43.8
45
36.2
42.4
43.6
54
52.6
45.9
51.4
64.6
70.8
61.6
67.3
72
77
64.7
59.2
45.5
47.9
40.5
33.6
25.1
26.3
25.3
32
23.9
24.9
27.9
26.5
27.7
26.3
25.8
28.9
31.7
32
30.8
30.2
29.6
31
30.6
28.2
28.7
32
33.2
33.6
44.5
51.9
56.6
48.6
44.8
46.2
124.8
81.4
80.9
85.5
84.8
97.5
130.5
94.4
85.5
108.7
129
110.9
74
121.3
111.7
100.5
80.3
121.6
93.9
90.6
97.7
81.6
98.9
62.6
80.4
76.6
55.8
46.4
53
55.5
64.8
44.2
50.3
43.7
74
70
85.6
60.1
59.1
69
39
63.4
71.2
98.9
45.4
69.8
60
91.3
92.2
79.2
83.3
145.8
74
87.5
115.7
129.10001
115.4
146.2
89.1
89.3
82
97.7
88.1
92.5
78.4
74.3
79
77.6
75.1
84.3
86.5
95.9
81.7
72.8
81.3
89.3
88.8
84.9
85.3
87.9
83.4
81.15
78.9
74
85.4
91.5
78.5
83.4
106.8
87.5
84.6
81.6
91.4
80.4
77.9
86.6
87.4
90.9
78.7
87.2
73.8
82
71.9
91
89.1
105.6
114.3
91.5
99.9
110.9
108
117.9
104.9
70
107.3
105
90.5
78.7
116.6
104.8
62.4
126.4
76.3
75.9
105.3
74.7
105.2
59.7
63.1
63
63.5
64.4
55.7
53.3
62
63.5
73.9
68.4
88.5
52.5
79.7
78.1
87.3
80.1
82.9
76.8
89.2
145.10001
111.8
111.9
192.5
134.60001
144.7
121.9
102.4
100.9
110.7
94.5
91.9
71.2
69.6
65.6
52
52.2
41.8
42.3
45.4
40.6
46.8
39.7
52
42.8
42.8
42.8
40.4
44.2
39.7
37.45
35.2
39.5
45.6
58.1
60
53.4
59.7
62.1
83.7
63.3
80.9
75.5
74.5
72.5
78.8
98.5
104.8
101.1
101.7
103
101.1
92.4
120.8
107.7
101.3
123.9
107.7
112.1
147.3
118.5
105.7
133.10001
106.6
83.9
121.9
127.9
70.2
114.7
87.7
82.5
95.5
84.6
87.1
50.7
58.1
81
79.6
68
60.7
71.1
60.6
56.1
70.4
96.6
103.1
93.3
90.1
61.9
74.1
117.2
119.5
185.3
55.8
94.6
82.7
100.6
140.7
106.2
109.3
126.4
127.9
96.9
83
72
94.9
79.2
55.7
44.7
44.8
34.2
31.9
38
34.2
33
37.3
22.5
27.2
23.4
23.6
21.3
24.8
23.4
23.6
20.8
21.75
22.225
22.7
20.8
25.5
22
24.3
24.1
22.2
17.5
25
21.3
21
41.9
31.8
32.8
42.9
41.4
41.2
51.7
64.7
72.8
71.5
91.1
94.5
102.6
90.3
72.8
67.2
121.6
91.7
102.6
109.9
77.4
69.9
117.7
121.2
136.89999
113.7
87.5
107.7
84.3
82.5
89.8
112.5
90.6
126.1
139.3
96.8
151.10001
80
83.1
89.2
91.5
126.7
90.1
79.2
79.6
117.8
81.8
97.3
83.2
86.3
69.3
100.3
116
122.8
87.5
109.4
103.5
103.2
97.6
95.5
96.8
103.8
58.2
87.1
83.6
79.1
63.9
47.5
50.9
48.8
50.2
45.7
43.8
48.5
69.6
67.8
69.2
66.9
64.3
65
57.9
55.4
57.2
63.05
65.975
68.9
74.1
68.3
63.1
71.5
66.4
65.4
78.1
73.9
77.8
75.7
65.8
81.1
84.7
67
51.3
84.6
83.6
85.3
88.8
85.3
96.6
100.5
84.5
93
78.4
102.9
91.2
106.2
83
68.1
62.9
70.4
78.4
62.9
74.4
56.4
45.8
67.8
51.9
76.3
46
50.9
90.8
78.1
58
58.5
63.4
55.1
113.9
83.2
68
48
63.6
57.4
75.5
80.7
95.1
107.2
70.9
89.1
57
59.5
72.8
78.4
49.9
43.6
52.1
53.7
43.3
41.6
48.3
47.6
47.6
41.6
54
56.6
51
44.4
46.2
47
46.4
32.3
40.2
38.4
38.6
41.4
36.5
42.6
37.7
39.3
49.1
46.3
35.1
42.55
46.275
50
51.7
60.1
65.2
65.7
60.3
75.9
69
67.9
72.4
67.7
76.7
75.8
86
90.2
85.4
94.3
82.3
72.1
74.1
76.8
80.8
79.8
69
63.5
54.9
50.3
54.9
64.8
68.7
99.8
90.4
64.4
66.2
51.3
29.6
31.5
31.4
38.5
50.1
93.5
60.6
77.9
89.5
60.2
40.9
54.3
97.7
58.3
86.1
93.3
63.9
64.1
67.9
109
51.4
64
103.7
80.2
90.7
77.6
84.1
118.4
38.7
86.1
69.1
64.2
90.1
58.5
59.5
63.4
46.2
58
62.8
62.5
49.4
63.2
53.4
55.3
44
40.3
36.9
31
40.9
35
38.3
35.3
36
38.5
36.9
40.2
40.9
38.1
37.4
35.85
35.075
34.3
34.5
40.8
43.2
38.5
48.4
57.9
44
57
50.7
59.5
59.4
57.6
63.5
68.4
70.7
79.5
61.8
63.4
65.3
60.1
57.7
52.2
95.4
88.8
81.7
94.9
135.7
99.7
91.9
90.4
88.7
68.2
70.9
54.1
85.3
109.7
84.4
107.7
48.3
90.2
82.2
81.3
111.6
90.1
55.6
60.1
105.1
127.7
140.10001
116.7
60.2
84.2
57.3
40
63.3
51.6
54.9
49.4
44.5
68.9
86.9
35.7
43
39.1
64.2
53.8
38.9
34
49.3
49.5
58.7
63.8
67.3
53.2
64.5
67.7
51.6
31.7
39.1
24.3
33.6
43.3
39.8
30.6
25
23.8
34
25.6
31.5
23.9
24.6
26.4
28.8
28.3
28.05
27.8
26.4
28.5
38
30.6
41
39.1
49.4
64.2
54.6
68
73.9
70.2
76
83.5
82.9
85.1
53.8
50
55.9
59.1
88.6
95.9
94.5
95.2
105.6
61.2
76.7
80.1
55.7
59.4
60.2
56
64.2
75.3
60.4
59.4
48
61.7
52
50.5
50
49.9
50.9
45.7
38.7
59.4
49.8
50.9
50.6
48.5
49.6
63.4
53.3
49.8
48.1
53
53.8
40.2
43.1
49.7
43.1
52.2
43.6
53.5
43.4
57.4
64.4
56.6
49.8
68.7
51
55.3
59
55.6
74.6
60.2
57.2
47.5
49.8
54
66.3
54.3
55.2
53.1
60.8
65.8
65.8
49.9
50.6
47.4
47.4
48.8
50.6
44.35
41.225
38.1
38.1
38.5
39.2
37.6
41.1
40.6
39.2
44.3
63.9
75.2
59.6
69.1
66.4
68.2
65.7
64.5
69.8
82.3
70.8
74.3
78.2
85
82.8
101.1
74.7
69
69.4
61.5
83.5
52.1
55
47.3
62.2
67.8
56.6
53.8
51.3
65.8
53.7
62.2
49.5
58.2
49.4
50.1
63.5
54.2
35.9
52.4
42
42.6
35.1
87.3
76.6
74.8
60.6
42.2
56.7
79.2
57.8
91.3
71.8
61.7
48.3
47.5
56.3
61.8
64.4
108.1
118.5
159
111.4
100.8
104.2
110.1
85.7
76
93.5
63.1
81.4
70.3
63.6
56.2
57.6
58.1
66.5
64.2
65.6
63.3
56.6
61.2
67.6
72
70
68.85
68.275
67.7
73.8
75.7
84.7
72.3
82.1
68.9
76.9
90.2
64.6
41.9
48.1
49.1
59.3
59.9
58.3
79.8
86.3
76.7
88.5
66.7
93.9
103.5
136.5
110.9
107.4
119.3
91.7
98
88.6
71.2
121.2
104.5
95.8
74.2
79.5
61.7
77.2
68
60.3
110.9
56.4
74.8
76.3
71.2
135
81.9
65.6
57.45
53.375
49.3
78.3
92.7
56.5
76.5
94.2
60
89.8
85.1
74
128.7
81.4
84.9
74
72.5
117.2
122.1
95.1
111.9
115.3
128.60001
118.8
129.2
105
121.1
112.2
94.1
69.4
61.5
59.5
39.5
41.1
36.8
35.4
25.7
32.6
23.4
18.7
21.7
20.6
24.5
21.3
30.3
28.2
24.05
21.975
19.9
31.4
27.8
29.4
43
33.5
34.4
33
39.2
47.4
63.5
53.4
65.4
71.1
77.1
64.9
73.6
72.4
72.2
81.8
71.6
69.5
62.6
61.9
70.6
62.2
66.8
73.3
59.2
51.2
49.6
59.7
69.8
46.2
50.6
37.3
48.9
38.8
29.6
41.7
50.4
48
27.1
42.6
26
25.1
34.3
36.2
34.3
65.3
32.2
55
37.2
42.4
45.6
39.5
35.8
30.4
27.8
42.1
38.9
38.7
49.3
49.4
67.7
57.6
63.6
60
54.4
65.9
73.6
76.7
82.2
82.4
82.8
96.8
97.8
95.1
82.7
89.8
78.8
81.9
81.9
74.1
61.5
67.9
58.7
52
53.4
49.7
50.9
62.6
56.2
61.3
57.35
55.375
53.4
55.7
74.9
92.1
110.3
110.2
121.9
120.4
123.1
120
114.5
100.2
106.7
112.4
152.3
139.39999
136.60001
140.7
148.5
146.3
137.3
104.9
116.6
100.5
88.9
56.9
57.2
53.3
56.8
41.3
39.9
41.7
41.7
35.8
24.4
28.8
34.7
40.6
47.9
65.7
37.3
41
35.7
82.3
40.6
43.1
23.2
42.8
68.1
26.8
49.3
51
103.5
41.5
57.8
51.4
53.1
38.4
86.1
92.4
64.8
74.3
63.1
75.3
86.3
96.6
92.1
83.3
66.9
60.4
62.3
60.8
50.1
53.3
50.4
61.9
60
81.8
77.2
65.1
71.7
60
48.3
51.7
58.1
60.4
68.5
76.3
84.3
76.5
73
90.2
90.4
76.9
74.35
73.075
71.8
77.8
79.4
90.6
86.7
103
69.9
69
82.7
71.9
70.7
63.8
51.4
58.7
64.5
64.2
73.8
80
97.9
69.4
62.9
51.2
42.9
44.7
30.9
26.7
41.2
51.6
36.8
43
55.8
44.8
39.1
52.8
61.2
46.9
37.5
41
30.3
43.4
60.6
45.6
71.7
59.3
78.6
92.7
45.1
32.4
69.2
69.1
71.3
89.2
53.1
32.9
50.4
37.2
76.5
81.9
67.3
81.4
60.4
63.3
98.7
95.8
92.1
92.6
89.2
79
75.5
64.5
68.7
60.1
61.9
68.4
77.5
83.5
64.9
74.9
75
64.8
49.2
54.1
54.2
56.8
50.5
46.1
50.9
52.6
49.8
43.3
49.3
57.8
49.3
54.6
52.15
50.925
49.7
47.9
45.6
48.8
49.5
53.2
48.2
49.1
52.3
46.9
49.9
56
48.1
54.3
51.4
44.1
56.1
40.7
32.6
31.5
28.7
36.1
43.1
42.7
51.8
48.1
95
94.7
70.9
112.4
83.1
66.6
95.1
74.7
69.6
53
65.7
51.8
68.7
80.1
102.9
87.2
84.1
55
70.5
45.7
70.5
67.4
49
57.3
57.5
61.3
76.8
71.4
59.2
67.9
68.4
75
73.4
84.5
72.9
73.8
68.3
64.7
55.1
63.5
64.1
75.1
49.5
84.5
63.2
65.2
64.9
66.5
67.1
69.7
88.7
91.6
91.3
80
82.3
79.3
90.6
81.4
77.2
98.6
79.4
79.8
79.1
82.3
85
86.9
95.9
87.7
83.65
81.625
79.6
98.6
90.8
82.8
77.6
79.5
80.8
89.9
118.7
125.6
116
119.6
94.4
96.8
99.2
102.9
103.2
99.9
109.7
114.7
102.3
96.7
138.3
98.7
88.2
90
81.8
81.3
94.6
68.3
58.2
66.2
67.9
64.2
69.7
75.4
91.2
72.8
67.9
80.3
60
67
79.4
60.9
62.3
74.5
89.6
52.5
100.3
54.3
91.2
72.6
91.4
107.3
127.5
99.6
112.1
88.4
105.2
130.60001
113.1
118.4
110.9
95
86.7
146.39999
144.7
104.5
106.3
132.10001
80.9
84.9
112.2
86.7
93.3
96.9
106.9
99.3
109.5
79.7
74.7
77.9
71.7
69.7
67.2
66.2
67.3
66.4
69.6
63.2
77.8
74.1
76.8
83.8
75.8
71.8
67.8
71
63.8
104
109.5
105.3
107.2
105
122.8
87.4
103.3
125.8
133.60001
107.6
120.8
121.1
116.7
141.60001
126.4
108.3
178.89999
146.7
151.8
162.7
149.10001
148.60001
112.4
110.1
134
123.3
141.5
146.5
158.60001
135.8
73.1
114.9
121.9
91.2
97.2
58.4
78.7
68.4
78.9
116.5
111.7
164.8
107.3
88.9
78.7
77.9
80.6
109.6
104.5
74.1
79.4
93.3
133.60001
68.7
59.3
85.3
131.10001
60.2
109.8
61.3
114.3
94
131.89999
67.1
138.8
94
82.1
73.6
72.5
67.5
52
36.7
36.1
25.6
30.9
25.1
24.9
26.1
24.5
26.7
29.4
24
23.6
24.7
28.3
39.3
31.9
31.7
31.9
35
29.85
27.275
24.7
27.4
31.8
33.6
32.4
29.1
25
32.9
34
28.8
39.6
35.9
33.1
47.6
48
38.9
40.5
35.2
50.9
52.4
44.4
38.5
47.3
66
74.5
65.3
98.1
103.9
125.3
92.8
84.6
95.1
74.2
45.1
74.1
111.3
81.6
126.9
52.2
42.2
67
67.1
65.6
52.6
135.7
162.89999
88.3
88.9
46.4
51
63.2
102.5
53.6
64
84.7
49.7
38.1
67.4
69.5
57
60.3
71
63.1
113.9
52
85.1
43.8
55.7
58.4
42
38.8
39
27.1
26.2
28.4
28.2
18.9
22.3
16.7
20.2
18.9
16
17.1
16.9
18.2
16.5
18
24.3
20.3
18.7
26.1
28.5
31.7
41.5
33.9
30.1
26.3
26.9
35.4
37.4
38.7
34
35.8
41.6
40.9
49
45.4
42.5
47.5
47.8
39.5
50.6
66.9
57
55.7
61.7
79.4
62.9
71.7
129
99
72.8
80.3
53.4
31
53
53.5
111.7
136.5
94
71.6
128.2
69.3
78.8
105.3
54.4
99.9
62.6
81.6
51.8
54.3
40.1
49.9
58
47.6
62.2
61.1
77.3
60.8
62.1
46.7
72.4
42.3
43.2
62.3
73.6
64.2
118.6
48
69.5
109.1
110
59.8
57
65.8
57.7
78.7
65.9
55.5
50.3
53
43.6
36.1
21.6
20.5
21.8
21.8
18
21.8
15.6
17.1
18.7
18.7
18.7
18.7
19.8
20.5
23.4
28.1
34.1
26.95
23.375
19.8
22.9
20.4
25.8
42.1
48.5
46.5
40.2
55.6
58.3
36.9
36.6
46.6
44.1
24.7
36
36.7
51.8
49.4
43.1
42
43
22.5
27.4
38.8
46
24.3
29.9
41.3
23.2
17.9
18.4
22
43.8
22.6
23.8
26.3
51
24.8
20.9
13.7
21.5
22.9
31.7
36.5
28.8
23.9
31.5
23.5
13.4
18.9
21.4
24.3
32.8
13.5
23.5
18.6
21.5
11.7
13.3
22
16.2
17.1
19.3
13.8
15.6
12.5
14.2
14.5
13.1
12.2
17.1
19.3
12.9
10
9.6
9.1
8
7.8
9.6
7.8
9.4
9.4
9.2
10.5
10.5
11.2
12.7
12
12.7
15.1
16.3
21.6
29
22.1
18.65
15.2
17.4
18.9
18.7
19.1
19.8
22
25.8
23.8
28.1
26.2
23.3
31.8
35.5
30.7
32
33.6
31.5
25.6
22.7
36.2
52.9
56.6
44.1
69.2
54.3
41.6
42.5
37.7
33
49
53.6
26.2
80.6
29.2
41.1
39.8
48.1
40.1
36.4
40.9
33
79.7
45.4
88.8
44.2
34.5
51.4
40.3
46.2
57.9
71.1
89.2
59.6
39.6
58.9
46.3
63.2
49.4
74.1
81.8
116.1
78.6
58.8
74.7
39.7
61.8
74.9
48.9
45.6
72.8
41.2
33.4
27.8
28.7
23.2
23.6
20.1
17
25.9
21.4
17.4
16.7
16.3
17.2
18.1
24.3
21
23.6
26.7
36.1
31.2
41
49
40.1
35.65
31.2
40.2
36.7
38
43.8
39.6
42.2
51.1
35.1
45.4
45.1
62.4
36.3
57.4
48.6
61.7
67.7
61.6
40.8
31.5
55.2
69.6
106.8
117.5
85.1
59.1
83.7
62
66.7
33.4
93.2
71.3
61.6
113.4
81.5
67
94.4
31.3
89.8
63.2
46.4
77.7
43.6
67.4
90.9
60.6
52.6
72.7
58.1
44.7
121.9
115.9
42.5
75.2
59.8
80.5
112.2
92.1
100.6
115
85.7
94.6
86.3
129.60001
86.7
108.2
107.2
102.6
93.4
113.1
127.4
92.1
88
75.1
66
60.5
48
54.5
48
37.5
33.6
30.7
30.2
30.1
28.1
31.4
26.3
26.9
25.4
25
23
24.5
30.1
39.4
38.75
38.425
38.1
40
44.5
51.6
51.1
39.5
47.8
47.1
61.5
52
54.7
57.3
56.6
69.1
58.3
49.7
68.7
116.9
82.3
101.3
54.1
77.6
109.3
129.89999
124.8
77.1
60.9
103.4
73.5
117.4
63.1
89.4
120.4
49.2
95.1
90
83.4
59.7
98.2
68.3
63.1
96.6
70.3
76.5
43.8
79.9
60.3
64.8
95.3
46.2
56.6
90.8
68.5
73.1
89.7
68.8
69.9
110.1
73.1
71
77.7
75.1
145.8
162.2
143.7
155.7
177.7
136
144.5
135.10001
131.10001
110.2
106.6
91.2
92.9
101.1
99.3
82.8
86.2
71.9
76.1
70.3
71.5
79
73.7
78.4
79.1
87.6
85.7
91.6
78.9
75.6
80.1
86.3
81.7
79.4
77.1
109.9
107.4
94.9
95.6
106.5
95.6
111
115.8
117.3
120.9
136
117.8
95.6
111
124.7
127.5
92.3
108.4
112.2
129.5
177
163.60001
175.5
145.60001
145
135
143.89999
129.8
136.7
158
108.9
116.4
102.1
140.60001
135.7
101.8
120.8
137.10001
130.60001
86.7
121.6
146.39999
170.5
93.9
122
101.1
97.9
143.7
159.89999
94
75.6
124.3
88
125.9
112.3
103.5
139.5
151.7
122
122.5
129.8
136.5
125.8
173.7
146
118.3
83.8
97.7
71.1
77.7
67.1
74.9
108.2
109
109.3
88.7
66.2
69.1
79.1
75.7
60.5
78.7
77.4
85.1
74
80.5
64.4
72.1
78.5
94.6
89.8
90.3
96.2
84.3
78.35
72.4
66.8
70.3
81.9
117.5
110.6
99.9
110
107.4
93
105.7
108.3
149.89999
129.60001
118.3
151
147.60001
130.10001
111.1
131.7
170.39999
130.5
178.39999
205.60001
144.2
118.7
109.2
86.9
78.3
66.5
76
53.9
117.6
84.4
64.5
80.2
63.2
61.2
69.8
74.3
106.7
93.9
97.9
72.3
67.5
58.9
95.9
107.8
78.9
139.60001
50.6
63.2
89
109.2
122.3
127.1
118.2
94
181.89999
117.4
131.3
81.8
170.10001
110.7
128.8
152.60001
137.3
119.6
149.10001
129.5
108.9
96.4
92
77.3
79.9
69.6
57.6
60.6
54.7
52.3
49
47.5
49.7
36.5
35.4
39.5
33.2
37.1
39.8
37.8
36.7
46
46.2
46.2
44.7
43.95
43.2
47
56.7
60.4
66.8
56.2
53.7
74
82.7
84
88.6
83.9
92.1
100.2
93.3
85.1
96.6
95.9
128.5
123
132.39999
160.5
220.7
147.5
99.8
155.5
160.39999
138.7
145.89999
118
135.89999
129.39999
166
102.9
91.8
131.89999
112.649995
103.0249975
98.21249875
93.4
96.7
59.7
165.89999
78.3
70.6
86.7
122.3
56.2
100.4
56.3
108.4
86.5
123.2
134.5
82.4
109.8
163.5
131.39999
125.1
112
131.5
119.8
141.60001
145.2
157.10001
120.6
123.5
109.4
104.2
86.2
95.8
102.1
90.3
76
73.9
69.7
69.3
75.7
53.3
40.9
48.4
54.7
58.2
47.3
55
44.6
38.2
37.8
41.1
48.2
53.7
53.7
58.5
68.4
59.45
54.975
50.5
69.4
102.5
89.8
75.9
81.7
75.4
72.1
84
96.4
96.1
64.9
79
74.7
76.6
71.4
78.7
67.8
81.5
70.9
81.8
94.8
91.6
71.7
80
77.1
71.8
76.5
65.1
57.3
74.8
68.1
76.7
72.4
78.8
48.5
53.2
52
51.5
44.9
46.1
76.3
51.7
46.5
53.4
39.2
79.1
36.8
61.6
71.7
56.1
67.1
68.6
69.3
41.1
54.1
76.1
66.5
49.9
47
52
58.1
51.3
46
58.1
54.5
48.1
45.8
55.1
57.1
52.4
58.6
49.6
47.2
51.9
41
41.7
41.2
33.6
41
50.6
38.2
52.2
58.2
60.4
63.3
77.2
78.2
68.5
71.3
81.3
87
82.2
85
86.65
87.475
88.3
97.4
101.4
95.5
90.3
72.8
88.4
80.7
68.5
69.7
74.2
96.3
93.8
116.8
107.9
85.1
100.3
96.6
116.7
112
101.4
77.9
84.7
126.7
104
66.5
98
88.2
67.3
38.7
75.5
54.7
54.7
79.4
72.1
54.1
62.7
16
40.4
95.7
66.3
37.7
54.1
44.9
46.8
54.9
46.7
88.7
59.3
46.6
70.2
34.1
93.4
87.5
71.7
79.5
52.8
60.6
91
54.1
53.2
49.2
47
33.7
46.4
47.8
69.9
55.4
47.4
44.3
62.9
75.6
73.5
58.1
61
70.5
74.1
75.5
74.1
69.4
54.9
51.2
58.4
60.8
61.7
63.3
74.4
79.1
85.5
84.2
87
89.3
93.9
102.6
96.45
93.375
90.3
89
107.4
82.3
87.6
77
72.6
81.3
69.8
67.6
56.2
58.3
75.9
83.8
61.5
65.3
61.4
54.7
51
64.4
73.5
82
80.9
73.7
76.9
58
54.6
51.2
126
66.5
51.1
130.5
83.8
39.2
48.4
65.1
60.7
56.8
33.7
45
33.1
35.7
53.1
38
29.4
35.5
51.3
54.1
32.2
46.2
42.6
34.2
44.9
32.3
39.2
31.8
51.3
44.7
94.7
47.7
88.6
50.6
45.2
76.9
69.7
56.9
63.4
55.8
78.5
77.3
74.4
66.8
55.6
48.1
43.3
39.3
37.7
38
21.5
21.9
28.3
21.5
25.8
21.5
23.7
21.5
21.9
21.7
25
24.8
28.7
29.8
31.6
39.3
40.6
41.25
41.9
59.1
44.1
43.4
37.9
37.9
38.1
40.3
42.5
39.5
51.5
65.9
84.6
74.9
81.6
80.8
75.6
74.6
100.6
93.7
112.5
94.1
86.7
80.9
88.8
151.7
115
119.5
103.8
113.9
87.6
106.1
128.8
105.9
79.9
105.6
108.7
120.4
115.1
132.5
86.8
69.6
79.9
77.8
77.3
103.5
68.4
86.6
120.7
81.7
91.4
152.7
102.3
99.5
145.10001
96.8
81.9
70.1
65.8
40.8
153.39999
179.60001
138.60001
172.89999
262.39999
157.10001
155.8
179
119.6
151.39999
141.2
128.89999
113.2
86
85.6
101.7
83.5
87.7
75.9
74.9
72.3
70.1
72.7
73.9
75.8
68.6
72.9
72.3
68
67.9
68
72.3
78.2
94.4
95.65
96.275
96.9
93.5
100.6
105.6
113.1
123.4
121.8
122.5
143.7
135.7
157.2
171.89999
165.7
162.3
152.10001
147.8
160.8
161.5
179.7
153.89999
204.39999
191.60001
128.8
150.10001
188.3
165.3
172.8
153
126.5
164.10001
137
116.1
116.4
101.1
110.9
89.7
106.8
72.5
66.9
67.5
91
80.3
52.2
67.1
49.7
39.3
66
51.5
46.4
82
43.7
55.6
122.4
68.2
81.1
89.8
85.4
48.5
46.4
57
87.8
77.8
144.8
130.10001
111.2
86.3
125.6
135.3
108.1
108.7
101.3
79.6
72.4
61.1
55.3
48.3
40.5
35.7
34.4
28.5
27
24.6
21.9
25.2
32.9
34.8
35.5
41.4
48.6
58.5
46
54.8
60.7
70
59.8
54.7
49.6
46.5
39.1
66.4
100.4
96.7
93.9
85.9
90.5
93.7
99.1
110.4
112.8
94.2
93.3
96.6
124.1
102.9
114.8
157.39999
103.5
116.7
129.5
110.4
96.9
87.5
109.4
126
139.10001
103.6
113.7
91.7
82.6
103.1
89.1
137.7
82.3
84.2
88.3
106.8
96.4
61.5
76.9
124.6
86.4
119.1
91.1
68.1
92.5
51.6
102.8
81.5
94.1
115.9
74.3
103.3
88.7
99.8
54.4
50.1
97.1
66.9
93.8
101.8
111.4
85.9
70.8
80.1
62.4
63.3
59.6
50
43.4
34.5
31.5
29.3
18.4
18.2
13.6
13.2
14.7
11.4
10.6
9.7
9.5
9.7
11.9
8.2
10.6
10.8
13.2
10.8
17.6
21.6
17.95
16.125
14.3
22.2
17.8
16.5
20.8
18.4
23.6
21.2
18.4
27.1
29.1
26.8
24.9
32.5
31.6
25.8
34.7
31.1
40.2
50.4
44.4
48.8
48
59.8
64.1
64
59.4
72.3
62.6
58.9
54.2
76.8
77.3
65
73.9
66.5
64.9
91.1
76.4
84.3
84.7
70
44.5
55.8
61
39.5
48.2
67
59.6
45.6
53.9
47
107.1
29.1
45.9
32.8
61.6
49.1
71
91.3
44.3
46.3
59.4
55.9
63.7
59.3
67
84.6
62.4
63
75.5
63.1
47.7
51.3
45.7
50.4
25.2
22.8
17.8
17.8
18.2
17.8
16.1
17
16.3
15
14.6
15
13.9
15
16.6
18.3
19
29.2
29.15
29.125
29.1
37.8
30.8
