"x"
32.4625
31.275
26.325
24.1
18.35
22.025
20.7375
20.2125
8.3125
7.225
3.7
5.9875
11.575
18.425
16.7625
18.075
16.9375
20.5875
18.9375
18.925
14.3
13.3625
8.9625
18.734375
28.6625
38.5
20.6875
20.7875
20.5375
23.7
21.85
21.3
25.6625
24.4875
14.975
11.540625
23
20.425
26.8125
53.55
44.6375
40.85
32.0375
42.275
60.175
35.6
16.625
17.46875
24.35
31.85
79.6625
94.71249875
87.8
76.2625
80.8
58.4625
59.8875
32.9375
17.45
16.459375
24.6625
33.6125
51.25
84.2
94.88749875
64.1375
66.0125
71.1125
53.8
22.8
11.525
18.846875
14.725
42.95
77.55
114.68750125
79.225
70.7875
43.6375
34.375
39.525
11.85
3.8
6.3375
17.375
40.3125
33.375
39.625
58.3
59.8875
84.15
80.2875
57.175
45.5875
50.5
68.421875
82.7875
110.19999875
119.9875
123.9625025
106.46250125
102.075
94.86249875
120.9624975
43.7
30.575
25.625
24.78125
29.5
50.75
48.3625
79.3125
69.6
70.25
56.6625
59.375
47.975
30.0875
9.0375
8.665625
18.025
40.6125
82.0875
99.3375
76.2875
72.4375
74.5875
64.075
55.775
26.05
12.825
26.734375
49.3625
84.55
103.525
127.7999975
124.66249875
101.6
84.1375
77.7875
56.5375
44.0875
19.4125
13.975
23.3875
31.85
46.6
43.725
36.15
25.275
44.030078125
44.8198440551758
44.8000775158405
44.8000003027962
44.8000000011828
44.8000000000046
44.8
44.8
44.8
44.8
44.8
44.8
44.8
44.8
41.75
30.2625
21.4625
26.73125
32.325
36.7875
23.0625
28.925
58.975
72.3
53.0875
53.025
30.35
24.7375
40.9375
48.61875
69.7875
77.4125
107.2125
110.15000125
81.54999875
89.775
77.8625
72.6625
44.0625
38.925
22.5
36.478125
45.825
56.3
79.725
94.4
100.0875
87.975
114.9375
85.975
66.5875
31.9125
9.3125
12.115625
36.625
50.9625
77.45
56.2625
43.55
44.775
32.925
22.375
15.225
12.4625
11.7875
11.696875
15.875
22.575
32.225
43.8375
49.625
51.275
45.6375
110.7625
46.375
16.1625
8.4375
11.16875
22.1375
43.6625
47.525
53.8
69.825
86.725
50.5125
33.825
43.8875
35.7375
50.525
64.059375
72.9375
69.0625
77.5
109.61250125
104.325
95.8375
74.5625
68.4
55.1125
45.9125
46.825
56.671875
69.4125
100.275
119.38750125
105.2875
101.39999875
102.9875
103.55
71.1375
42.6875
16.3375
11.1375
20.971875
36.4875
45.7125
47.4625
41.8875
45.775
50.5
46.8
25.175
18.275
22.3875
12.75
13.003125
25.7
29.2
35.9125
45.4625
59.7125
61.2625
51.075
38.6125
29.025
21.5
29.825
39.534375
51.7875
72.8
93.2875
94.91250125
102.95
104.2
108.76250125
104.60000125
50.5375
20.2125
24.5625
34.790625
57.225
65.8125
62.2375
60.9875
55.6875
75.6125
78.9625
65.375
52.0875
22.6125
21
55.8125
83.7
85.4625
117.8375
90.3125
86.0125
85.6375
99.88750125
40.9
31.775
21.3
19.6125
29.446875
47.275
49.2375
48.9375
53.375
53.4125
55.8125
49.525
42.65
39.9
42.0625
46.8625
52.484375
48.95
51.1625
62.3
76.0625
85.275
104.9625
87.9
71.95
56.475
45.3375
52.925
63.303125
58.8875
69.9875
72.4
77.3625
64.0125
51.8
53.6875
65.4
60.8625
44.3625
36.9625
49.421875
58.8625
67.0375
75.075
76.8
58.9375
58.5
49.5
51.3125
35.8375
16.9375
13.3625
16.578125
22.4875
27.55
42.15
41.3875
35.575
43.0796875
61.9625
85.6375
60.0375
29.5375
27.8125
31.4375
41.3875
43.4
58.3625
115.72499875
128.73750125
124.51250125
136.11249875
135.12499875
65.2625
36.225
35.025
39.45
50.05
57.75
71.875
67.325
56.9125
42.9125
47.1625
57.8875
66.675
70.8375
69.5875
72.35625
79.8625
77.975
84.475
90.875
77.1
76.9
71.125
67.875
65.675
65.0375
78.675
83.5375
78.3625
95.1375
101.25
102.6
96.5
111.2875
104.6
99.9875
94.4
73.925
74.8375
75.553125
67.35
90.88749875
108.675
103.85000125
97.2625
102.825
82.85
75.2625
79.8375
75.7625
79.475
74.2875
78.1625
84.0375
88.2875
92.1375
74.4125
65.6625
60.2375
67.1875
58.625
56.4125
58.975
66.403125
67.375
65.4375
73.75
68.7125
63.475
60.1875
51.1375
55.95
39.7875
33.2375
32.1375
30.978125
49.95
51.8375
58.3375
73.5
86.1
74.3125
60.2875
66.55
48.45
37.3875
41.9
49.246875
46.9125
39.95
47.8375
48.9
51.925
63.475
58.575
52.9625
47.1875
46.6
43.4625
40.628125
33.85
48.925
44.65
41.55
53.0125
48.2125
45.25
47.6125
37.9375
37.8125
42.175
34.171875
31.2125
43.5125
53.1125
48.15
45.925
42.0375
53.9125
48.825
38.025
39.2
43.575
49.609375
57.7625
68.0625
79.8125
102.22500125
97.9875
73.49999875
75.10234375
107.72500125
72.875
29.325
28.5125
37.746875
50.5625
89.0125
144.2625
168.2625025
131.3499975
117.55
139.5125025
120.2875
75.97499875
59.9875
57.3625
66.184375
83.45
97.38750125
128.0375
133.4375
97.67500125
139.8125
162.52499625
169.50000125
107.8875
47.75
33.8875
39.9375
62.125
84.71249875
112.7
162.6374975
108.7625
87.675
89.4875
120.14999875
53.8
17.125
12.6625
16.853125
33.025
53.4125
72.0375
75.275
76.3375
88.03749875
81.64999875
38.325
23.725
16.2625
20.175
33.7875
54.9875
72.9125
94.3125
123.0625
113.63750125
139.77500125
135.18749875
132.5125
65.325
50.725
61.4
59.86875
86.00000125
95.43749875
128.625
176.66249875
166.4125025
166.35000125
153.074995
125.4375
86.8125
57.3625
57.525
62.85
77.9625
82.3875
103.775
133.525
127.33749625
109.49999875
99.7
153.75
88.5125
31.8
29.1
35.26875
46.1375
68.3875
77.9375
100.68750125
71.275
69.5
72.0375
86.775
65.9375
26.125
20.95
29.946875
56.525
73.5
106.575
145.9375
139.0374975
139.2124975
110.98749875
99.2875
85.025
74.425
78.55
73.215625
78.2125
100.3
141.0999975
151.76250125
134.96250125
103.10000125
111.225
119.825
90.6375
60.75
64.75
60.6
76.025
75.825
81.625
96.025
89.0875
145.58749875
89.6625
78.65
57.775
67.1625
83.9625
75.215625
73.1625
86.5125
92.225
112.7875
114.8125
97.9375
91
55.925
47.9625
42.4625
35.075
43.35625
64.2625
85.0125
95.4875
122.53749875
139.23749875
112.92500125
103.16250125
100.4375
90.5
24.45
20.8875
30.925
52.6875
94.75
133.825
132.0624975
100.35
97.18749875
81.7125
90.7625
58.2875
43.35
44.6125
49.571875
51.5875
58.2125
85.8
92.5625
80.8125
77.35
71.35
58.6625
46.3125
32.8625
26.5125
40.45625
45.25
55.2875
62.5625
75.8375
88.6
62.1953125
63.225
75.9625
63.225
47.3625
48.25
45.29375
54.3375
59.1875
72.2625
91.4625
88.95
103.0375
121.5125
106.08749875
76.4375
54.225
50.2
54.5375
78.1
79.55
92.55
77.4875
77.35
62
51.6375
51.5875
46.3875
38.3125
43.075
43.759375
49.2125
61.675
63.0375
67.85
67.7625
50.35
90.2375
62.2375
44.9625
41.95
41.3375
51.56875
65.35
65.925
89.3875
117.05000125
105.5125
136.22500125
142.19999625
101.2625
73
47.1
35.8
58.578125
75.3625
97.8
123.3875
114.6125
130.27500125
102.625
91.275
81.8125
44.3
21.775
25.625
27.340625
32.2
54.1875
85.775
123.3125
131.4624975
109.82500125
105.51250125
152.21250125
95.21250125
25.9625
32.8625
39.178125
80.95
105.925
157.7625025
148.1749975
122.275
121.87500125
78
92.36249875
84.4875
26.175
18.225
28.66875
59.225
88.7125
124.2625
139.3375
139.4
86.075
89.67499875
92.3875
86.6375
28.1
32.6
67.29375
79.2375
62.1125
75.175
97.25
72.8
120.28750125
79.7125
33.3625
27.5
28.9625
49.7875
54.490625
67.425
68.025
65.2875
77.6875
115.7000025
113.28749875
104.0125
93.41249875
42.225
22.925
20.675
23.20625
40.9
57.7875
90.2125
69.925
100.9
103.9375
120.2375
139.9624975
90.47500125
56.025
47.5875
63.434375
71.9
103.52500125
156.56249875
168.19999875
113.7375
112.45000125
70.85
127.19999875
91.35
35.075
24.975
24.065625
51.425
83.4125
167.56249875
128.5375
108.275
121.33749875
116.36250125
95.39999875
51.1125
18.625
12.675
20.396875
42.975
71.6875
99.7
137.3375
105.77500125
125.4062521875
136.63750375
86.40625
65.2875
58.725
67.375
81.25
94.525
96.8375
121.8124975
150.3
123.6249975
102.4875
97.91250125
138.4625
115.1375
40.7375
42.875
58.05
80.8875
112.5375
100.925
98.17500125
94.69999875
82.35
118.27499875
42.95
29.8125
19.3
14.5125
19.084375
43.65
55.7
58.1
61.35
81.4875
101.475
106.35
118.9125025
75.9625
46.4375
32.3625
31.290625
48.675
60.3
108.7375
120.16250125
115.6500025
109.25000125
102.075
117.71250125
72.2875
50.8875
54.5125
62.196875
66.4
73.825
78.8125
84.975
72.8375
72.15
70.85
64.7625
62.5125
43.6
42.4125
33.846875
43.6625
55.2125
59.225
54.6375
49.2625
50.15
52.675
41.375
36.9
19.5125
22.05
46.571875
61.4625
86.5875
134.05000125
168.9875
133.6
111.7875
86.2125
89.2625
69.9
59.075
62.575
68.375
84.2375
108.275
121.1374975
196.58750125
131.6625
113.1625
119.64999875
128.1875025
96.86250125
33.0125
26.9
30.484375
41.175
49.2125
55.6125
41.4625
31.7125
41
23.325
15.675
8.6125
6.525
8.6125
13.484375
32.5
63.5875
99.45
136.33749875
83.45
85.6125
82.2625
63.8625
45.9875
20.5375
12.875
12.909375
19.2125
34.725
69.825
129.475
101.175
101.03750125
91.3375
78.325
88.8375
40.5875
28.925
40.85
44.725
65.95
84.875
115.525
118.5750025
96.325
89.9
102.84999875
87.8125
66.5625
40.175
37.49375
45.4875
65.55
97.975
133.3250025
105.575
77.3375
82.1875
77.3
84.7125
29.5625
11.75
13.76875
19.2125
52.85
94.78750125
123.18749875
118.65
93.8125
90.9875
106.31250125
79.45
34.9875
10.475
14.05
43.575
62.95
112.66249875
136.03749625
127.8
103.99687375
106.2625
74.225
59.95
45.7125
35.475
28.509375
25.8625
23.6625
24.9375
38.9875
44.175
56.9125
59.5875
67.5875
58.3375
49.2875
56.775
69.65625
75.05
81.8625
90.8125
152.2999975
114.32500125
103.65
134.15000375
125.0500025
99.02499875
62.6
58.5
69.509375
70.4
82.1125
119.92500375
155.41249875
117.76250125
123.6999975
107.50000125
149.075
117.93749875
67.6625
54.2875
62.521875
80.4875
97.225
138.7625025
162.42500125
131.9375025
112.4
102.22499875
110.69999875
116.61250125
51.5125
35.5875
29.08125
42.1
57.125
101.14999875
95.4625
114.2375
65.55
95.41250125
86.8125
114.7625
34.675
16.9125
14.0875
24.2375
32.675
47.7
68.05
83.9375
46.3375
51.35
57.625
58.0125
33.4
29.075
37.821875
47.2625
79.9625
98.05
130.375
108.7875
85.5
85.3
94.47500125
101.32500125
28.925
20.4
19.765625
22
24.075
24.325
28.15
40.5125
61.1875
66.4875
66.4875
51.25
37.025
46.1
57.19375
67.9625
107.2125
124.92499875
105.6625
92.725
109.9
128.06249625
94.5125
51.525
51.6
53.7
56.7125
57.875
62.2375
62.6375
60.6
53.825
47.1875
34.3125
41.5375
47.4125
36.1
26.65
28.1875
30.0375
35.5
46.2875
47.9
47.075
37.9625
33.1125
37.4625
37.8875
31.6875
26.35
26.6625
31.85
44.675
50.675
52.6
41.45
35.8359375
37.725
45.8875
60.1375
52.15
49.5875
51.965625
57.15
47.4375
48.8875
51.075
60.95
49.1125
74.6125
89.5625
72.0625
54.325
56.025
58.98125
65.2875
71.1375
76.4
87.69999875
62.775
76.525
82.57500125
73.0375
100.8875
44.85
46.45
36.64375
38.0125
56.75
50.8375
34.525
24.05
23.15
31.5125
30.7125
14.325
8.125
8
16.3875
23.0375
26.3125
59.2375
115.1
80.725
90.46250125
107.08749875
123.67499875
79.175
59.925
63.225
68.615625
81.775
79.075
140.69999875
134.28750125
133.6250025
103.3375
112.1999975
154.7125
128.7124975
65.1625
54.9875
55.915625
69.45
96.475
118.87500375
149.0125
138.51249875
98.1
84.2
116.9
104.4
46.225
30.4375
32.2625
64.3625
107.5375
129.93750125
153.4249975
156.575005
100.875
114.4
87.5875
74.4875
61.75
60.2
71.36875
78.375
84.8125
95.7125
114.83750125
138
128.8375
119.07500125
95.1625
89.3625
58.0625
55.925
63.03125
73.2375
79.725
93.9
135.0875025
105.35000125
88.6
84.4125
81.075
79.1625
42.3375
37.85
47.1625
61.8125
74.5375
67.0625
61.7125
53.65
73.2625
79.0625
57.2
39.5625
34.1875
42.55
43.484375
51.9625
54.3875
60.0125
58.15
67.7625
91.8375
70.0875
83.2375
51.4625
37.7375
40.275
50.61875
62.175
69.65
68.275
105.03750125
140.2
113.95000125
115.82499875
120.9125
118.63749875
63.9625
47.3875
43.478125
53.4875
55.4875
64.6875
78.45
93.33750125
66.7375
59.8
90.57500125
93.4375
40.25
21.675
23.334375
32.8875
78.275
112.4
141.51249875
112.18749875
81.8
94.65
106.92499875
119.475
47.1375
36.6
32.990625
37.2625
60.85
67.875
54.7875
38.5
32.578125
29.275
32.3625
47.6125
25.05
20.1
18.984375
33.6
44.1125
41.225
30.05
28.0125
31.35
21.9625
28.45
67.9625
26.0375
13.0875
10.846875
17.575
31.25
42.1375
22.5125
19.925
32.9625
51.8875
38.4875
32.325
24.875
20.9875
39.125
82.9625
100.45
93.925
76
45.15
75.325
48.4875
52.125
51.425
36.95
25.325
40.203125
65.275
67.1
60.0125
38.4
46.1125
40.925
39.95
44.925
43.6625
30.9125
12.25
13.784375
17.775
50.0375
60.2
56.0375
49.45
36.55
34.7625
36.25
37.825
17.3375
6.8125
6.9875
15.1875
29.1625
55.075
49.0375
46.0875
41.6125
35.2375
34.625
52.4125
20.3125
9.85
10.1375
19.5625
33.2125
50.6875
47.075
45.675
41.475
34
41.1125
88.7625
49.6625
25.675
16.609375
11.85
19.55
45.6125
40.6375
49.8
33.0625
37.1875
54.65
87.525
51.5625
29.3875
22.265625
15.75
17.4625
32.475
28.5375
28.9
28.8875
31.725
34.2875
19.25
13.775
6.7875
6.24375
20.1625
27.1625
37.9875
46.15
32.8125
39.025
31.2625
33.35
45.85
15.65
6.775
6.684375
16.2625
25.1125
39.0125
52.6875
49.05
44.075
38.6125
36.6875
33.3625
19.9125
10.075
8.284375
11.9
31.0875
35.9
39.45
36.3625
32.475
33.8375
35.275
37.8625
26.6125
20.3125
22.296875
15.7625
22.7
35.8125
59.7875
58.0125
65.465625
49.85
60.5375
125.53750125
49.175
42.45
38.896875
51.025
83.15
79.0375
129.18750125
117.72500125
110.8375
103.2375
144.57499875
108.9875
41.025
29.5375
30.546875
44.475
45.8375
57.45
75.3625
85.1625
74.35
46.5125
31.55
35.1875
21.975
22.3375
40.065625
47.175
53.2
64.5625
56.5
73.3375
67
47.3
61.375
36.625
30.2125
31.6625
34.990625
61.25
62.0125
81.075
103.6500025
82.55
86.5
104.2125
101.71250125
45.2
17.7
14.45
14.7
29.9375
40.825
68.4875
78.3875
78.775
84.0375
102.2125
102.5375
89.59999875
26.5125
15.725
19.540625
32.6625
69.2625
98.5875
94.8625
124.17499875
97.175
97.3625
112.74999875
79.45
55.35
60.0875
64.628125
78.875
109.5875
149.8124975
109.4875
112.66250125
87.1375
66.6125
78.575
79.8625
44.9875
22.8
19.234375
29.675
41.05
48.675
49.325
44.9875
37.1
35.55
39.5875
31.35
20.4
10.2375
9.70625
14.2
23.2625
36.1625
33.0125
29.1
28.3875
25.6875
39.725
77.16250125
31.4125
30.6875
42.40625
31.05
49.25
35.4625
23.0625
27.6
32.2375
26.95
27.8
29.0125
31.4875
27.8875
33.15
39.025
54.7875
53.925
65.0375
68.4375
70
59.3875
53.6625
31.6875
20.7625
14.5875
23.14375
26.675
47.5
64.45
82.17500125
90.7875
96.1875
87.434372578125
61.9252806838989
61.2028331276715
61.200011066905
61.2000000432301
61.2000000001689
61.2000000000007
61.2
61.2
61.2
61.2
61.2
61.2
88.3375
83.525
58.75
47.2375
55.34375
63.4125
89.05
123.5625
129.43750125
91.5625
74.2125
52.775
73.3875
61.775
48.8125
18.2
26.2375
39.15
54.475
50.275
51.3375
54.775
54.4625
59.3
76.725
64.5375
20.2625
7.9
7.70625
13.25
18.7375
23.2125
26.5
26.75
30.45
40.9875
30.575
19.1125
12.4625
9.125
9.3125
22.1875
29.6
19.875
21.7625
29.35
35.85
38.3375
35.375
23.75
20.95
22.775
28.296875
39.6125
52.175
49.35
46.55
39.8125
68.18749875
87.275
75.725
48.7375
42.4125
41.625
49.65
57.9875
76.9
84.5125
110.00000125
75.675
102.425
106.9125
107.5375
110.6375
53.05
39.675
55.25
56.7375
62.3875
86.95
104.8125
112.34999875
123.4
99.65
59.5875
76.4375
38.25
22.075
23.084375
22.1875
30.1625
80.4375
75.5
75.8625
57.9
63.9375
72.575
66.225
42.3625
20.1
18.825
36.85
54.8375
68.925
73.15
70.7
80.98125
91.425
109.97500125
103.41249875
37.8875
19.2125
26.39375
42.6
39.8125
87.8375
95.25000125
89.5125
91.26249875
77.275
79.09999875
79.6625
30.6875
29.9
46.821875
56.625
81.5375
85.25
71.925
86.4
87.68750125
77.825
37.7875
24.9
44.45
36.2
44.2125
54.1375
79.2
85.9375
90.26250125
62.275
65.775
62.7875
65.275
42.55
40.575
43.0625
46.825
40.9125
62.6125
78.175
115.9875
75.5375
83.86250125
56.85
34.125
58.2125
21.9375
12.8875
13.09375
34.1625
55.575
92.925
122.925
133.8875
141.35
108.6875
95.41250125
78.15
28.7125
10.0875
19.49375
43.3625
60.075
53.2875
57.0125
61.5875
66.35
69.6875
64.65
58.4375
31.1875
30.35
31.06875
52.1875
68.2
72.575
98.4875
82.9
75.775
69.125
47.4625
41
47.3
50.2125
50.209375
60.15
82.2875
89.91249875
85
76.7875
79.1
101.97500125
85.625
55
36.7875
39.5
44.284375
58.1
87.29999875
107.6375
143.575
104.45000125
103.1625
103.83750125
91.30000125
78.0375
32.95
21.1625
30.34375
46.0875
52.475
71.775
77.325
73.075
81.8375
81.5
97.3625
81.8125
44.0375
31.875
33.2875
43.625
62.025
75.975
105.75
86.43749875
75.275
76.625
51.65625
62.175
25.875
12.375
12.61875
33.5875
46.825
60.475
86.9875
69.7625
67.825
87.6
90.2875
84.075
37.275
23.3375
31.340625
37.975
57.775
72.3875
84.875
102.5000025
99.9
113.68750125
105.675
96.15
53.8125
46.775
36.440625
41.275
76.4
53.2375
38.4875
56.8
43.875
45.6875
33.25
24.4875
23.4875
22.4375
26.45625
36.4375
48.9
52.8125
71.1375
75.8125
68.5625
116.575
99.0875
55.4125
48.175
54.0625
52.290625
55.225
64.7875
59.1375
56.55
71.45
66.0875
69.2625
73.7875
52.1
27.25
17.275
14.76875
26.6625
31.1875
34.2625
38.025
43.3375
39.85
38.65
39.375
32.775
18.625
19.8125
11.284375
40.6875
53.4
75.5375
100.5
86.7625
56.9125
87.225
90.3375
75.625
38.95
33.175
29.403125
54.3875
49.675
40.725
64.25
43.9
57.3375
72.5125
73.125
96.6125
52.4875
31.6625
34.43125
37.3375
40.325
40.2375
55.2375
52.5375
48.475
65.3
50.0375
101.4625
51.6125
31.9875
39.521875
46.05
46.175
40.8875
32.7375
30.8375
36.95
49.65
33.5
27.9125
34.325
27.775
41.15625
44.0125
34.5625
27.975
50.925
69.5625
69.4375
62.4625
62.9625
51.3875
37.6
39.4625
44.059375
52.325
52.15
41.9375
57.675
44.0125
73.7625
87.9375
97.25000125
86.57499875
33.9625
33.45
45.221875
60.575
77.45
87.12499875
113.2249975
94.7125
84.6
77.85
75.978125
94.4
38.05
26.3125
30.578125
45.7
72.85
106.73750125
97.1125
99.8875
84.9125
99.9000025
91.5
75.2
48.6
27.7375
30.1625
56.8375
66.35
60.45
76.1875
86.425
71.95
78.2375
77.1375
62.9875
25.2375
19.725
26.278125
27.75
51.825
76.1375
78.95
77.4
83.1625
69.025
76.0125
68.1125
27.3625
8.925
10.140625
24.3625
44.1375
52.9625
54.35
60.025
93.3875
74.925
60.3375
36.875
22.025
25.3125
39.496875
63.1375
69.55
91.975
88.075
96.175
96.15
73.5375
101.33750125
44.65
16.1875
9.65
18.65
53.2
97.08749875
114.5625
100.4624975
104.725
91.4125
73.2375
105.06249875
93.1625
31.0875
13.875
19.23125
35.8875
65.55
77.25
103.3375
119.91250125
89.9
79.55
78.9375
83.3625
34.6875
16.7125
24.55
57.6625
92.975
105.575
105.98750125
114.31249875
87.65
80.85
91.825
94.6875
29.75
14.875
15.70625
34.8
49.35
75.2
82.725
89.475
74.3
79.3
87.51249875
74.5125
29.65
12.3625
13.275
26.8625
39.9875
49.2375
70.9875
81.65
81.1625
85.1875
113.66249875
91.125
28.65
9.8625
10.584375
23.375
41.4125
42.5
55.1375
53.9125
52.425
64.725
47.5
17.5875
20.45
24.4
34.68125
51.5125
52.5875
60.4125
75.8875
80.875
81.5125
75.325
86.49999875
43.0625
29.2
36.4125
41.296875
58.875
73.25
73.7625
92.9125
101.875
75.7
79.825
75.475
65.6625
33.925
18.8375
18.19375
32.7875
54.9625
51.9875
96.775
86.15000125
75.15
81.85
81.8375
85.875
25.9
12.3125
16.265625
30.4375
68.3625
83.225
118.95
100.56562625
89.675
111.8374975
120.92500125
103.7875
57.825
46.825
52.83125
85.55
78.725
124.2125
120.0499975
106.83749875
122.9875
111.57500125
128.61249875
113.6125
50.2375
47.375
40.196875
42.1875
76.2125
93.9375
111.91250125
109.97500375
133.7343775
83.6375
89.75
90.575
40.3
26.0625
26.253125
36.9875
60.475
51.4875
53.7125
62.5625
69.8125
74.55
57.025
20.4
17.7125
15.3
15.640625
32.4625
47.4125
65.25
90.925
93.74999875
80.5875
75.4125
66.3
37.375
21.275
16.425
31.265625
53.6
70.8625
87.8625
97.125
97.88750125
90.925
89.375
106.47500125
73.775
53.45
45.3875
58.05625
56.075
76.95
76.525
96.625
115.5125
120.20000125
114.425
90.075
64.425
32.2875
22.25
41.2
53.95
54.2875
55.0875
105.625
116.35
89.25
104.725
115.92499875
93.94999875
41.25
21.6
31.109375
35.8
56.825
81.3875
108.7750025
98.025
73.35
112.45
104.1125
94.55
28.825
28.6875
40.05
41.375
69.775
84.075
110.09999875
104.19999875
100.3125
97.2625
112.63750125
100.725
38.325
21.55
21.690625
25.4375
58.0125
55.025
56.9625
56.925
59.8125
70.125
55.4
24.4875
16.375
14.5875
19.13125
38.35
56.8625
69.2625
76.5375
84.03749875
57.3
86.1125
101.8375
40.525
19.525
12.075
14.65625
30.975
52.575
79.225
82.7125
95.675
74.9875
86.7625
80.9875
84.5625
31.825
13.4875
17.14375
31.1125
55.8625
91.05
106.225
94.12500125
60.425
92.025
115.2375
70.9125
28.5875
18.725
19.934375
39.2
46.55
81.1
124.7125
109.3625
92.21250125
100.175
98.9625
94.1125
39.675
20.6875
19.76875
27.325
62.1875
74.225
108.875
118.8124975
95.3125
84.625
86.5375
95.9875
53.15
22.7875
23.025
51.4625
56.9375
86.925
100.525
92.2375
93.7125
84.97499875
86.7875
84.4875
32.25
15.625
16.1625
34.4125
80.2125
76.1
55.825
50.6375
74.45
73.475
53.775
42.2
38.525
24.2125
46.575
79.225
90.8375
85.86249875
92.275
78.1
74.675
64.4875
56.45
35.825
30.1375
31.2125
46.840625
50.0125
82.275
101.53750125
114.1375
109.77500125
103.94375125
103.14062625
93.1375
70.8375
34.65
27.575
34.9375
55.1375
66.0625
90.7125
128.4375
138.00000125
103.1
130.77500125
105.925
94.5875
40.325
29.4
28.296875
29.0125
51.1625
70.075
89.2125
92.3
91.0875
96.9125
86.025
53.425
31.2125
28.15
34.18125
37.9125
53.3
48.1
52.9875
57.2375
97.83749875
84.35
93.2
59.3625
28.6875
21.5375
28.990625
28.1375
50.3
57.375
64.4
55.275
71.4625
95.6375
78.1875
34.5375
21.3375
40.35
66.634375
73.5625
80.4
49.7625
52.575
63.7875
68.2125
59.5
65.1375
43.4625
32.5125
29.2875
32.971875
35.125
48.0125
41.8
38.7
36.6375
49.0875
60.2625
68.55
60.525
50.4625
56.675
67.03125
72.55
80.7
97.0375
117.53750375
118.1375
121.67500125
121.46250125
110.275
94.175
50.275
26.7625
55.240625
79.85
95.375
104.85
117.38750125
128.51249875
100.6
93.325
121.16250125
113.18749875
62.9125
35.8875
46.028125
71.5
68.3375
100.32499875
113.90000125
75.3375
83.0875
83.2375
102.9375
87.36249875
30.2875
14.45
37.871875
43.975
61.8375
74.0375
106.6500025
89.79999875
60.5375
84.7125
77.9
81.35
36.3
21.2375
32.884375
74.825
85.1
104.525
110.2
113.41250125
107.0125
89.2375
105.63749875
71.9375
43.9625
37.55
57.084375
77.525
77.5625
83.8625
62.5875
72.2625
85.8375
76.1625
40.1625
57.3875
43.65
12.65
14.796875
39.55
40.0125
66.4375
77.575
70.175
93.975
84.8375025
69.65
37.7375
19.7375
15.875
17.896875
35.4375
47.625
64.3875
89.6875
92.82499875
86.6625
76.425
79.5
69.2
28.0375
13.5125
30.421875
58.025
62.975
89.625
100.725
126.8875
111.62500375
89.55
95.29999875
97.97500125
44.2625
25.9875
32.446875
48.975
67.2125
86.2125
86.8
73.4375
62.2125
76.0875
78.4
76.1625
32.1125
18.4875
10.125
33
44.025
74.7625
89.425
74.3875
66.715625
77.5
120.01250125
102.7
45.6875
13.4375
19.325
18.2625
42.3125
50.375
94.8375
81.0125
82.4875
75.475
73.05
99.625
36.2125
16.225
18.98125
49.4875
72.125
69.4
72.875
62.075
81.975
77.9625
65.0125
43.125
27.4
20.2625
24.209375
51.3875
65.9875
77.7625
79.3875
64.1875
82.6625
100.28749875
92.375
60.8625
42.4
35.5875
22.209375
25.7375
29.425
34.4375
46.1125
46.3875
45.1875
46.8625
53.95
52.5625
45.3875
19.7625
23.25
40.4625
58.625
62.1875
63.4875
60.275
54.65
61.9875
59.75
74.75
49.075
49.2125
60.85
82.65
93
98.7625
118.27499625
106.12500125
105.775
88.1375
93.23749875
106.825
67.3125
37.7875
34.734375
41.65
58.5875
86.875
85.925
89.4375
82.6125
91.4125
83.025
70.075
35.7
22.35
41.596875
60.875
92.55
76.4125
72.4
89.5375
79.5375
83.9875
102.5625
86.7125
45.0375
39.1
36.20625
37.975
64.275
76.58749875
64.7375
53.65
72.4
59.7875
51.3375
35.7375
29.4625
35.225
34.425
39.35
42.2625
40.85
48.6375
46.775
80.075
93.11250125
89.7375
58.975
30.8125
23.05
45.765625
78.0125
76.5625
115.6875
131.77499875
155.0125
187.709373125
130.875
116.88749875
117.66250125
46.3625
16.8125
17.296875
37.4625
72.575
94.4375
131.0874975
86.3375
79.0125
91.33750125
83.3
50.325
25.375
13.3
11.25
24.0875
37.1
47.1125
43.2125
40.4875
34
33.8625
45.1375
36.6625
23.575
31.65
33.090625
34.25
51.5
56.7
55.325
66.6875
106.475
63.8
35.7875
37.1375
22.1375
17.5
17.90625
22.025
45.275
37.6125
25.025
23.925
30.2
27.175
20.5125
12.6625
10.55
15.65
18.259375
20.6
40.925
24.6625
23.4875
23.6
31.25
38.9875
29.45
25.9375
24.4
25.9375
46.2625
53.15
58.425
32.65
29.675
28.7875
39.8
37.725
42.1625
31.0375
32.15
27.875
19.071875
34.425
42.625
33.325
37.0625
41.8375
62.75
62.6375
83.15
96.4375
60.4125
47.725
68.590625
72.6
110.21250125
57.9125
85.43749875
74.4625
82.38750125
111.9375
103.47499875
122.19999625
66.4125
50.8875
64.74375
84.725
103.6375
82.4375
125.5750025
119.0750025
97.3125
73.6625
86.675
65.5125
36.85
37.3375
26.0125
39.125
51.275
89.7
135.10000125
97.6625
74.7625
73.6125
98.3875
85.475
45.95
49.7375
19.884375
26.4875
43.5625
48.9
78.40000125
63.6375
55.8625
64.8625
72.0875
76.3875
19.225
8.225
13.3875
18.875
39.3875
47.5875
53.875
42.7125
51.1625
49.375
43.175
26
20.9125
25.8375
32.534375
54.55
74.825
95.5875
53.9375
78.25
97.05
90.8875
73.3875
39.5625
33.625
25.7625
26.44375
34.025
47.75
62.9625
70.65
74.2625
103.775
123.7
110.5
116.23749875
37.4125
34.7875
49.215625
72.15
103.4750025
125.3250025
106.2
92.75
84.45
92.59999875
75.35
103.813671875
107.286381530762
107.299946802855
107.299999792199
107.299999999188
107.299999999997
99.5125
39.325
33.025
53.55
73.5875
89.6875
141.3875
148.40000125
133.61249875
127.5312459375
130.5375
108.48750125
89.4875
50.625
50.375
50.125
59.55
100.8625
99.875
148.4124975
126.4875
114.45
121.16249875
150.7249975
128.15000125
55.5625
28.475
75.4578125
102.95
134.87499875
147.92499875
66.6625
38.6375
40.203125
81.775
111.65
98.06249875
89.4
89.9875
90.175
78.9
86.0125
48.1875
40.325
46.2125
56.425
60.7375
71.4875
85.4625
54.0375
66.1625
89.4125
76.0875
84.45
74.3125
58.85
53.525
56.33125
61.775
70.025
60.2
113.06249875
100.53749875
107.275
129.0999975
132.86249875
143.0875
75.2125
58.525
58.7
65.4125
100.1125
122.1375
80.35
113.95
122.9125
97.6
126.2375
115.95
73.375
23.6875
22.646875
67.15
100.5625
120.0875
121.22500125
130.625
118.57500125
139.19999875
137.6875025
127.32499875
72.6
71.125
79.221875
91.9875
96.2375
128.6499975
93.32500125
144.8625
114.46250125
96.7125
143.27499875
154.36249875
76.2125
65.75
68.240625
84.1875
110.14999875
74.2625
104.85
107.7625
86.575
75.2625
100.01249875
110.03750125
73.7625
68.225
73.028125
95.225
79.125
90.6375
92.875
86.93750125
80.8625
76.9125
80.9125
63.15
49.75
35.1625
42.959375
54.2625
58.525
51.75
42.175
59.8125
59.4875
47.7875
30.8125
38.1375
24.7
18.7625
19.61875
22.875
38.775
45.8875
37.725
33.2875
31.825
32.0875
54.0375
93.23750125
36.7
23.775
30.321875
35.2125
59.125
67.9625
46.2
37.7375
43.575
41.5
37.7
37.275
24.125
17.175
14.2875
15.0125
23.5875
38.3875
39.45
39.075
36.65
38.3125
34.9625
34.95
20.6125
11.7
11.70625
16.8625
25.35
44.725
42.4
56.625
50.475
31.75
40.15
71.325
55.1125
11.6625
16.540625
24.1375
50.4625
73.1
60.3875
52.7
42.715625
34.6875
35.1375
45.4375
28.575
15.025
14.721875
16.2625
31.825
31.9375
23.4375
26.1125
30.25
32.5
30.55
23.325
15.3625
14.5375
19.784375
23.55
24.5625
33.45
31.8625
24.7125
34.525
37.9125
33.075
32.825
26.5875
22
24.903125
28.9375
42.8375
67.7125
60.7125
64.275
57.5875
53.1875
57.725
49.0125
38.3875
27.0875
27.6875
43.025
85.85
92.2125
64.4875
54.175
49.9875
54.625
56.2125
85.6875
70.6
73.775
77.45625
99.575
114.325
90.525
81.1
75.3
64.675
70.1875
74.825
86.775
67.7125
35.75
43.79375
59.9
73.175
67.2
66.425
72.9
69.2
71.3125
75.3125
79.9625
53.45
52.0625
58.14375
74.5375
104.75000125
98.5875
92.8875
79.4875
81.4625
86.725
61.4125
63.0125
57.3375
45.375
43.2
58.6125
78.4125
87.8875
68.725
77.3
83.0625
70.9
61.775
72.6375
71.55
79.7625
86.928125
117.3375
121.68749875
139.8875
119.50000125
137.4125
118.825
134.48750375
90.2125
77.9125
72.6625
75.2
81.909375
84.975
86.3625
82.2875
58.95
71.7125
59.8375
72
72.975
72.7
55.3875
62.7875
64.13125
71.4125
89.3875
89.975
58.8375
59.8625
48.5125
48.4
65.125
66.3875
44.15
31.3375
28.728125
44.5625
64.675
74.8875
61.2125
47.575
49.5
50.3625
58.725
76.1
25.0375
21.6375
37.04375
48.025
51.3125
48.85
38.7
36.15
29.8
46.725
38
54.0625
18.4125
23.3375
55.784375
90.25
84.8875
88.7125
84.7625
138.6375
134.25000125
139.03749875
91.3375
69.2625
47.5
45.7125
55.525
63.0375
57.425
52.5875
37.9375
52.175
74.575
76.55
57.675
41.4125
29.3875
39.0375
52.015625
58.0125
54.575
51.7125
45.35
36.725
43.4125
40.65
32.325
28.2875
16.175
10.2125
14.159375
32.475
58.375
117.61250125
118.8125025
116.6749975
95.92499875
115.57500125
155.199995
85.1875
29.95
23.2
44.334375
64.825
103.02499875
125.53750375
134.57500125
107.0625025
83.7375
106.4
94.675
62.0375
16.0125
15.3625
19.9875
25.9375
67.6625
128.17500125
143.7750025
131.05000125
121.54999875
100.32500125
130.57500125
68.2875
23.2375
16.3875
24.66875
54.7875
101.55000125
148.63749875
177.725
118.41249875
97.0125
111.1875
124.037505
98.78749875
27.1125
21.275
29.3
35.125
39.6125
53.5875
101.5625
81.675
88.15
82.85
81.225
69.925
33.975
19.55
28.965625
42.6375
54.2125
72.05
71.6125
63.5875
72.15
72.375
63.8375
50.575
51.4
53.2375
62.31875
68.75
76.5
96.63749875
84.9
99.38749875
85.0625
86.3125
98.2
65.6625
55.125
63.4
64.5
68.45
68.1125
87.6625
76.0375
65.425
62.975
55.4375
51.5375
42.2375
28.3125
25.05
29.515625
34.9875
36.3875
38.275
44.9875
39.6625
34.0875
27.5875
30.3625
22.3125
10.7875
9.175
11.98125
18.8
32.975
46.8625
52.875
41.6875
42
45.8375
37.5375
29.1375
11.9
11.275
14.4
25.7875
44.8375
59.0875
61.325
41.825
53.0375
52.8375
59.05
63.4
56.225
61.6625
74.765625
78.525
91.075
128.78750125
128.0999975
103.675
110.8125
121.0375
155.1875
119.8375
50.6125
17.725
21.109375
33.6125
38.9875
58.9375
44.3
52.825
66.1375
72.4125
56.875
39.0125
42.575
57.05
59.503125
57.2625
73
88.25000125
68.15
55.4375
48.85
95.3
123.4375
92.8875
41.425
16.1875
24.625
43.2625
70.8
118.925
132.94999875
140.57500125
144.67500375
137.18749875
162.3750025
96.16249875
65.2875
64.9875
75.534375
96.42500125
131.1375
162.92500125
147.2125
117.82500125
76.6125
68.7
128.95000125
82.67500125
18.0625
13.3
17.884375
34.65
54.6625
83.55
103.66249875
103.9
129.3749975
90.3875
91.0125
58.6875
24.7625
22.1
43.046875
81.475
100.375
156.48749875
175.5625
137.3249975
141.0499978125
141.3625
188.3249975
110.92499875
72.675
73.7875
75.9
73.7125
82.9625
121.2500025
154.98749875
152.6499975
139.96250125
121.9374975
136.66250125
117.575
51.5625
69.7625
84.515625
107.4625
102.6625
116.7625
85.475
84.65
116.36249875
101.05
57.1
48.975
52.1625
44.6625
66.34375
90.9875
88
123.28749625
122.89999875
98.4875
77.1375
83.5875
83.525
47.0875
28.9875
27.1125
40.95
52.3125
52.1375
56.9375
41.7125
54.7875
44.075
43.9375
67.275
85.4875
58.8875
63.85
78.446875
98.4625
123.75
130.48749875
161.825
130.13749875
108.5
87.425
122.98749875
70.25
21.3
16.2625
21.7125
39.625
67.8625
126.46249875
140.21250375
80.15
108.1375
69.8375
103.025
69.525
18
11.7875
16.296875
29.7
43.3125
112.86250125
106.12499875
94.9125
54.6375
54.775
59.7875
39.35
9.4875
7.05
14.86875
37.4
69.975
88.86249875
119.275
77.575
84.0375
104.275
129.50000125
78.4375
17.9375
15
24.909375
34.4125
52.975
83.4125
95.5625025
107.53750125
109.15000125
82.4125
79.1875
51.7375
32.2625
14.1125
16.25625
26.225
42.4875
73.325
89.8875
54.05
66.825
56.1375
48.875
29.175
14.55
16.575
17.8125
43.975
52.0625
81.725
79.6
78.0625
82.15
83.775
64.9875
32.8
12.4
11.975
24.175
41.9
59.5875
97.11250125
110.4125
152.1125025
110.82499875
165.95
127.94999875
92.07499875
29.0375
17.475
11.01875
17.4625
48.25
44.6125
49.95
59.1375
62.6125
58.2375
73.2875
46.7375
13.625
11.1125
15.35625
24.625
41.825
94.98750125
85.4375
109.975
84
78.025
76.7125
58.85
19.5875
14.975
22.334375
49.9625
82.275
130.13749875
120.075
99.25
79.25
73.5375
95.125
90.03749875
39.35
48.4125
58.721875
75.7625
95.9875
117.7875
132.3125
105.1875
118.7999975
132.6
65.0125
51.8
51
52.425
59.31875
50.3375
50.2625
64.6375
48.15
24.525
25.2375
29.7375
41.95
41.3
36.425
44.0875
57.7125
60.075
69.65
74.975
67.575
33.4125
41.1125
51.9875
121.6499975
90.85
35.2
29.9125
36.484375
48.025
50.55
55.5125
42.6375
27.4125
33.0625
22.575
27.475
33.9375
12.5875
8.5875
11.178125
8.6375
20.40859375
36.2922210693359
36.4991883635521
36.4999968295451
47.525
108.875
167.01249875
103.475
43.3125
29.275
37.146875
63.025
83.875
129.98749875
121.6500025
95.9375
72.7375
53.2083984375
47.0791831970215
47.0999186843634
47.0999996823608
47.0999999987592
47.0999999999952
47.1
47.1
47.1
47.1
47.1
47.1
49.8625
76.3125
36.6125
9.6125
3.6
8.525
29.4
39.525
56.75
64.75
70.2875
80.97499875
70.71249875
38.825
18.3625
8.975
13.05
22.853125
26.175
44.5
74.6625
82.8
67.5125
68.925
86.075
63.1125
27.0875
8.425
10.8625
20.353125
40.8875
62.8
91.175
121.41250125
129.0999975
114.88749875
124.25000125
134.8375025
93.78749875
31.675
19.7375
29.4
39.125
73.8
112.42500125
134.16250125
98.375
95.8375
117.3375
151.91249875
111.525
66.5875
47.1
54.978125
62.5
62.8375
84.76250125
108.6125
82.0875
61.2625
75.2875
128.07500125
87.0125
27.3625
19.5875
29.16875
65.6625
74.875
113.81249875
128.25000125
113.97500125
74.984375
99.73749875
129.6124975
72.225
21.2125
15.975
20.15
30.075
46.3625
66.8625
68.2625
71.45
65.875
82.7125
145.27499875
106.58749875
43.3625
28.4375
28.115625
47.475
47.3375
91.55
97.87500125
101.175
81.3
79.0125
49.025
24.2875
18.975
24.05
38.046875
48.75
49.725
69.0125
79.55
86.18750125
77.225
80.4
62.05
27.575
15.2375
12.1375
19.478125
28.275
54.49999875
60.3125
65.6
70.075
68.9875
71.45
84.9875
61.3625
21.2875
26.025
42.04375
66.65
58.825
61.8
76.2625
81.8
90.7625
113.2
143.19999875
76.3875
22
13.7125
24.7
53.3875
83.4875
103.675
116.675
114.7
82.3
120.15000125
109.20000125
80.2
23.5625
22.15
45.640625
58.6125
79.6375
91.7375
122.725
109.125
120.83750125
138.075
134.15000125
77.9125
23.6375
13.85
21.0625
38.65
68.7375
91.175
86.5125
61.525
62.3875
52.425
85.2625
49.7625
13.825
10.2125
13.1125
30.8
46.65
60.0125
65.5375
79.2625
120.52500125
136.5
89.0625
47.575
27.925
26.75
33.90625
50.275
57.35
76.45
93.825
76.5
68.5875
64.2
54.5
32.725
17.6875
16.2625
16.496875
30.7625
48.1625
73.725
82.6
94.7
104.06250125
134.85
129.02500125
87.225
71.8875
70.125
72.678125
80.725
66.9875
113.22499875
140.09999875
90.775
80.7625
93.4125
96.2875
57.025
16.7375
15.5625
20.534375
34.8625
51.325
79.0875
89.725
95.92500125
90.65
79.8875
87.8375
57.275
18.9875
12.75
22.721875
49.55
77.0625
117.5125
144.3124975
116.8875
93.8375
94.52031375
114.55000125
63.4625
24.1125
20.9
30.25
44.9
73.2625
87.475
97.68749875
98.125
89.2625
96.7375
117.975
62.8375
18.8875
15.3625
22.2125
47.3875
57.1875
52.375
50.8625
64.15
71.875
78.1375
36.6625
25.0125
19.2125
28.8125
50.9125
59.7375
76.3
105.17499875
107.5625
84
88.3875
93.2
97.725
44.3625
23
24.95
39.4125
55.6375
71.2875
105.6375
120.8500025
123.66250125
122.91250125
146.95000125
119.4375
90.3125
69.375
69.075
73.00625
86.625
95.725
150.43750125
151.0875
104.6625
125.4749975
96.5625
118.4875
82.5625
33.1875
25.4125
40.003125
68.825
98.925
124.4124975
153.28749875
139.02499875
174.237495
160.11250125
107.7875
81.05
67.525
68.2125
71.8
82.2
109.43750125
138.3
129.8375
145.725
147.1625
111.8
159.0375025
89.975
56.125
40.875
43.846875
62.3
76.6
79.675
143.84999875
126.12500125
111.9375
133.07500125
136.8249975
76.5
43.7875
32.4125
48.34375
67.575
77.6875
89.1375
92.925
99.725
104.7375
108.0375
63.6
42.6125
26.075
31.9375
42.66875
50.7
63.2375
93.5
102.80000125
110.89999875
129.8375
106.025
100.15
65.4625
51.775
49.4375
64.003125
82.475
105.8375
87.475
165.74999875
156.85
136.48750125
139.37499875
138.24999875
81.025
56.525
47.4875
68.04375
86.15
94.4
111.4125
124.13750125
110.51250125
105.6625
70.6265625
87.7125
74.4375
59.775
59.425
61.371875
61.775
67.8375
83.8625
84.4
81.4125
66.1625
69.4875
64.1
67.1
46.85
48.05
55.390625
55.55
65.6125
71.1
73.15
71.8375
62.8
61.9
59.9625
50.475
47.3625
50.55
53.790625
57.25
66.6875
70.95
77.1875
103.4
102.7625
55.5375
72.225
70.225
44.1125
46.1125
50.21875
46.8375
49.775
58.975
57.1125
61.3875
115.22500125
59.35
55.1875
50.2625
49.6375
52.775
65.228125
76.35
83.9875
109.39999875
112.7125
143.175
129.79999875
92.5875
73.9625
58.7125
55.15
53.5875
57.01875
58.2125
60.6375
66.45
81.3375
70.325
69.7
68.6
65.125
67.975
59.0375
59.8625
62.965625
64.4875
64.6375
66.3
75.625
67.6
61.6375
55.75
52.925
45.85
40.075
50.775
53.940625
59.475
68
75.65
78.9
69.125
56.2375
67.5
63.1125
57.75
45.4625
50.4
56.1375
66.8125
79.2375
81.725
80.325
85.5875
127.5125
136.83750125
94.36249875
76.4875
84.3375
93.875
97.56875
