"x"
116.6
116.6
116.6
116.6
116.6
116.6
116.6
116.6
116.6
116.6
116.6
116.6
116.6
116.6
116.6
116.6
116.6
116.6
116.6
116.6
116.6
116.6
116.6
116.6
116.6
116.6
116.6
116.6
116.6
116.6
116.6
116.6
116.6
116.6
116.6
116.6
116.6
116.6
116.6
116.6
116.6
116.6
116.6
116.6
116.6
116.6
116.6
116.6
116.6
116.6
116.6
116.6
116.6
116.6
116.6
116.6
116.6
116.6
116.6
116.6
116.6
116.6
116.6
116.6
116.6
116.6
116.6
116.6
116.6
116.6
116.6
116.6
116.6
116.6
116.6
116.6
116.6
116.6
116.6
116.6
116.6
116.6
116.6
116.6
116.6
116.6
116.6
116.6
116.6
116.6
116.6
116.6
116.6
116.6
116.6
116.6
116.6
116.6
116.6
116.6
116.6
116.6
116.6
116.6
116.6
116.6
116.6
116.6
116.6
116.6
116.6
116.6
116.6
116.6
116.6
116.6
116.6
116.6
116.6
116.6
116.6
116.6
116.6
116.6
116.6
116.6
116.6
116.6
116.6
116.6
116.6
116.6
116.6
116.6
116.6
116.6
116.6
116.6
116.6
114.4875
97.825
82.6375
42.5
35.753125
49.9625
56.15
35.0625
51.9875
69.15
68.2
76.15
72.2125
50.25
44.7625
32.2
23.53125
35.8
46.8375
77.9625
97.95
97.8375
87.3125
78.1375
71.8625
65.975
48.6
49.5625
65.4875
75.025
70.725
63.4375
54.4
64.65
55.675
51.2875
50.4375
46.1125
48.8125
61.6125
84.015625
78.2
76.075
39.85
57.2
49.8625
47.3875
56.675
26.1125
21.5375
37.0375
31.1375
37.196875
60.85
60.5625
63.7
64.7125
72.8625
62.425
69.1625
72.975
79.3
50.825
22.5
26.58125
27.3125
51.2375
44.0875
41.975
29.6375
21.8375
16.5
14.3625
11.7625
4.925
3.025
3.33125
6.3875
10.925
15.25
26.0375
33.0625
33.8875
44.0625
66.975
43.9
22.2875
7.175
7.053125
12.6125
26.425
28.7125
34.7625
43.6875
58.4
55.7125
37.35
41.925
41.8125
51.2625
50.94375
58.6125
56.025
54.2875
44.7125
21.2375
14.675
22.075
30.2625
35.275
36.0125
38.1
49.95625
50.45
65.55
71.1875
54.475
43.2625
37.65
29.8
36.6125
27.375
12.4125
5.6875
19.3875
28.7625
27.3125
23.4375
23.0625
22.1
19.2125
17.85
11.475
8.425
2.5375
5.375
6.7
18.05
24.875
44.6125
39.6375
39.5375
32.75
31.7625
31.775
16.625
13.6125
20.3
23.878125
37.2875
53.1875
49
43.5125
40.85
38.1875
36.7125
45.125
30.1375
20.2375
23.5875
29.10625
34.475
42.95
45.5625
44.925
47.9625
50.875
56.3
65.7
63.5625
36.6625
30.8375
41.61875
55.225
55.6
50.8625
43.7
20.6875
14.15
33.5125
20.3375
26.075
18.0625
13.95
19.390625
40.05
38.3375
39.7625
38.475
39.9125
45.9625
47.9375
36.475
32.15
31.7875
34.85
37.803125
45.4875
47.075
56.9125
65.7375
89.3375
86.5875
88.925
67.95
61.6875
42.3375
45.825
63.1875
69.662646484375
69.6998540878296
69.6999994300306
69.6999999977736
69.6999999999913
69.7
56.825
62.8625
75.2375
44.975
43.7
51.6625
62.85
62.65
73.875
83.7125
73.2625
47.0625
45.025
53.0375
39.9125
17.175
13.0125
26.415625
30.325
44.0875
49.0375
49.6625
32.725
37.4375
34.0875
33.0375
26.975
9.7875
12.8875
14.25
22
28.1
30.2
28.175
26.375
24.6125
23.5125
26.875
25.6
20.4875
19.7375
20.184375
26.875
29.3375
33.475
30.75
32.1625
33.675
29.6375
30.425
37.5875
40.3625
43.2375
42.4375
47.0875
51.05
49.6625
52.025
48.25
49.8375
48.5125
49.325
45.6625
41.525
44.9125
47.678125
51.6375
44.1875
44.8
47.3
46.7625
54.9875
50.6
50.2875
53.55
46.875
43.4875
39.63125
51.35
55.7625
57.3375
61.35
65.475
53.25
66.725
63.075
58.9625
51.3125
51.575
53.88125
54.8125
57.2625
56.525
54.0625
47.0375
43.8875
43.2625
44.1125
46.2875
40.4875
42.375
45.49375
47.1625
43.4625
43.1
37.1375
32.3
30.7625
30.0625
38.5
27.6375
19.725
16.5875
15.240625
31.6375
35.525
41.6
36.7375
37.15
41.1125
34.65
39.7
33.3375
15.575
18.025
27.75625
35.5625
32
26.4
22.775
25.025
26.6125
27.15
20.1625
14.575
6.9625
6.2
8.965625
13.8375
12.7125
16.85
17.0875
15.6375
22.4625
25.8125
20.45
17.3875
7.675
5.375
15.203125
20.825
23.6625
23.8
34.8875
33.275
34.15
26.1625
35.925
28.0625
20.8625
25.125
31.390625
39.4375
43.2625
41.8125
41.4625
26.85
21.925
26.625
34.75
34.95
18.025
19.75
30.94375
33.125
44.375
56.1375
50.0375
50.85
59.225
77.58125
72.775
77.2
50.4625
53.1375
69.8375
85.875
80.975
98.40000125
110.2625
100.625
66.525
63.125
74.2625
69.075
47.025
40.1875
48.809375
55.9
60.2125
77.125
55.5875
27.6
17.175
27.7875
31.9125
33.1625
24.6625
12.8625
19.7875
29.7375
37.5375
51.175
56.3375
23.4125
28.275
33.725
22.7
18.3875
15.7
16.8375
30.86875
45.9875
54.4
67.95
64.6125
66.65
65.75
67.875
54.9625
39.0875
32.6125
47.075
43.615625
47.25
44.5
45.125
54.425
48.45
37.425
47.65
83.05
95.675
60.85
59.75
74.665625
76.1625
90.1375
104.14999875
82.2625
71.65
57.2375
43.2875
72.225
74
40.65
28.45
38.89375
45.6125
36.1
40.6125
44.8375
44.3625
47.8125
46.35
49.225
38.0875
16.0625
9.175
21.740625
43.9625
57.15
78.8125
92.575
73.8
56.0125
90.1625
81.55
77.9875
60.2875
60.875
49.515625
39.9375
51.5625
54.7
43.5125
36.1125
26.975
30.0875
32.65
31.275
27.7125
31.1
44.875
53.1875
69.3125
75.55
64.5625
75.7375
60.8
39.3125
51.45
49.8375
41.85
47.625
43.053125
54.45
57.1875
65.4125
63.625
48.8625
41.075
40.7625
46.9
50.75
28.9875
39.025
35.94375
39.3375
71.0125
59.9375
86.9375
73.475
62.6125
51
66.9
76.4
28.4
8.175
13.953125
54.4625
70.6
87
72.95
72.575
50.725
61.85
48.1125
44.8
30.4875
28.05
36.696875
38.2625
35.95
41.1875
51.725
51.675
44.4625
36.3125
38.7625
44.9125
26.9375
18.6875
33.45
39.4125
48.3375
55.7625
53.6375
50.9
52.1625
54.60625
68.05
39.775
25.2875
20.85
24.334375
32.3
46.9875
54.9125
81
98
88.85
101.9375
89.2125
65.3625
46.4375
32.6875
42.171875
46.3
38.1875
30.1
26.5
18.8125
26.0375
32.25
25.2
28.0625
22.125
26.4125
28.80625
25
27.2
28.9125
32.0875
32.675
33.9875
33
31.575
30.8625
24.5375
30.2375
40.6125
53.3
60.675
71.0875
93.2
83.175
64.9375
55.3875
78.8
63.3375
46.275
28.1
52.346875
66.3375
64.4875
71.5
49.3
58.925
49.975
32.5375
35.8125
13.8
9.9625
17.3
19.384375
26.275
39.825
67.2875
86.8625
81.9625
54.0125
46.25
73.3875
71.75
32.725
37.9625
44.40625
61.9375
59.725
86.475
91.55
73.65
56.6875
33.2625
44.5625
58.8875
16.475
18.5375
14.025
30.1875
50.1125
68.9875
69.525
59.3
42.525
38.6875
60.5625
66.9625
22.55
27.3375
48.540625
43.625
18.4875
32.3875
44.625
34.575
47.4375
42.2375
25.8375
19.2
26.5625
34.15
37.99375
54.9
73.9
80.2
49.8375
20.85
18.55
18.7125
27.2375
22.7875
7.1875
1.5875
6.903125
18.95
36.2125
54.8625
53.9625
55.4
56.45
57
72.725
62.9
48.55
43.1875
54.234375
42.55
48.2
57.0125
41.1125
11.378125
6.64140625
6.425
35.175
39.4875
15.8125
7.75
5.23125
17.575
42.35
55.9875
57.3
28.1125
37.0125
52.425
45.25
31.5
11.375
7.9375
15.38125
37.075
57.3125
56.9
78.925
67.575
70.8375
89.6125
110.18749875
94.55
57.9
64.725
75.840625
82.6875
123.76250125
108.0375
73.9625
29.825
12.625
19.95
43.225
41
23.4125
20.775
39.584375
57.775
72.6875
83.825
73.875
29.4875
37.35
48.5875
38.0125
34.6375
22.7125
11.55
14.528125
23.3125
36.3
48.175
52.475
53.7375
67.4875
72.6875
68.125
54.2375
48.875
27.35
32.059375
51.075
51.65
65.1375
56.4125
66.55
49.4375
60.2375
70.425
76.1875
54.65
57.925
58.765625
70.225
79.3375
82.9
91.6625
84.8625
79.5
71.7875
68.1375
52.3875
37.8625
36.5
37.159375
42.0875
53.8375
59.725
52.45
42.6125
42.6125
40.9875
34.8625
33.35
20.3375
22.5
38.575
48.9875
61.9875
72.3125
72.9
72.8875
66.2375
63.3125
69.0625
84.1125
70.4625
69.0875
79.128125
96.9875
103.8
122.38749875
79.125
47.6125
35.225
35.5625
65.6375
64.9
42.9125
32.7625
30.75
41.2375
35.7875
19.1
9.3375
5.025
5.7875
10.175
11.275
8.7375
5.6375
6.3375
9.8
24.9625
60.5875
73.925
67.875
47.15
15.8375
14.75
22.5375
38.725
26.7625
27.4
31.6875
33.85
37.8
53.875
74.2875
59.2
62
47.9875
48.8625
48.825
40.1375
32.6875
42.403125
55.2625
64.6625
77.025
82.1125
71.325
74.3875
75.6375
104.2375
87.5125
74.375
41.1625
44.659375
47.3125
51.275
70.625
42.9
21.7625
19.2125
17.0375
29.9125
42.825
19.925
7.675
8.071875
13.1625
39.075
72.875
91.3875
62.4125
56.4125
59.2125
60.325
63.3875
49.55
24.4625
20.609375
52.2625
70.575
79.4625
81.6375
67.6625
64.225
72.86875
84.809375
72.2125
56.1875
45.4125
37.70625
37.3125
37.675
34.6375
58.725
54.3375
62.45
73.3125
74.075
61.8875
56.525
57
67.653125
83.1125
97.325
102.2125
70.1
46.9
36.8
63.35
70.9
66.4125
57.3875
49.525
58.078125
62.15
64.3625
70.9625
52.3
29.575
37.325
56.8625
63.5875
61.0625
52.9875
51.5625
58.46875
70.3625
67.575
68.9625
52.6875
33.1125
28.1375
37.2375
45.2875
44.825
40.1625
31.4
29.3375
31.8125
34.3625
33.775
31.3875
23.3625
19.1125
23.1
25.8125
36.3625
21.4375
13.55
15.309375
27.275
34.2875
32.225
38
58.5875
67.3125
70.875
69.875
65.975
38.5
37.7875
39.578125
45.025
62.65
56.725
47.975
43.15
32.3875
33.45
40.6375
40.7
22.825
21.05
32.490625
25.9125
34.675
42.9
45.75
63.5875
69.1625
70.7375
58.4625
39.7125
38.3
44.175
60.765625
67.325
73.9125
77.35
43.0125
24.875
34.4375
44.1875
50.05
60.4375
57.5875
56.05
58.29375
65.5625
70.425
77.5625
73.3625
70.65
64.75
63.2125
48.84375
50.7125
42.5
38.3625
42.46875
45.1375
46.6
50.175
50.55
47.08125
45.7875
34.259375
36.0390625
35.075
33.05
29.3625
38.565625
45.975
45.45
50.3375
49.8375
43.6375
47.2625
46.2625
53.2125
60.85
58.55
55.225
53.43125
55.7625
50.4625
57.4875
58.8375
52.675
57.5375
64.6125
81.425
72.3
61.7
55.0125
65.053125
72.675
85.2
95.7875
71.4875
87.85
56.0375
71.075
86.45
70.475
51.1875
46.1375
50.3
60.2625
74.8125
68.975
39.175
18.35
12.5375
10.9
7.65
9.3875
9.7125
5.275
10.803125
15.7125
19.3125
33.525
39.5875
20.7125
22.225
37.4125
48.9125
55.0875
54.4625
64.025
70.659375
75.25
80.8375
78.7375
44.3125
21.925
22.1125
45.575
68.725
69.0375
49.875
53.4375
56.628125
63.1125
71.2375
72.475
37.775
17.6375
15.3375
24.125
40.7125
40.725
47.775
41.5625
43.33125
62.9125
83.8625
79.85
77.4625
80.325
82.3375
96.4
95.85
92.4375
81.875
74.9875
82.825
87.2125
103.1875
114.6875
122.06250125
114.4875
110.3125
100.55
96.1875
79.7625
61.775
59
63.2875
78.9375
96.7875
99.675
106.0125
82.575
70.5125
76.7875
89
82.9
47.3125
47.4125
57.95
71.375
87.85
91.125
54.9
53.7875
39.5125
46.4
50.325
39.8125
35.25
40.9125
47.921875
58.2375
68.1125
74.375
79.7125
66.875
65.65
75.425
76.325
48
39.25
49.9375
60.059375
72
82.35
62.05
42.0875
30.1
27.575
38.0375
43.3625
59.45
61.7625
64.75
66.15
57.3125
74.975
67.6
29.0625
15.5625
16.2
50.909375
22.3703125
44.0125
24.0875
18.2125
24.725
28.0375
40.3
63.6375
37.6375
26.55
22.9125
32.85
47.7125
54.9875
44.8625
32.2625
34.36875
27.9125
57.125
64.8625
36.4875
21.0375
23.0625
21.925
26.225
54.5125
49.25
29.1625
25.7375
19.375
40.025
42.0125
19.3
19.8875
14.15
15.1625
19.83125
27.675
18.125
12.375
10.34375
11.8875
14.075
16.025
10.55
7.55
8.2875
8.575
9.95
17.3625
13.7875
15.225
30.725
75.4125
81.6625
75.1625
29.6125
12.3625
13.1
18.025
37.8375
56.25
52.9625
51.7625
60.153125
70.075
77.0375
68.9625
27.825
37.45
35.9125
33.125
37.5875
49.9125
40.2375
23.45
23.134375
23.675
63.875
72.5
52.6875
46.35
34.3125
26.8375
24.0125
35.425
40.175
19.5875
11.890625
18.9
35.5
54.225
35.35
27.7875
36.9
31.5875
27.925
55.7125
43.9
25.4
17.259375
23.5875
28.7625
36.6625
57.725
43.75
29.35
26.675
23.8375
42.7125
40.8625
30.9625
35.3
18.075
26.6375
34.6375
33.2
23.925
19.975
24.9125
31.3125
66.4125
53.4375
33.5375
32.684375
24.7625
31.1625
22.3625
16.5375
10.2625
8.225
7.975
9.15
8.1875
8.7125
6.175
6.39375
10.3625
9.6375
11.275
14.7625
13.05
12.575
16.6375
20.75
23.1875
18.7875
11.4
17.784375
26.575
28.775
41.9
49.0625
51.275
50.6875
34.9625
27.7
33.3875
31.5375
16.2125
13.84375
23.8
46.45
28.8375
32.625
37.125
26.6125
30.840625
32.175
36.475
40.9625
42.2625
30.884375
16.95
17.4
29.9375
23.5875
24.1625
23.775
29.8625
51.4875
56.675
39.05
35.525
41.2625
63.45
84.6875
95.525
33
60.85
55.375
49.7375
61.9
79.85
64.975
53.5375
51.440625
52.7625
42
43.35
52.7875
73.1875
54.7625
31.525
30.2375
43.15
40.675
37.6875
49.484375
65.1
70.3125
63.2875
39.825
41.8125
40.0625
44.9375
44.775
41.525
42.1875
45.0125
54.921875
44.2875
49.725
43.575
47.55
40.15
41.5375
53.0125
63.45
24.7875
32.2875
27.025
20.35625
32.1875
32.7875
41.3625
42.4
40.675
34.9
41.225
55.5
71.325
45.5
28.6375
33.075
51.325
67.1875
68.425
60.9625
66.1
59.875
70.3375
88.6875
87.25
72.6
73.4875
80.721875
96.25
110.925
109.2125
52.675
47.6375
47.0125
58.274267578125
54.913180732727
54.9000514872372
54.900000201122
54.9000000007856
54.9000000000031
54.9
54.9
54.9
54.9
54.9
54.9
54.9
50.7125
40.425
39.5
23.775
18.95625
21.7875
32.55
33.9125
43.7125
42.7125
44.6375
47.6625
48.8125
56.625
44.625
36.2625
52.49375
68.875
79.4875
70.6125
52.45
35.8375
28.4125
28.0875
20.925
22.1
25.6625
21.7625
21.415625
26.5625
34.35
26.3
17.925
13.5125
12.0375
13.2125
11.4
18.0125
19.775
13.2625
14.04375
26.6625
37.4625
36.825
41.85
46.725
45.45
41.9
46.15
55.0125
46.3
32.175
40.4125
51.85
53.6125
47.0625
54.0875
52.0875
67.6625
48.9
48.7
43.4375
49.0375
50.125
57.6
77.8375
87.2875
69.2375
25.375
27.3625
29.4625
21.075
19.875
34.7625
34.5125
15.8
24.05
38.775
23.675
18.2125
15.7375
16.575
15.175
15.35
20
19.5625
11.0375
5.9625
6.60625
7.85
9.4375
13.225
12.3375
11.75
10.925
12.7375
9.7875
10.575
9.75
7.1
7.9375
13.825
15.3
15.95
12.4125
12.05
12.5625
14.15
15.35
17.8875
21.375
23.8
29.45
43.925
36.75
50.2
22.9125
18.4125
20.625
22.975
30.3875
31.6875
41.6375
48.3
53.58125
56.0625
54.45
42.8375
29.575
24.4375
28.4375
43.2875
49.5375
76.5375
68.0625
58.575
65.33125
75.2375
51
64.2875
63.8625
81.725
84.325
73.9875
49.2875
48.3125
42.8125
39.275
46.484375
32.375
41.0875
48.925
19.925
18.75
17
17
18.95
28.3625
27.55
20.7125
20.028125
26.325
38.25
38.1125
33.3
23.25
23.9625
29.44375
47.809375
61.2125
42.3
29.3125
34.00625
36.5375
35.3875
56.7
54.125
55.9375
55.5
68.7125
59.725
50.7125
38.75
28.075
44.3875
61.1375
63.275
78.7625
77.3875
50.9
39.7125
43.9375
33.2875
15.525
44.975
55.575
49.446875
40.175
76.2625
95.5625
69.7375
56.4625
45.425
43.0125
74
56.6625
36.625
49.0875
69.640625
44.9875
43.025
52.4625
76.6125
68.5
35.8125
67.9375
52.95
58.4375
30.1375
14.4625
15.06875
20.9625
39.1
35.1125
48.775
64.1
112.43750125
96.4875
90.7
71.825
59.7
34.8125
67.50625
79.975
84.8625
66.9625
59.3
91.0375
100.925
71.5625
49.2875
62.6375
35.8
46.0875
65.796875
77.1875
34.4125
18.7375
28.3375
54.075
54.675
52.0625
27.7625
35.3125
47.0375
54.9375
71.175
79.475
78.675
61.025
48.3375
43.6125
44.3375
44.0625
46.4125
43.525
38.8375
42.5125
52.053125
62.4375
54.6125
59.225
61.1125
60.025
64.5125
56.775
50.45
49.175
33.1625
25.925
35.18125
52.8875
39.6125
30.675
32.1375
35.0875
37.3375
51.7375
34.6125
33.8125
27.7375
27.6125
32.075
32.1625
28.1875
22.025
22.2625
26.0625
17.6375
20.6875
16.4125
15.4
14.675
12.8375
16.959375
27.625
24.8375
40.125
52.8375
50.275
48.6375
42.54375
46.034375
52.9125
43.65
26.5
38.765625
40.0125
31.8875
27.6875
21.6
31.6125
31.725
32.35
41.2875
45.525
54.2375
49.9625
39.2375
48.775
42.5625
19.15
11.9125
11.775
9.225
8.2875
9.1375
13.5875
21.575
23.625
23.240625
27.0875
19.025
16.775
15.5625
15.5625
22.0375
52.275
67.3375
55.45
63.4625
66.3375
52.065625
47.55
62.0625
48
45.4875
76.6375
64.9
65.5875
62.3125
62.6875
48.7
37.2875
44.525
54.7125
48.525
52.425
50.475
38.7625
34.95
28.95
31.0375
28.1
26.4
30.775
27.725
34.675
33.8875
27.125
18.725
19.1875
22.75
24.375
26.975
27.1125
27.25
28.3375
22.740625
65.1875
82.6125
48.9
18.4
18.9375
17.4625
21.2375
54.175
60.45
56.9125
54.325
65.8625
76.9375
67.0125
75.3875
63.1375
34.75
19.7375
16.7125
40.7
63.8375
46.325
53.1875
65.465625
83.825
75.225
46.1375
18.225
14.375
11.9375
10.7625
22.2375
33.65
36.65
45.225
57.4125
67.7125
42
19.0875
9.3
11.5375
10.95
12.475
18.6125
24
29.375
36.225
44.134375
50.4375
52.3
45.475
52.7625
50.3125
85.2125
62.7625
72.9125
74.7625
60.9875
50.5125
56.2875
56.7125
56.8125
43.0375
25.8875
47.6
45.5203125
48.175
44.1375
53.4125
50.4125
36.025
39.3625
51.125
50.45
49.8875
61.5625
54.225
52.975
50.9125
46.425
54.1375
66.425
44.3125
36.60625
52.8375
57.4375
41.95
48.1625
38.2
40.975
39.8625
44.6625
51.125
41.15
27.3
25.215625
33.5625
41.8375
43.975
41.6875
38.375
38.175
38.2
43.375
40.125
27.275
11.15
12.028125
22.9125
29.675
32.9
30.675
31.375
35.3375
38.95
32.225
33.1125
30.4875
25.4625
46.56875
59.4
63.3625
49.8125
22.7125
22.85
22.0875
19.575
14.3375
13.725
10.4375
6.9
8.35
38.15
67.425
73.7
61.875
52.075
61.4375
53.325
56.3125
55.5
49.6875
24.875
22.9625
32.45
35.4
42.4375
57.8875
45.5125
32.2
20.5375
16.8375
21.475
21.9375
14.625
23.421875
42.5375
69.65
59.175
29.1125
29.05
20.0125
17.3125
25.525
59.4625
36.05
22.7
26.8
39.025
38.7875
37.1625
48.175
53.675
45.9375
43.2375
49.5
47.35
40.9625
23.3875
23.54375
35.025
40.0625
37.6125
40.3625
44.6
49.4
39.025
55.4
57.6625
42.1125
22.4375
17.03125
29.8875
40.75
37.55
28.6
30.25
29.225
29.85
30.0125
15.55
25.825
26
33.984375
34.9125
30.75
19.9
20.8125
28.525
34.125
24.5375
14.6875
16.35
20.725
28.6875
34.04375
40.975
35.7125
19.9125
19.7
16.4
14.725
12.5
14.25
22.35
20.8875
18.1125
23.725
23.2125
26.475
20.1875
14.75
13.55
15.025
14.85
15.0875
16.75
13.35
8.425
9.55
15.875
31.7625
26.9
25.3375
30.9875
39.7375
51.15
61.2125
66.4375
45.8875
41.725
41.86875
60.9625
44.525
32.5375
27.325
27.6
18.5625
33.375
42.675
39.675
37.8
34.2375
30.728125
29.65
34.075
23.7625
25.3875
39.2625
39.0625
30.775
42.96875
34.6375
29.15
22.0625
24.0375
38.55
33.3875
15.5
17.7875
17.2625
27.375
24.4625
20.3625
18.0375
25.625
20.85
24.125
32.025
39.475
52.4
56.875
46.825
38.7125
39.2625
41.8875
36.925
29.1
24.2625
39.296875
53.525
55.5875
47.825
61.275
50.5
49.65
55.9625
66.0125
52.05
49.975
56.475
65.059375
58
55.725
61.65
65.8875
90.8625
71.0375
83.4
97.35
83.325
66.95
49.9875
64.521875
76
62.5625
41.825
43.2375
53.05
40.6
53.8
55.55
44.575
33.4
20.475
34.34375
29.625
24.95
28.925
37.675
28.875
30.9625
86.35
65.3
29.75
19.05
25.45
47.33125
42.0625
40.45
47.3
50.7
57.8
58.8625
60.4125
65.675
64.725
56.4375
41.9875
31.296875
44.575
49.1125
46
33.725
30.925
28.025
29.325
29.8
23.55
17.55
17.425
24.671875
42.0125
35.95
42.65
39.4125
33.2125
36.6625
38.8875
45.55
40.4875
34.55
29.8375
19.284375
35.2625
48.4375
57.925
49.4875
50.85
47.6375
43.9
46.975
49.7375
40.625
23.1375
23.60625
32.4875
38.625
52.925
33.375
40.3125
33.4625
27.2375
36.65
65.6
65.025
37.2625
34.875
48.9
52.6375
56.9375
58.975
46.625
27.7125
31.55
32.8375
33.65
38.7
35.725
42.1875
54.1375
59.125
43.5625
52.35
54.525
47.23125
49.5375
41.5375
48.525
41.8875
54.8625
42.346875
58.9375
52.3375
51.1125
53.0375
62.075
60.1625
43.7875
55.025
53.0625
45.875
26.0125
28.815625
36.8125
65.8625
76.2125
36.4
33.1
34.7875
27.1
29.625
27.9375
32.225
36.2
43.509375
51.1
67.7
68.5375
62.7125
45.4875
47.025
51.7
65.0625
57.7875
47.675
54.9375
66.821875
78.0375
83.5125
65.4
65.175
62.0125
54.075
77.4625
75.825
66.525
51.0375
31.8125
35.84375
63.4125
58.6875
51.6875
46.075
41.75
31.925
31.6625
37.1625
27.9
23.0125
17.325
16.578125
20.5
29.9125
33.925
36.5125
37.7
36.15
25.65
21.5
22.6625
19.875
23.1125
29.053125
47.2125
81.8875
80.75
58.9125
61.9375
50.5875
28.75
44.025
51.475
31.325
27.825
35.265625
23.2625
35.8875
41.475
42.15
41.9625
46.225
48.5
45.8
25.6625
12.3
27.6375
90.040625
104.1625
101.9
61.6875
40.4875
34.375
42.4875
54.2875
59.4
47.4125
50.3625
47.65
51.525
54.0125
65.6625
51.875
49.375
37.725
47.4875
51.2875
55.0125
78.2125
77.2875
74.0125
83.7375
104.825
99.6
41.1875
24.4625
38.6375
38.9
25.4625
32.65
40.3125
59.9625
45.6875
63.040625
97.075
83.95
85.625
86.475
77.25
67.275
67.2875
62.725
75.2875
69.925
45.7125
57.95625
78.2
47.325
38.15
51.175
52.775
49.4
40.2
53.7875
68.9125
61.5
26.925
27.49375
42.3125
50.325
50.125
57.9375
68.075
50.8375
56.525
55.2875
58.175
95.4
67.6
66.90625
75.4125
77.1375
74.675
85.925
81.65
76.9625
100.662500625
124.1812546875
133.11249875
78.725
75.2375
67.625
88.525
89.5375
64.0625
59.2125
59.9625
53.3375
37.3625
22.5
28.9875
32.5
12.525
17.45625
31.95
32.125
37.1125
33.9
32.9
39.0625
44.7
47.3875
42.45
36.925
26.7625
36.54375
52.925
44.4875
50.525
51.1125
62.2375
52.6375
48.1375
53.9125
51.125
36.0125
19.9375
24.096875
36.1
63.154931640625
67.5826364517212
67.5999321736395
71.7624997506384
63.3
57.95
60.0625
54.7125
38.9625
23.45
27.140625
41.8625
46.1875
42.2
42.1875
38.5125
33.1625
33.8875
36.3625
52.55
36.9
17.325
17.721875
34.9625
55.7625
67.4625
57.0625
43.5125
45.2125
51.8875
54.225
59.4875
56.625
27.1875
31.496875
37.475
57.45
42.0875
39.6625
51.625
42.4875
41.475
55.25
65
63.8
34.125
30.725
39.3625
44.125
43.3
37.5625
35.3875
33.45
35.8125
33.675
33.05
22.05
19.5625
34.53125
45.75
49.5375
52.6
45.2875
40.525
49.4625
54.7125
51.55
42.45
34
35.4625
39.634375
45.85
48.7375
50.65
48.75
40
51.375
63.6875
78.63125
79.2875
69.075
44.85
55.196875
85.475
89.3375
85.325
87.325
84.0375
76.0125
82.9
87.8875
87.925
59.6125
58.1875
68.053125
71.8375
65.55
48.9375
60.8625
58.1
50.1
46.0125
47.9125
57.175
76.3375
32.8125
46.990625
53.125
62.45
55.6625
60.6125
59.6125
59.1
53.8625
56.025
58.3625
40.525
22.1375
25.18125
50.0375
71.4875
67.225
53.1375
56.4
56.45
55.58125
56.0125
61.075
61.9375
41.5375
56.95
52.425
76.2125
68.125
45.475
44.6625
48.1875
57.2
53.25
37.7625
29.3625
23.1375
47.85
56.5125
53.1125
51.0125
36.05
22.875
21.225
19.4875
19.9875
25.525
29.1375
23.5125
34.409375
62.9875
74.475
57.525
42.875
40.4625
42.8625
45.7
44.075
38.625
27.4
14.825
17.228125
19.4125
31.3
37.575
28.35
22.175
20.7
24.15
21.984375
20.8529174804688
20.8002067089081
20.8000008074567
20.8000000031541
20.8000000000123
20.8
20.8
20.8
20.8
21.575
30.25
31.25
42.1
45
45.1375
52.603125
71.5375
73.15
63.325
67.6875
77.1875
68.125
62.575
38.375
41.0125
34.775
18.8125
21.428125
30.9625
49.0125
54.4375
29.4375
32.5625
30.65
25.0125
16
17.3375
18.0875
9.8
10.821875
12.1875
15.475
14.8875
14.7375
10.275
9.2375
12.6
10.1625
13
18.1375
20.3875
25.371875
30.8875
47.7625
24.2
14.85
11.7125
12.1625
14.875
20.7
29.2125
29.1625
22.5
28.80625
48.9625
48.65
31.8
26.2125
20.4875
25.7
29.0125
34.85
39.5625
43.725
47.7625
65.925
82.925
59.1375
59.775
27.35
19.5375
17.675
25.025
58.278125
80.4375
88.7125
88.5
99.5125
120.0875
132.7499975
99.77500125
78.4875
72.35
58.275
62.4625
50.775
61.0875
74.525
40.325
41.725
61.6625
63.0125
79.15
149.6625025
71.8375
61.8375
55.4875
59.4625
67.5375
68.85
51.25
43.9375
63.6375
66.2375
55.8375
52.85
37.675
28.675
35.825
46.8375
73.2375
50.9375
27.9375
31.08125
48.5125
73.4625
78.2875
63.4375
52.6875
52.2
42.525
45.65
47.7125
50.3875
24.6875
26.684375
41.4125
66.8625
93.575
64.5
49.1
51.4875
49.3
40.6
65.0125
69.4
54.1375
43.68125
40.05
39.9875
35.55
30.7875
36.2625
101.6375
103.9
93.8875
103.08750125
80.65
67.7625
72.0375
135.86249625
135.35
80.5625
40.05
33.0125
36.675
34.3375
28.7875
52.4
41.3875
59.0125
87.41875
121.01249875
132.00000125
130.57500125
136.83749875
115.4375
147.96249875
115.0125
75.45
72.725
69.35
72.6875
85.840625
64.45
93.1125
77.2625
71.0625
105.17500125
119.58750125
95.2125
78.15
89.0875
78.325
50.4875
48.734375
51.9125
47
56.75
52.0125
50.6625
67.125
99.775
141.82499875
157.97500125
163.3375025
131.5500025
135.5375
159.87500625
148.81250125
94.7875
73.7
62.375
65.5125
68.925
83.925
85.9375
77.1
72.225
101.753125
122.8999975
118.2625
114.04999875
125.37499875
90.3625
90.875
99.9125
121.8125
103.4375
57.2
61.9125
82.990625
100.4375
125.65000125
97.625
39.5
39.575
26.8875
52.1
69.425
96.575
78.925
88.6625
65.16875
115.02500125
136.24999875
134.5
81.9125
95.625
58.8
59.3
91.925
98.1125
97.225
38.25
32.028125
63.2375
67.2
78.3625
67.925
83.975
81.6625
82.8375
97.2125
100.3875
92.775
85.7125
88.353125
98
91.3625
71.8625
67.7125
84.6375
64.0375
69.26875
69.503125
94.175
67.725
62.7875
86.415625
97.2
96.1125
77.225
36.15
26.6
23.5625
25.0375
33.875
47.35
52.7625
52.175
73.921875
87.875
60.2625
42.6625
27.1125
19.5375
15.575
17.3
29.925
52.575
56.975
50.025
55.740625
55.9125
30.5
28.0375
18.6
13.325
12.175
17.45
17
19.3
19.15
13.6625
11.28125
13.775
21.0125
24.575
26.0375
29.7
30.1625
25.5625
30.1875
28.5375
21.4375
15.325
33.70625
64.75
77.45
59.4375
27.3625
30.1875
32.15
31.2625
29.675
39.6125
42.0375
22.6
24.3875
24.9125
33.925
32.45
24.45
23.4625
25.4625
29.2625
27.0125
34.2125
23.95
11.8375
14.26875
12.4375
17.95
22.3875
22.375
25
27.9625
22.6125
37.45
48.1125
51.6875
29.6125
33.134375
46.9
77.9625
92.425
47.0625
34.025
38.475
34.10625
27.290625
44.2125
43.625
21.1125
26.053125
18.725
23.2375
27.45
18
19.2125
24
30.4875
15.9875
16.2625
13.4125
11.8375
15.4875
18.15
22.5125
26.075
24.0125
20.625
25.9
27.925
30.4625
33.225
25.6625
19.7625
24.946875
33.475
51.35
56.6125
56.7125
68.75
63.325
50.95
48.9375
47.6375
48.575
40.6375
46.425
71.7125
95.0125
116.2625
87.9125
77.0375
46.325
37.6625
37.8125
51.3875
62.2625
77.1
81.746875
97.7
109.5625
117.2000025
90.25
96.7875
79.6875
86.9
94.8
99.7875
89.15
65.825
68.496875
76.55
84.7125
85.375
84.1625
78.675
74.1375
78.4
90.7
114.338916015625
114.698589515686
114.699994490296
114.699999978478
114.699999999916
114.7
114.7
114.7
114.7
114.7
114.7
114.7
114.7
114.7
114.7
114.7
114.7
114.7
114.7
114.7
114.7
114.7
114.7
114.7
114.7
114.7
114.7
114.7
110.1125
117.0375
95.9875
57.425
55.75
57.4125
91.6125
98.2375
77.225
67.2125
77.25
94.36875
114.8125
116.89999875
103.8375
82.525
72.3625
66.675
85.4625
77.7625
65
55.1
57.2
67.525
79
91.5375
97.8125
72.1625
68.125
68.1
75.6125
77.75
50.3
42.8625
47.375
55.828125
61.0125
82.225
90.7375
83.85
77.15
71.275
68.8125
43.525
65.325
58.2875
60.5875
64.40625
73.15
74.1
54.2625
38.45
25.5625
18.4625
14.5875
18.2375
38.4625
20.8
23.5375
53.040625
83.5
91.1875
97.4125
96.1625
88.9
84.9625
102.1375
101.375
90.85
53.9375
61.8
70.934375
78.6
82.875
73.8
63.125
54.05
45.2625
37.9625
45.525
65.175
53.4375
60.8125
76.896875
84.8375
80.8875
66.575
59.1375
45.2
48.45
51.1875
55.2
41.4375
22.75
26.3125
39.3625
52.575
71.1625
72.75
36.6
24.4
19.475
26.5
57.9625
56.45
25.2625
24.725
39.121875
50.1125
58.15
61.1
29.5375
21.15
33.075
36.3875
53.725
45.65
19.5
20.975
22.965625
21.5375
54.625
79.875
108.8875
90.5
68.95
63.225
64.3125
59.2625
28.0125
21.7
31.684375
52.4
75.6375
92.9625
95.0875
66.3
51.825
47.775
52.3875
66.425
28.85
24.075
33.703125
27.2625
31.0375
40.125
55.5
44.3875
44.9625
58.1984375
53.7875
68.425
46.35
32.975
38.078125
43.2625
51.0375
55.525
42.7375
38.0625
39.75
43.9625
50.0625
62.225
60.9875
69.875
72.534375
80.7375
89.6625
96.3
78.9375
49.5375
48.325
56
64.9625
67.1125
55.95
70.2375
74.065625
80.95
90.6875
91.9
78.3875
71.3375
64.525
53.4125
51.2375
47.1125
31.95
30.1625
37.15
41.9125
39.7375
37.4125
38.3875
37.6125
33.7625
33.325
33.15
30.225
14.8375
11.2625
13.275
16.875
26.75
30.1875
29.675
30.4125
32.6875
31.675
27.375
30.8625
12.2625
10.5625
16.45
31.2
48.875
55.1
46.425
44.2
61.6125
67.275
59.6375
65.925
57.4625
67.05
78.271875
82.75
97.9125
79.475
73.525
57.35
52.3875
58.7375
99.95
90.475
37.0375
22.025
24.46875
36.875
27.1375
30.0875
28.4125
24.325
28.35
29.375
24.5625
30.8
43.925
55.025
46.746875
44.1625
47.4875
36.3
16.5125
14.85
30.1375
36.375
61.1875
84.5625
39.725
9.1
38.84375
44.7875
52.475
59.2375
71.5375
75.6625
64.5
66.55
83.475
99.3125
85.6125
90.75
84.915625
81.5125
85.725
58.6375
29.5125
14.775
12.125
13.0625
28.325
45.6125
17.5375
21.9
30.465625
43.8125
49.9125
50.6375
62.1375
54
71.675
67.5625
68
64.3875
34.2625
34.95
44.41875
76.225
79.975
64.7
57.2125
24.8
31.3875
51.021875
71.875
73.775
60.3125
74.5625
64.528125
52.9625
40.775
43.2875
40.6875
52.175
65.4875
43.7
43.225
44.8
34.05
39.65
71.4625
83.5875
77.2125
62.375
29.325
21.6875
28.5125
26.825
30.5875
48.5375
48.1125
47.575
63.446875
67.5875
51.2125
51.25
39.7875
25.1875
14.55
25.775
37.9375
42.6625
23.3
23.6875
57.484375
55.15
66.1875
58.375
29.275
38.1
38.55
44.7875
46.7
61.55
57.65
64.3
75.378125
85.2375
86.7375
96.25
74.9625
53.7
45.9375
57.9875
71.7875
50.525
29.2625
24.9125
34.015625
35.4
47.975
68.375
56.4625
38.925
49.3625
50.5
56.7
69.25
30
17.95
23.89375
37.4875
38.0875
65.975
63.4125
50.5125
27.1125
28.2875
40.6875
43.2
15.825
11.3875
16.571875
28.9
47.375
48.2125
50.7625
41.8375
42.6625
58.8125
63.7125
74.7
28.7125
21.3125
36.884375
42.25
59.4875
68.55
75.35
54.8125
53.05
46.9
53.075
45.875
27.7625
12.4
11.446875
10.675
23.6375
29.6875
22.6375
12.3375
11.15
14.0375
21.6125
24.1125
17.95
17.075
16.890625
31.45
22.6375
35.9875
18.7625
16.6125
16.7625
28.25
50.3625
38.7875
21.5625
21.2625
32.5625
38.9375
36.6375
47.05
62.4375
68.275
82.45
81.4375
59.425
53.0375
25.45
12.6
7.678125
11.9625
25.15
20.7125
18.925
17.1875
14.375
18.725
22.8875
21.9125
13.5875
15.775
23.025
30.5625
46.925
60.2375
66.8375
54.5375
28.225
22.95
37.1375
54.5375
24.55
17.575
27.56875
52.2625
74.725
80.6625
39.825
22.4125
25.1375
26.9125
45.4125
48.4125
31.65
43.375
50.515625
60.4875
72.275
79.3875
76.9625
68.425
59.3375
64.2125
50.6
46.8
49.25
47.6
53.875
54.2125
63.75
56.7375
39.9375
22.55
25.3125
26.85
58.1625
58.6375
57.625
56.85
59.621875
60.3375
74.6375
81.9875
54.825
35.65
30.4
36.2125
61.3
58.4125
27.9
28.325
32.55625
45.9375
56.4625
50.5625
33.8375
29.31875
44.2070068359375
44.3992461204529
44.399997055158
44.3999999884967
44.3999999999551
44.3999999999998
44.4
44.4
44.4
44.4
44.4
44.4
44.4
44.4
50.2625
48.3625
31.525
26.7875
34.971875
60.55
65.65
79.6875
79.2375
57.6
47.95
41.1
61.575
59
26.4375
16.5375
24.075
37.7875
39.4375
44.6125
49.7875
50.5875
51.375
51.8875
48.575
38.8875
19.35
16.1875
23.003125
29.575
36.525
45.9625
47.7375
44.825
46.625
34.5
30.55
24
15.3375
18.85
38.925
32.8625
41.4
54.875
42.775
27.2125
29.9375
44.7125
56.0875
35.3625
24.625
21.55
36.54375
38.325
41.3875
48.375
60.3
67.6875
61.8125
81.8625
84.975
73.775
48.65
30.3
29.39375
41.5125
57.725
68.075
66.7875
58.675
58.4
74.55
90.3625
100.55
73.3375
44.4875
45.75
43.0625
35.25
37.1875
30.7
21.4
15.625
18.225
53.2125
68.5
37.0125
24.625
41.28125
54.5875
53.7125
54.3625
72.3125
59.1125
44.3625
52.7015625
71.025
53.575
21.8875
16.3125
22.303125
25
31.3625
38.3625
36.25
36
38.7875
57.0125
82.1
102.925
57.525
30.2125
36.44375
42.5625
37.7125
72.375
76.3
62.225
49.0125
33.6625
28.3625
21.2
17.9625
22.8625
40.5875
37.0625
31.4625
36.7875
40.6625
34.9
36.025
33.05
29.3125
19.8375
14.15
12.325
16.35
19.125
22.975
28.8
33.9625
37.3
37.775
38.325
45.9
43.575
27.2875
30.75
45.428125
71.0625
47.5875
34.0125
37.0625
45.8125
48.35
61.4625
88.275
75.525
25.475
15.6125
28.31875
43.6625
68.2125
58.475
57.8625
61.95
42.8875
50.8
52.5375
50.3
30.425
27.5875
46.603125
53.9875
62.8125
53.65
62.9875
61.025
63.1125
76.415625
81.475
75.45
38.1375
21.0875
33.096875
44.0125
56.5375
61.2375
72.85
56.15
43.3625
43.2875
53.9875
57.325
21.4625
11.8
16.509375
22.1375
36.125
42.7875
55.8875
56.2375
75.7375
70.8
75.8
55.625
32.8625
32.4375
43.728125
50.425
44.325
47.825
48.7875
42.525
34.0125
34.3375
33.225
27.025
23.9375
23.925
22.084375
29.6125
31.7
37.975
54.375
55.5375
64.575
68.0375
100.825
98.3125
75.45
63.9125
64.45625
57.2125
34.4125
47.75
55.0125
36.0625
21.8
35.2875
54.725
41.9625
20.8125
16.6
25.090625
24.425
31.4
41.125
42.4625
45.875
46.8
50.4875
48.9375
38.4625
21.7625
17.4625
21.0125
36.575
46.9375
67.2
80.6
54.5625
61.7875
60.575
82.4375
65
38.075
23.2125
26.6375
34.6625
39.2375
43.925
46.0625
51.7
40.575
53.1875
56.8125
49.7625
25.475
18.35
30.64375
42.925
60.05
55.4
52.0125
39.35
34.3125
31.3625
27.6875
23.075
23.9375
27.7
45.55625
57.4875
68.55
86.675
60.5875
40.6125
43.4625
57.4625
65.925
58.0375
36.4625
35.2125
43.853125
43.0625
41.3625
50.7625
61.5375
73.8875
80.3875
99.0125
122.1874975
95.625
56.8625
57.825
61.859375
61.3125
65.3484375
70.1625
90.575
63.7375
61.1125
57.6875
69.925
60.1375
33.8875
33.8125
43.978125
57.7
67.4
81.5
99.15
91.9125
93.8875
103.725
119.28749875
97.35
68.1875
63.8
68.86875
62.7
68.3375
65.9125
49.1125
46.9875
50.4125
58.028125
60.3875
80.275
68.1875
54.8375
54.978125
56.475
50.4
54.5375
67.65
76.85
67.3625
77.675
73.9375
72.6125
48.05
45.9625
46.90625
65.325
77.2875
79.85
72.8625
70.5125
65.775
50.6
47.175
39.7375
29.2625
28.1125
35.375
37.3625
42.9875
61.1875
56.9375
47.4875
60.1875
88.95
101.5
80.3875
64.925
60.0125
73.471875
73.7125
84.2125
116.04999875
118.45
120.08750125
68.75
66.46875
55.5375
47.525
50.3875
44.325
59.146875
74.1375
73.7625
79.025
84.125
81.5125
73.45
83.875
91.1875
85.7625
69.75
63.2
60.675
67.825
73.925
87.8875
90.275
87.125
79.4375
68.675
71.475
84.4375
49.7625
49.3125
57.725
63.0375
68.2875
72.2875
69.7125
76.775
67.45
57.6375
59.1375
54.325
46.2125
49.7375
54.5625
66.8625
74.925
79.8875
70.0875
90.9875
74.8
51.325
58.675
50.2375
38.6875
45.475
49.984375
57.575
55.075
56.2625
72.725
70.2875
58
49.575
45.1875
46.0625
48.525
48.275
57.153125
64.8375
69.75
80.725
80.6375
66.625
69.1625
67.6875
66.4125
60.675
59.5875
58.0875
58.878125
60.5875
63.9
74.6625
67.7125
71.2
79.7
77.725
77.6375
70.6375
60.0875
59.0125
66.64375
68.625
66.775
63.425
68.2625
67.4875
68.9375
60.0875
62.4625
56.7125
53.6875
56.35
54.55
64.525
67.2
76.375
74.9625
78.1625
67.4
72.425
69.925
66.325
57.475
56.4875
71.846875
105.8875
121.4375
116.475
98.7125
101.8875
111.325
128.98750375
118.5125025
122.1
106.225
109.2875
106.83125
