"x"
31.1
31.7
41.3
45.8
42.2
48.1
50.6
58.7
57.8
32.2
35.4
40.6
42.4
42.4
61.9
54.9
51.7
41.8
44.9
43.1
73.7
56.7
65
58
73.4
83.4
67.4
73.3
68.5
76.4
68.7
84.2
70.6
60.6
75.7
77.8
84
60.5
71.8
76.7
70.3
79
88.8
74.5
82.5
89.9
69.7
72.2
67.1
72.3
74.3
82.7
75.4
82.9
77.6
69
84.6
87.1
85.2
68.2
78.1
72.3
72.9
71.1
92.7
76.1
82.9
72.2
74.8
69
68.3
59.2
60.5
65.5
66.5
51
50.4
53.1
62.8
56.9
60
56
54.2
52.5
55.2
58.3
61.6
53.1
57.2
76.6
71.25
68.575
65.9
62.8
66
65.3
73.2
72.8
73.6
99.4
67.1
70.9
79.5
73.5
92.9
93.7
96.6
87.6
78.9
88
77.4
81.3
81
85
85.9
84.3
79
80.9
80.8
84.6
79.2
77.2
83.3
85.5
96.5
128.39999
135
130.60001
145.2
130.8
113.5
97.7
135
76.3
65.2
66.6
68
64.4
50.1
48.3
47.4
51
49.6
48.5
50.3
54.4
50.8
48.7
53.5
64.2
64.7
73
65.7
57.1
56
58.2
59.5
62.7
67
62.2
63.2
55.1
52.2
49.3
52.4
56.2
52.95
49.7
46.8
54.8
63.6
72.4
70.6
62.3
58.35
54.4
37.9
53.6
48.6
45.8
32.2
32.9
36.1
39.3
47.5
47.5
45.8
44.95
44.1
45.4
47
44.3
44.3
50.2
45.9
47.9
53.4
56.8
57.3
61.6
60
53.9
35.7
37.1
39.1
36.8
39.8
49.8
54.8
60.5
67.9
68.4
59.1
56.2
51.8
52.8
51.4
49.3
51.2
50.7
51.8
51.6
45.7
42.3
41.2
41.8
39.3
38.2
35.7
36.8
34.3
32.5
34.3
30.9
33.2
34.1
28.2
28.4
37.8
39.1
42.5
42.7
46.8
52.5
51.8
64
62.8
57.2
61.9
64.25
65.425
66.0125
66.30625
66.453125
66.5265625
66.56328125
66.581640625
66.5908203125
66.59541015625
66.597705078125
66.5988525390625
66.5994262695312
66.5997131347656
66.5998565673828
66.5999282836914
66.5999641418457
66.5999820709228
66.5999910354614
66.5999955177307
66.5999977588654
66.5999988794327
66.5999994397163
66.5999997198582
66.5999998599291
66.5999999299645
66.5999999649823
66.5999999824911
66.5999999912456
66.5999999956228
66.5999999978114
66.5999999989057
66.5999999994528
66.5999999997264
66.5999999998632
66.5999999999316
66.5999999999658
66.5999999999829
66.5999999999914
66.5999999999957
66.5999999999979
66.5999999999989
66.5999999999995
66.5999999999997
66.5999999999999
66.5999999999999
66.6
66.6
66.6
66.6
66.6
66.6
66.6
66.6
66.6
66.6
66.6
66.6
66.6
66.6
66.6
66.6
66.6
66.6
66.6
66.6
66.6
66.6
66.6
66.6
66.6
66.6
66.6
66.6
66.6
66.6
66.6
66.6
66.6
66.6
66.6
66.6
66.6
66.6
66.6
66.6
66.6
66.6
66.6
66.6
66.6
66.6
66.6
66.6
66.6
66.6
66.6
66.6
66.6
66.6
62.8
64.1
64.2
67.3
59.8
53.9
68.7
53.2
57.6
57.8
49.9
60.1
53
49
42.2
45.4
42.2
42.9
32.5
30.9
28.6
30.9
27.2
20.2
20
20.7
19.3
23.8
23.8
30.15
33.325
36.5
32.5
37.7
41.6
38.2
45
37.7
40.6
39.3
54.5
42.9
48.6
48.2
41.8
47.2
45.6
42.2
40.9
42
38.8
37.2
43.4
47.3
52
47.7
45.9
45.4
45.7
42.5
53.6
44.3
56.1
49.6
50.7
50.4
51.1
54.1
45
47.5
40
45.2
38.9
30.9
36.8
35
34.8
42.7
34.3
39.3
42.5
31.6
43
43.9
47.1
47.3
43.9
51.1
48.9
45
50.3
46.8
42.8
50
44.8
43
43.3
41.9
40.8
40.5
32.8
35.5
36.2
28.5
27.4
31.9
30.1
28
26
24.2
26.9
23.5
21.9
23.7
27.6
27.8
26
20.6
19.2
26.2
29.6
26
28.7
33.5
32.4
30.7
29.85
29
28.5
29.6
35.1
32.8
33.3
35.3
34.2
41
41.2
43.7
43.5
50.1
46.5
58.5
49.2
54.7
54.7
56
61.2
56.3
68.8
59.7
60.1
65.6
60.3
61.3
65.4
61.2
62.4
47.2
50.3
43.8
44.2
50.8
53.8
44.4
53.1
44.7
47
47
42.9
47
43.6
52.2
53.1
48.1
50.4
43.3
56.3
58.6
60.4
57.4
56.7
55.6
47.9
47.2
46.3
47.4
49.9
52.2
46.5
49.5
52
53.8
56.5
62.2
51.3
57.4
57.9
47.5
56.3
57.9
47.2
46.3
49.7
37.5
38.6
38.8
35.4
35.2
34.7
28.6
25
27.9
24.1
24.1
28.2
31.1
25.9
24.8
25.7
31.4
34.1
35.6
36.35
37.1
38.6
38.9
40
30
42.7
50.3
45
48.2
47.3
52.5
69.6
68.5
53.4
48.4
50.3
51.2
52.8
57.1
50.3
51.4
52.3
46.6
63
59.4
51.9
49.4
49.6
49.4
49.8
63.3
62.8
54.6
48.7
48
54.6
52.8
44.8
66.9
53.9
57.8
67.6
56.4
51
52.3
44.4
48.9
41.2
46.7
48
51.7
49.2
56
51
40.7
47.1
49.4
50.8
47.8
45.3
59.2
51.2
50.3
53.1
57.8
65.4
67.2
57.4
50.8
61.5
58.3
69.7
56.9
64.9
47.8
50.1
56.9
60.1
45.4
34.9
28.5
34.2
34.7
26.9
41.7
29.4
28.7
30.1
31.3
34.9
27.8
30.1
30.8
30.6
30.25
30.075
29.9
29.2
37.6
34
43.1
42.9
41.7
39.9
49.5
44.7
47.2
52.9
49.5
47
45.6
52.9
62.5
52.2
47.5
54.7
48.1
58.8
52.5
50.9
69.5
71.6
69.6
69.6
62.5
63.4
72.8
70.5
66.4
67.1
57.7
67.5
66.8
74.1
86.6
64.8
71.6
64.3
59.8
55.5
58.4
63.7
64.3
70.5
59.8
54.6
58.2
53.7
69.8
57.8
59.6
66.4
73
76.9
74.6
79.6
77.3
84.2
105.1
130.60001
133.10001
121.1
139.3
127.7
136.3
146.39999
145
168.89999
151.10001
139.3
83.5
85.1
85.1
83.7
86.3
86.3
81.3
84
84.2
87.2
85.4
85.4
91.1
94.7
94.3
102
102.9
112.3
100.9
101.6
111.75
116.825
121.9
131.5
149.7
156.10001
137.39999
154
139.5
134.89999
148.10001
148.3
144.7
150
142.7
125.1
133.10001
127.9
116.9
127.6
111.4
110.8
100
112.6
107.3
99.1
105.3
105.8
97.5
91.8
88.4
92.1
90.5
86.8
82.5
84.6
77
71.8
49.2
44.9
44.9
32.1
23.7
29.4
37.4
28.3
24.4
24.2
23.9
34
27.1
27.6
26.7
52
64.65
70.975
74.1375
77.3
85.3
89.4
87.1
91.9
89.6
109.2
91.9
80.5
56.1
66.1
55.9
48.1
56.5
50.2
46.3
52.7
39.9
36.9
28
24.4
23.3
23
20.5
19.6
14.8
16.2
15.7
14.1
11.6
14.8
16.9
17.8
19.4
18
16.9
17.8
15.7
16
17.25
17.875
18.5
17.8
21.4
25.8
24.2
23.7
25.1
32.6
29.4
34.4
29.6
29.9
28.7
33.5
34.7
33.7
37.2
35.3
36.5
34.9
45.1
53.8
35.1
47.6
47.6
54.2
45.4
42.2
44.7
48.3
45.1
44.7
63.1
55.1
42.6
47.6
46.9
41.3
48.8
46.7
44.4
48.5
49.2
48.5
53.5
35.1
51.7
44.4
38.7
52.6
40.6
44.2
41.2
43.5
51.9
38.7
54.4
40.1
49.7
48.1
51.3
45.6
46.7
48.5
59
55.1
53.1
46.7
56.5
65.6
50.3
59.4
63.3
61.7
49
44
37.4
33.3
37.8
27.8
27.6
25.3
26
28.1
20.3
22.6
24.9
25.1
25.3
24
32.4
26
26
27.4
30.25
31.675
33.1
33.5
41.9
34.9
36
29.9
30.6
35.8
34.4
40.1
41.5
41.2
40.3
44.2
50.4
46.7
43.3
59.9
53.3
59.2
53.7
65.8
68.4
72.1
90.2
94
107.2
86.3
101.9
92.6
84.4
81.3
85.1
88.1
92.7
80.7
76.5
81.3
89.5
87.8
76
65.1
85.6
72
80.6
77.6
85.5
77
87.5
79.8
80
54.7
50.2
49.5
48.2
63.4
48.9
55
62.6
67.4
61.5
57
68.7
77
79
61.4
58.3
80.5
71.6
73
60.2
76
67.8
59
58.6
64.7
49.6
45.5
42.1
41.9
40.5
40.5
39.4
38.5
40.6
40.6
39.2
39.2
39.9
40.6
41.7
42.1
43.9
46
47.25
47.875
48.5
43.3
46.2
44.8
42.6
42.8
41.9
43
44.6
45.3
44
45.3
43.7
41.9
43.9
44.4
42.6
41.2
42.8
41.3
44.2
39.7
40.6
40.6
42.6
45.1
43.3
43.5
43.5
40.1
40.3
43.5
44.6
50.1
40.3
41.9
37.4
39.8
39.2
38.3
38.7
40.1
36.5
34.2
35.3
36
33.5
31.2
33.3
36.7
32.4
30.3
31.9
38.3
32.4
30.6
34.9
34.7
34.2
42.5
34.4
30.8
33.7
34.7
36.7
37.4
36.9
38.3
36.9
38.5
37.9
38.5
38.1
38.3
38.3
37.6
38.1
37.2
38.3
38.5
38.3
38.5
38.5
38.3
39.2
39.5
44.9
41.7
38.3
39.5
39.9
41.9
40.1
40.6
40.9
41.05
41.2
42.2
41
46.6
45.5
42.3
41.9
42.9
44.5
45.2
45.7
45.9
44
42.9
41.1
50.1
52.3
50
55.1
50.6
64.6
55.1
60.3
72.4
62.5
60.5
60.1
54.8
53
56.6
51.9
49.6
63.4
57.3
66.4
62.8
68.7
66.9
61.2
59.3
61.2
68.9
62.1
62
63.2
61.2
64.3
66.1
52.8
48.8
40.8
42.4
36.1
36.6
38.5
40.2
41.7
41.5
44.7
38.6
40.6
39.9
40.2
45.2
44.6
43.7
43.2
40.8
39
38.3
34.2
33
31.7
32.4
36.8
34.1
33.9
33.7
33.3
32.8
33.5
33.5
33
33.9
34.4
34.9
36.2
37.1
37.3
38.9
41.3
40.7
41.3
42.2
42.75
43.025
43.3
45.2
46.5
49.3
50.1
52
53.6
54.9
54.5
53
51.4
52.9
57.8
56
56.3
54.3
57
52.3
50.6
48.6
52.6
53.4
58.9
53.5
60.7
55.8
58.9
56
53.6
50.4
46.5
48.6
52.2
55.8
59
59.5
54.9
55.2
54.9
47.5
43.7
46.2
42.1
44.4
54.9
51.1
53.3
51.5
49.7
45.4
46.1
44.2
40.4
35.4
39.2
37.2
39
39.3
43.1
45.5
41.5
43.7
44.5
61.5
47
50.1
47.4
39.2
43.7
42.1
49.7
42.1
35.9
33
33
33.6
33.1
32.5
30.7
30.1
30.3
29.7
29.5
29.5
31.3
29.7
30.4
30.4
29.5
30
29.3
29.3
32
33.3
33.3
33.3
33.3
34.5
35.8
38.5
34.2
34.9
34.5
37.2
37.6
38.1
37.9
38.8
40.8
39.9
44.8
50.9
38.5
36.9
35.8
39.8
37.4
41.2
44.6
40.3
40.7
40.4
45.7
56.6
49.3
49.5
45.1
45.3
43.8
43
46.8
60.3
51.9
43.9
54
54.8
57
50.1
75.7
50
45.6
53.7
53
64.1
48.8
51.9
50.6
52.2
57
50.2
73.4
55.7
72.8
61.7
65.1
72
56.6
55.9
51.3
58.4
55.3
56.9
49.5
46.1
46.1
41.8
46.3
43.4
38
35.5
31.5
32
25
24.6
24.6
26.4
28.2
29.3
27.1
25.2
23.2
23.7
24.4
24.4
25.9
25.3
24.4
25.5
29.6
32
31.1
30.65
30.2
33.4
33.2
24.6
33.8
45.1
41.1
40.8
41
50.3
53.8
51.4
57
55.8
57
57.3
57.5
59.9
63.5
62.5
55.7
69.2
65.8
66.5
61.7
63.2
65.8
63.1
62.4
64.7
58.6
55.7
54.4
51.7
53
55.5
53.3
55.8
54.9
51.5
55.6
52
47.4
48.7
51.3
48.9
45.2
48.1
52.9
50.5
43.8
37.85
31.9
46.3
33.5
33.1
27.3
28.6
31.3
30.4
42.8
35.6
47.8
51.4
54.8
49.4
44.7
42.4
53.4
40.2
48.1
51.9
37.9
37.5
27.8
28.2
24.6
19.9
18.5
13.6
12.7
10
9.7
9.1
8.4
10.4
10
10.9
12.7
12.7
14.3
13.4
12.7
14.7
16.5
17.4
18.3
19.2
19.7
18.5
19.2
21.2
19.9
20.6
24.4
26.9
29.4
37.9
41.5
44.4
44.2
43.5
41.1
42.6
43.5
46.4
49.1
50.2
53.6
55.7
60
63.7
67.9
73.8
81.1
79.8
79.6
74.4
75.9
84.2
79.3
85.7
98.5
102.1
109.7
92.6
89.3
90.9
85.3
91.8
89
80
77.8
78.6
74.9
91.4
92.4
76.6
75.3
71
58.7
83.8
96
68.6
74
69.9
82.7
81.8
85.2
81.7
113.7
84.5
79.5
94.9
72.8
74.7
79.3
95.4
73.8
81.8
84.2
74.1
71.6
65.8
62.8
59
53.8
56.5
58.4
59.4
56.2
59
60.7
60.7
59.1
67.7
64.3
67.9
71.4
75.5
76.35
76.775
77.2
78
76.5
79
151.7
135.39999
132.3
133.3
101.6
115.2
126.9
137.39999
101.8
101.9
89.1
92.3
97.7
91
84
76.4
82.3
95.5
108.1
93
81
85.6
87.5
87.2
90
93.3
102.8
87.9
83.2
78.5
72.2
67.2
61.8
60.7
59.8
53.7
51.5
49.9
47
39.3
33.9
33.7
31.5
33.2
35.2
35.7
37.9
36.6
36.3
34.1
37
39.2
37
35.7
39.9
39
37.9
41.5
46.3
62.3
64.6
62.3
61.6
60.1
59.3
57.5
55.5
51.5
45.8
42
40.4
36
32.9
29.3
28.7
22.7
17.8
14.2
15.5
13.1
13.1
16.2
16.7
24.2
26
28
34.6
36.1
37.7
43.7
45.1
45.8
46.5
45.9
41
43.7
43.6
38.1
38
33.2
38.5
30.3
41.9
46.5
57.2
55.4
56.9
58.7
64.7
64.3
82.9
74.8
74.9
86.7
72.2
62.5
63.1
75
72.3
73.5
71.2
75.6
81.9
91.7
79.7
88
75.3
77.8
72.5
86
86.4
78.3
90.3
98.9
91.6
95.8
71
83.3
76.3
73.5
71.7
79.3
75.8
82.6
87.6
90.3
83.3
76.8
81.5
84.9
81.5
82.4
87.8
70.3
81.3
68.8
71
79.1
78.2
76.3
68.9
58.8
58.2
57.8
58.2
59.1
59.3
58.8
58.7
55.4
52.8
53.7
53
51.5
51.5
53.7
49.7
48.6
49.3
50.4
50.9
51.1
53.9
54.9
61.4
61.5
59
57.75
56.5
58.5
61.7
64.3
61.9
49.3
48.6
47.1
44.9
46.2
42.9
42.7
43.3
43.8
45.3
44.4
44.9
46.2
47.5
48.9
49.1
50.4
48.2
50.4
51.3
50.6
53.7
55.5
55.5
54.4
52.4
48.6
40.7
37.1
35.8
34
31.3
29.1
27.4
24.5
24.5
25.1
18.2
19.3
20.7
21.8
20.2
20
18.2
18.2
19.8
18.9
18.7
19.6
21.8
22.2
20.5
22
20.7
24.7
27.6
27.1
26.5
26.7
30.7
40
41.3
37.6
33.1
31.8
32.3
33.2
29.8
22.1
22.5
24.1
22.3
21.4
20.1
19.2
20.3
20.5
20.3
17.2
14.1
14.1
12.1
11.9
12.8
15
15.2
13.9
14.1
14.8
15.55
15.925
16.3
18.5
17.9
17.6
20.5
20.1
17.4
19.9
21.2
19.9
22.3
24.1
23.6
25.8
30
27.4
32.9
33.8
33.4
34.3
34.3
37.6
30.9
27.2
29.8
34.3
36.5
38
37.1
33.4
26.5
26.5
32.5
37.6
33.6
28.9
29.8
27.2
26.3
21.4
22.3
20.3
20.5
17.9
16.3
16.8
18.3
18.1
17.9
17.9
16.5
16.1
19.6
20.7
19.4
17.6
22.7
22.1
21.8
19.6
20.7
21.6
23.4
24.7
25.2
23.6
21
25.4
22.1
22.3
20.5
20.8
19.9
15.2
15.4
13.2
12.1
10.6
9.5
8.8
9.7
9.5
8.4
9.9
13
17.7
19.7
20.1
22.5
24.7
26.3
20.6
17.2
19.7
21.65
22.625
23.6
25.2
32.2
29.6
45.5
66.2
51.1
45.5
74.5
59.3
63.8
63.5
46.6
72
85.3
84.6
69.6
54.9
48
51.3
52.4
54.2
59.2
67.6
67.6
61.9
68
57.7
53.5
49.3
52.4
56
55.1
56.6
53.1
50
50.6
50
46.2
42.2
40.9
38.7
37.1
37.8
38.2
33.8
33.5
39.5
41.9
41
36.4
34.6
41
38
36
39.3
40.4
38.9
38.9
39.5
42
44.6
48.3
50.8
49.5
45.5
42.9
45.1
50.9
59.3
56.8
59.9
59.3
47.8
45.3
41.3
37.1
34.7
37.8
46.1
39.8
38.9
42.5
43.4
44.5
44.9
43.6
47.4
49.6
39.8
31.2
30.6
35
37.6
55.35
64.225
73.1
69.7
72.6
75.5
74
77.7
82.4
91.3
74.4
69.6
69
69.5
71
72.6
71.1
72.6
70.2
69.6
69.6
71.1
68.5
67.2
65.6
65.4
65.7
66.4
60.5
52.8
53.1
55.5
52
44
43.8
47.3
44.2
41.8
41.1
41.1
35.6
34.3
29.9
27.4
29.4
27.9
26.5
26.8
26.3
22.3
22.8
26.8
27.7
28.5
26.3
26.3
26.5
26.3
28.8
32.7
35.2
37.3
41.9
40
40.2
42
39.8
39.1
39.3
37.8
41.8
41.3
40.2
39.4
39.8
40.9
42.4
39.8
36.5
33
31.7
29.2
32.6
32.3
36.7
34.1
32.3
33.9
33.9
33.7
35.7
40.5
42.9
44
44.3
43.6
45.6
46.6
47.6
53.5
55.2
51.2
47.1
48.9
51.5
57
52.4
53.7
55.5
55
58.1
60.3
61.4
61.8
61.8
59.8
65.3
66
59.8
61.4
67.7
68
69
67.5
69.5
67.5
69.1
69.7
68.6
72.2
77.4
77.8
73.3
70.3
65.5
65.7
58.1
49.7
40
41.4
46
54.4
58.8
51.6
49.9
45
41.3
41.8
51
53.6
51.8
56.1
57.8
52.2
53.5
53.9
53.1
58.6
58
58.5
57
55.8
52.6
52.2
50.7
50
48.7
50
49.6
44.8
37.8
34.3
31.9
29.3
25.1
23.5
22.9
20.7
16
17.6
16.7
16.3
15.8
15.4
16.3
16.5
16.5
16.7
19.1
22
22.4
20.7
21.9
22.5
23.1
24.2
25.3
28.8
25.1
28.8
36.3
46.9
51.4
46.6
37.8
34.1
33
33.9
40.3
41.2
43.1
45.1
47.3
57.2
64.6
69.4
68.5
62
56.7
57.8
56.1
53.7
54.4
57
64.9
69.9
65.7
56.7
51.9
49.6
58.9
54
67.1
65.8
51
51.6
50.7
45.7
36.5
41.7
43.6
31.8
38.6
46.7
39.3
39.3
37.1
38.6
40.2
36.9
34.5
36
38.2
35.8
38.3
39.4
38
38.9
41.1
45.5
45.7
51
46.8
40.8
45.9
50.9
38
32.5
34.1
32.8
31.9
31.5
32.3
32.8
34.1
34.1
35
36.1
39.1
42.1
43.3
44.3
43.6
45.5
45.3
46.8
58.7
61
56.45
54.175
51.9
54.8
52
55.1
58.7
57
59.1
59
59.7
64.9
73.6
83
107.8
115.2
116.6
106
88.9
89.1
88.8
98.7
98.5
91.9
94.7
87.9
87.5
82.9
80.9
73.7
72.9
73.3
86.1
87.7
85.8
92.5
86.8
84.9
87.4
93.1
102.4
102.3
99.6
79.8
71.6
65.2
72.3
76.6
82.6
79.8
77
77.6
73.1
72
79.8
72.3
75.2
77.9
108.8
100.5
115.9
122.2
106.4
91.6
86.2
130.8
122.6
108.3
103.4
105.8
102.8
98.5
111.7
100.1
107.3
93.3
84.6
93
93.9
81.9
86.9
101.2
100.6
87.5
89.2
84.8
80
82.5
84
89.7
94.1
100.7
106.9
114.2
102.7
92.2
100.5
104.65
108.8
109
100.4
103.3
108
106.4
114.8
115.1
112.2
113.2
112.9
101.3
99.2
87.3
80.5
78.3
82.6
79.7
93.5
90.7
92.3
87.7
90
110.9
108.7
116.4
109.3
98.4
104.3
122.8
109.3
101.9
103.7
96.8
82.8
92.3
94
90.9
89.6
85.1
69.5
83.5
83.9
90
75.1
66.7
67
84.6
84.6
101.4
100.6
111.3
110.1
117.9
124.2
131.7
131.7
127.6
117.3
115.7
116.2
117
127.2
115.7
116.5
124.5
102.5
121.1
98.4
96.2
93
88
83.3
90.8
90
83.7
80.2
80.1
79.8
80
83.1
87.2
90.4
93.1
92.6
94.8
93.3
86.7
85.9
85.8
94.5
101.5
114.6
109
113.05
115.075
117.1
103.1
108.8
112.6
124.9
122.8
127.1
132.3
134.5
149.89999
150.2
171.3
169.60001
186.89999
171.8
147
156.89999
180.60001
172.60001
172.89999
186
187.7
175.10001
171.2
182
175.7
175.3
147.2
166.3
172.60001
126.8
122
110.6
105.3
102.5
94.4
99.8
141.2
127.9
132
129.89999
118.6
126
123.6
87.5
92.4
109
91.8
95.8
97.7
90.9
100.3
94.7
97.3
104.8
73.4
81.2
92.2
84.9
66.1
63.8
69.3
58.9
57.3
57.7
55.1
85
67.5
70
70.4
65.7
68
53.5
39.6
44.4
40
35.4
31.1
32.9
35.5
31.6
31.4
32.7
32.6
32.2
33.3
32.9
34
34
33.3
34.6
34.7
35.7
35.7
40.45
42.825
45.2
50.6
50.9
54.3
59.3
69.3
67.4
64.6
65
53.3
52.7
56.4
53.5
54.3
53.2
54.5
54.4
55.5
56.6
61.6
62.8
59
61.2
59
58.4
62.9
68.3
65.4
64.7
60.6
59.3
62.7
58.7
59.9
65.6
65.9
66.4
58.3
59.4
50.4
47
47.4
39
32.2
33.6
30.6
32.6
32.9
39.1
32.9
30.9
32.7
32.2
53
33.8
32.4
34.7
36.8
37.8
32
34.3
30.8
34.7
34.1
34.7
35.8
40.4
40.4
41.2
45.3
48.5
45.6
54.7
59.8
56.6
53.9
53.9
60.2
61.7
76.8
63.3
73.4
54.8
70
66.8
65.5
55.8
52.3
38.5
42.7
42.2
49.4
35
42.8
35.7
32.15
28.6
28.4
26.7
26.4
22.5
21.2
21.4
31.5
32.6
38.7
37.6
40.8
37.7
42.9
43.8
51.4
63.6
71.3
74.3
68.1
69.3
70.1
71.8
76
78.2
66.6
76.1
94.1
88
125.8
93
107.1
112.2
118.8
134.10001
102
114.7
111.9
97
107.7
129.8
96.9
110
95.1
87.3
97.2
84.2
90.2
99.3
106.5
110.2
105.5
105.9
95.6
102.7
114.1
103.4
87.1
94.8
107
105
90.7
112.5
150.10001
119.1
86
80.9
74.8
77.4
68.6
65.4
61
58.7
57.5
55.5
50.5
47.4
49.8
47.5
44.6
43.4
42.1
41.7
41.5
43.1
44
45
45.4
45.8
46.5
47.1
47.2
47
46.8
47.5
47.85
48.2
48.6
49.5
49.5
49.3
48.1
48.1
48.3
47.4
47
48.5
47.4
46.3
43.6
45.1
44.4
41.7
41.5
43
44.1
43.4
43
40.3
40.6
41
40.6
40.4
40.2
40.4
45
49.9
51.6
51.9
51
49.3
46.45
45.025
44.3125
43.95625
43.778125
43.6890625
43.6
45.6
45.3
43
41.1
41.3
40.6
40.2
41.3
41.6
38.3
38.1
40.3
42.3
44.4
48.1
51.1
52.7
51.8
55.2
61.4
65.2
63.4
67.9
68.6
70.1
55.8
56.8
55.1
54.8
51.7
53.4
47.9
42.2
41.6
36.1
37.1
33.5
29.1
26.5
26.9
26.5
26
27.4
25.6
24.7
29.3
29.1
31.7
32.8
31.3
32.7
34.2
35.1
35.55
36
29.9
24.7
28.8
31.9
29.5
29.5
29.7
30.1
32.3
38.8
44.9
47.1
50.3
51.6
50.5
52.4
58
56.8
55.5
55.5
55.3
56.1
57.6
59.4
63.7
61.8
65.7
62.6
65.6
71.8
81.6
63.4
61.2
63.3
63.2
62.7
62.5
65.9
65.1
58.8
57.3
54.9
61.8
56.5
53.6
52.8
54.9
54.5
58.8
60.1
52.7
56.7
54.4
51.6
53.8
60.8
63.1
62.7
56.2
65.1
71.1
76.2
72.8
75.2
85.2
75.1
75.4
72.3
83.7
91.2
71
84.1
66.9
59.3
57.8
50.2
46
42.4
42.1
46.5
49.7
46.5
48.8
46.6
44.9
40.7
41.3
42.6
48.7
45
43.8
52.6
43.9
48
50.05
52.1
56.1
63.4
61.1
61.2
65.2
64.3
68.1
62.8
66.5
72.8
82.3
69.3
67
75.4
74.4
64.6
66.9
70.4
72.8
77.3
87.5
89.4
87.9
83.3
85.8
81.5
82.2
85.5
80.2
82.2
85.1
85.5
79.9
83.1
78.8
99.3
88.2
84.2
84
81.5
83.3
66.9
68.3
78.5
76.6
67
73.6
73.1
79.7
81.5
91.9
94.8
97.8
104.8
102.5
97.4
93.1
86.1
91.8
81.9
86.7
92
83.9
77.9
71.8
84.2
84.2
84.3
81.9
72.6
62.3
57.5
52
49.7
44.7
46.7
49.4
42.5
47.6
43.7
29.8
40.8
38.5
38.9
38.9
35.8
35.5
36.1
34.4
40
41
46
40.6
45.2
47.5
49.8
58.2
47.7
59.5
54.2
56.8
50.9
60.6
58
57.3
56.5
61.8
62.1
55.8
53.9
62.8
56.7
54.2
62.5
66.8
64.3
57.2
73.2
75.7
68
59.9
64.6
67.9
79
64.6
77.9
61.7
65.4
64.6
69.8
64.5
70.8
63
71.9
61.9
63.5
62.8
49.8
54.3
42
62.5
45
49.9
43.8
49
44.4
41.6
47.8
52.8
50.1
33.6
39.4
44.1
50.3
41.5
52.8
68.9
64.7
56.2
74.3
78.9
73
69.1
70
82.8
71.4
61.9
53.2
49.1
44.9
40.8
37.6
31.4
34.4
31.2
26
25.8
34.9
26.5
23.9
27.8
22.9
18.1
15.3
20.6
20.4
17.6
18.7
23.9
24.65
25.025
25.4
21
24.3
27.5
81.2
84.4
93.5
103.1
86.3
74.2
74.5
79.4
85.1
84.7
75.7
79.9
79.7
80.3
86.6
97.5
91.4
88.6
93.9
95.9
100.2
120.8
116
110
102.3
105.5
96.1
91.3
77.9
76.9
75.3
71.4
66.5
67.7
57.8
47
45.1
41.9
38.1
46.4
37
42.1
45.7
39.9
45.1
50.5
52.6
66.3
62.7
60.9
57.1
57.7
60.3
53.7
53
49.7
50.3
48.7
47.3
44.9
45
46.1
51.4
48.7
47.4
49.5
50.6
51.2
49.4
47.2
46.8
46.7
45.5
45.2
45
45.7
45.5
45
44.6
43.8
43.8
44.1
44.2
46.3
45.2
45.4
45.8
46.9
50.3
49.9
48.35
47.575
46.8
47.3
51.5
56
54.1
49.5
49.4
53
56.1
56.4
60.3
61.4
59.4
61.5
65.6
71.7
65.8
78.2
69.5
63.5
66.8
68.3
64.2
65.6
66.8
68.6
64.1
66.2
65.1
62.1
61.1
63.8
66.2
71.5
68.3
64.6
60.5
49.1
49.9
56.9
40.4
38.1
37.8
40.5
43.6
42.3
42
44.5
46.2
50
55.3
60.4
60.5
59.6
57.3
59.9
64.4
59.4
58.5
60.3
61.8
69.8
76.8
86.7
100.5
102.7
100.7
92.6
86.6
79.5
81.8
84.9
72.3
70.1
63.2
62.8
65.9
62
62.2
64.5
64.6
63.4
63
66.5
65.8
64.7
60.2
59.4
56.9
58
61.5
67.2
70.8
65.4
65.6
65.7
65.8
66.1
65.1
70.2
97.4
76.5
74.4
74.7
74.9
75.6
75.6
78.8
76.5
83.2
91.6
93.5
86.4
86
80.4
76.7
78.8
81.9
81.2
80.8
78.1
76.3
74.7
72.7
71.8
70.4
66.7
65.6
65.2
64.1
62.7
59.4
56.5
49.6
48.7
46.6
39.9
40
36.3
29.3
27.8
25
30.5
35.1
43.5
50.2
44.3
42.2
44.7
48
49.4
47.9
48.4
49.4
50
52.2
57.2
60.6
61.6
64.3
64.3
65.1
67.2
64.9
66.2
77.6
62.7
60.9
60.4
57.1
58.2
55.2
53.4
53.4
53.6
54.4
53
53
52
52.3
52.4
51.7
52.2
52.4
52.9
52
51.6
52.6
52.2
52
52.6
52.9
53.2
53.2
53.6
54.5
54.7
56.1
58.2
61.6
60.9
58.3
59.5
60.3
57.6
59
65.2
65.5
66.4
67.1
66.4
64.6
63.4
66.2
66.1
65.6
64.1
63.9
62.7
64
64.6
63.8
63.4
64.4
64.8
62.6
58.6
44.5
34.8
31.2
28.2
26.3
21.4
23.3
19.9
20.6
20.3
21.2
18.9
19.5
17
15.3
15.3
15.7
16.6
15.5
14.5
14.9
15.7
17
24
22.7
27.3
30.8
31.6
31.8
28
23.8
22.5
20.7
34.8
39.1
36.7
34.2
26
18.8
18.3
17.3
13.9
11.2
10.7
14.3
16.9
20.3
19.2
16.7
15.8
19.4
19.2
16
12.4
12.7
14.6
18.8
23.5
29
35.75
39.125
42.5
44
51.2
57.7
60.6
61.6
61.2
62
63.1
62.8
62.2
64.6
66.9
69.9
70.9
74
77.9
79.5
87.9
92.3
97.9
97.2
92.9
93.2
87.3
81.9
76.4
73.1
76.9
80.5
77.4
72.6
71.8
68.4
62.8
58.6
50.4
44.4
35.3
29.6
33
31.5
29
25.8
23.5
20.3
19.1
17.8
20.1
19.3
22.6
27.1
29.8
32.9
32.7
34.5
41.2
49.4
47.9
52.6
54.9
52.8
53.5
55.3
56.8
59.5
61.2
72.6
60.6
63.3
70.2
49.6
47.4
43.1
40.3
33.6
38.5
35.8
36
30.1
39.7
38.8
33.6
38
39.9
38.9
34.9
30.9
40.6
35.5
34.3
32.8
38.5
37.3
44.6
48.25
51.9
60.2
60.7
60.1
60.2
60.3
65.4
55.4
59.6
70.2
66
68.3
62.1
67.1
70
79.1
76.6
73.9
72.1
82.3
78.1
98.5
91.8
96.1
94.4
93
92.6
89.7
91.7
103.9
105.8
100.9
96
84.8
77
76.1
80.9
105.2
96.7
117.8
129.89999
96
85.3
108.4
110.4
96.7
109.6
130.2
130.3
94.4
89.6
102.6
85.1
104
106.5
204.2
96.2
109.1
136.89999
169.10001
161.5
150.2
132.5
124.5
133.10001
126.2
117.2
109.5
105.2
71.4
70.8
83
52.8
48.1
48.6
44.2
41.8
40.5
40.9
39.5
39.1
37.7
35.7
30.9
31.7
33.4
32.4
30.9
30.1
28.6
28.4
26.5
23.8
22.9
29.95
33.475
37
39.9
38.1
37.2
49.9
32.1
26.1
26.5
27.1
27.3
26.7
25.5
28
25.2
21.9
23.4
22.7
27.6
32.4
32.8
34.1
30.7
30.1
28.8
30.1
29.3
31.6
29.1
29
28.8
32.6
29.3
27.2
26.1
24.4
26.7
27.4
22.7
23.8
20.8
20.2
19
18.3
17.3
14.5
11.8
11.6
11.4
12.4
11.8
13.5
13.9
13.7
11.6
11.8
13.1
13.7
13.9
18.3
16.6
16.2
18.9
22.7
24.8
24.4
24.9
27.8
26.1
26.4
27.6
31.2
35.2
36.8
37.3
36.7
36.3
35.6
35.4
34.8
33.8
37.3
40.1
40.5
43.1
46.4
50.5
47.6
48.7
46.6
47.5
49.5
42
45.8
50.9
58.45
62.225
66
69
74.9
72.8
72.3
76.9
84.2
83.6
79.4
88.8
89.2
82.5
89.5
96.7
93.6
93
89.8
97.7
97.5
105.4
112.6
104.9
95.7
101
94.3
88
88.5
89.9
81
79.8
78.8
79
75.8
71
66.4
64.9
60.6
54.5
49.5
44.9
53
59.9
61.7
47.6
42.6
55.6
56
75.4
66.8
73
48.4
43.9
41.3
45.2
47.9
52.1
49.9
62.8
75
68
62.5
63.7
67.1
75.8
62.8
70.9
69.9
76.6
59.1
52.2
54.8
59.9
57.4
45.3
38.8
35.3
32.3
30.3
31.4
28.5
37.6
24.3
26
33.5
35.9
37.7
35.4
27.5
18.5
16.4
18.5
27.3
24.2
23.3
31.6
35.75
39.9
31.9
34.4
41.7
41.9
41.7
46.9
50.6
54.2
55.6
56.6
52.8
56.9
70.4
66.8
62
59.7
54.3
61.3
69.8
62.5
45
22.5
30
42
44.6
46.3
39.1
33
39.4
40.6
49.9
59.3
49.9
50.4
44.5
44.5
52.8
50.3
48.4
46.6
48.2
45.6
46.7
40.3
40.1
54.6
49.1
46.7
50
50.8
47.6
46.3
43.4
44.4
46.1
37.3
43.5
52
39.1
50.8
51
56.7
48.8
50.6
55.6
55.9
62.7
55.8
52.4
44
48.1
54
40.5
36.6
42.5
33
38.8
31.9
24.7
19
21.6
16.5
18.2
19.5
23
14.9
19.7
24.9
20.5
32.9
28
36.6
36.9
45.85
50.325
54.8
46.2
47.4
53.9
45.8
45
47.9
53
43.7
48.6
55.3
48
52.3
53.3
60
55.2
55.5
50
56.9
51
66.8
70.1
75
62.8
58.4
63.1
66.2
61.3
68.2
71.8
75.9
66.4
78.4
73.7
81.8
71
72.3
84.9
74.8
72.6
70.1
76.7
68.9
59.7
65.2
65.1
66.3
59.5
69
56.6
68.4
58.5
59.7
61.5
77.5
62.9
61.8
75.3
72.3
72.6
66.8
54
65.5
65.4
65.2
69.1
51.6
62.4
70.6
72.4
63.2
53.5
60.8
56.6
51.5
43.3
36.1
42
39
39.9
35.5
31.6
29.4
32
31.8
41.8
35.7
50.9
47.1
53.3
47.4
50.3
63.3
63.5
62.8
62.45
62.1
73.3
82.8
81.6
85.8
85.2
93.9
98
92.8
96.3
91.9
93.5
105.5
98.9
100.5
105.1
111.3
126.1
118.6
112.3
121.5
105.4
100.2
87.1
90
84.6
89.6
89.1
92.9
86.8
85.6
71.6
69.6
64.9
56
46.9
45.6
48.1
46
42.5
36.4
31.7
33.1
26.4
20.6
17.9
18.3
16
23.65
27.475
29.3875
30.34375
30.821875
31.0609375
31.3
35
35.4
43.7
55.7
67.2
63.1
63.5
61.7
61
60
55.7
55.6
57.5
55.5
55.5
54.1
55.1
53.5
48.7
45.5
34.6
30.4
25.2
22.5
24.1
21.2
19.3
18.9
17.7
17.5
17.5
16
15.6
17.2
15
12.9
12.4
12.7
11.4
14.85
16.575
18.3
14.1
15.8
20.6
16.4
18.5
43.5
53
56.1
58.4
49.5
55.4
55.1
36.7
39.4
34.9
42.5
51.5
49.1
47.4
51.3
56.6
50.7
50.4
57.7
67.9
67.4
65
55.6
57.9
58.4
67.1
52.8
75.7
57.4
51
57.5
53.8
46.8
41.2
34.4
28.4
37.1
38.1
34.4
42
41.8
42.3
46.4
34
51.3
43.1
45.3
44.9
34.2
41.7
32.6
39.6
32.4
38.3
39.6
42.1
49.9
47.2
49.2
50.1
55.5
54.4
53.3
61.1
54.4
64.6
57.1
78
57.8
47.9
42.9
36
32.1
20.1
22.8
19.9
14.4
18.5
21
23.3
17.7
20
26.2
23.1
16.7
15.8
17.7
18.1
20.35
21.475
22.6
24.9
27.8
29
25.1
34.4
31.9
43.9
40.9
41.8
33.6
47.5
65.7
72.3
63.3
56.8
59.8
61.5
57.4
64.9
75
82.1
93.2
99.2
80.9
68.3
76.7
108.3
105.3
110.7
92.3
97.2
102.2
80.4
118
99.3
105
96
75.2
82.2
69.7
77.7
60.1
65.8
85.4
47.8
76.4
58.5
67
59.6
70.4
48.2
59.7
62.3
72.2
64.9
71
67.1
76
73.6
67.6
59.9
74.5
86.3
71
87.2
93.5
84.5
100.7
96.6
84.5
114.8
118.8
94.1
90.2
87.8
78.5
89.2
71.7
65.8
59.1
65.1
55.3
67.1
54.9
57.5
50.6
57.1
50.5
51.4
56.3
52.1
46
48
49.35
50.025
50.7
44.9
47.8
52.8
48.7
58.3
55.6
54.6
52.4
50.8
59.2
58.6
53.9
68.6
65.9
61.6
53.3
52.3
51.6
68.4
56.7
58.1
64.9
68.2
56.9
61.6
64.5
65.7
60.6
52.7
58.6
54.4
49.7
45.8
41.1
42.7
37.5
39.3
30.6
29.2
23.5
28.6
24.3
29.7
28.1
23.6
22.6
22.8
26.1
26.9
34.3
28.8
27.3
30.2
21.2
28
20.9
20.5
20.8
25.7
23.1
22.9
19.2
15.1
17.7
13.2
15.3
17.1
16.7
17.5
13.6
15.2
13.8
13.8
10.9
14.5
13
10.7
10.1
11.9
11.1
13.2
13.2
10.7
10.7
12.2
10.5
12.1
14
13.8
14.8
14.4
14.4
16.1
22.75
26.075
29.4
21.6
20.9
24.3
26.5
33.7
31.4
30.8
27.1
28.4
36
30.4
28.7
36.5
39.7
35.3
35.3
42
43.2
40.8
53.5
54.8
47.1
55
63.5
58.4
61.7
53
66.7
51.3
61.5
52.5
51.6
54.6
48.5
56.1
57.4
63.4
52.9
55.2
56.5
44.6
64.8
55.7
50.8
60.2
45.2
64.4
53.2
57.6
69.5
64.2
57.9
56.8
64.6
62.5
67.9
70.2
73.6
69
71.5
77
72.6
69.7
71.5
65
86.6
78.7
86.2
87
78.9
76
74.8
73
70.1
56.5
47.5
49.9
53.7
43.9
39.6
41.9
43.9
42.7
41.1
37.4
33.3
31.8
35.1
37.1
48
54.2
53.1
52.8
53.85
54.375
54.9
60
50.7
61.3
61.8
80
74.7
69
62.9
62.7
64
68.3
74.3
67.6
65.9
69.1
81
81.5
70.2
69.3
75.5
81.9
83.8
74.8
78.6
73.7
73.1
71.3
78.3
87.7
86.2
73.3
79.6
76.7
89.8
77
65.8
63
47.6
51.6
34.1
28.5
23.3
34.3
45.6
50.9
37.9
58.7
45.5
33.8
33.1
50
39.2
55.4
69.6
59.2
66.1
61.7
67.5
75.9
69.2
69.7
64.2
69
85.9
92.9
96
98.5
74.6
79.8
76.9
80.3
77.1
80
61.8
70.2
66.6
64.8
61
46.5
49
49.2
38.6
40.8
46
45.1
49.1
52.7
58.4
49.9
49.6
48.4
65
55.8
47
42.6
38.2
58.6
62.2
70.4
52.3
55.3
42.9
39.8
38.1
45.3
38.3
34.2
36.8
47
34.6
34.4
40.3
38.6
43.4
42.5
42.6
40.7
40.5
37.2
50.5
52.2
51.9
47.8
53.3
50.8
50
59.6
56.5
46.3
46.3
49.3
48.8
37.5
36.5
38.5
49.3
31.3
39
34.5
34.2
36.5
40.4
30.4
28.5
30
27.1
26.3
33.2
34.1
25.5
31.6
26.5
33.2
40.4
39.7
28.5
34.9
33.4
35.9
36.7
30.1
37.1
28.1
30.9
31.8
35
33.9
36.4
31.1
30.6
35
23.4
16
15.6
14.4
11.3
11.5
12.1
12.1
9.3
11.7
12.3
9.3
8.9
13.3
10.9
12.3
11.7
12.9
12.5
12.3
12.1
12.1
19.4
24.3
33.7
42.9
54.5
54.9
59.9
62
55.8
55.3
74.8
79.3
67.3
82
89.8
90.1
75.6
84.2
90.7
84.5
90
87.1
87.5
74.3
87.9
73.4
64.6
69.5
86.8
93.4
108
86.4
89
87.2
61.5
43.8
56.6
45.4
48.2
39.4
50.1
56.2
43.2
43.8
55.3
55
42.3
54.9
64.6
64.8
55.8
71.1
50.3
68.6
63.3
71.3
75
80
77.5
87.8
97
96.7
104.2
95
102.4
105.2
98.9
94.3
94.4
96.5
92.9
105.1
91.5
100.2
79.6
67.5
67.3
54.6
50.3
49.8
44.5
53.3
42.9
41
42.1
42
38.3
42.9
43.1
44.1
47
46.5
45.55
45.075
44.6
50.5
47.3
47.3
49.6
50.6
54.2
55.1
56.7
58.9
56
60.9
62.7
58.7
63.8
58.4
60.8
62.5
61.4
63.6
62.8
68.2
63.4
70.6
67.4
70.4
71.8
74.5
63.4
59.8
68.9
77.4
67.1
55.3
74.4
75.8
61.8
58.5
57.4
69.2
71.1
53.4
57.25
59.175
60.1375
61.1
58
53.8
49.6
50.6
53.3
48.8
42
47.7
48
53.8
53.8
50.5
80.5
49.3
59.2
63.4
54.7
53.1
56.9
60.5
57.3
67.5
61.6
62
62.5
68.3
64.4
71.2
62.7
63.4
67.1
64.2
65.9
58.7
61.9
49.4
52.1
51.3
59.3
62.8
58.7
56.2
54.9
57.4
58.1
56.2
55.6
55.6
55.55
55.525
55.5
51.2
55.5
57.7
56.8
60.3
64.3
61.6
62.8
63.8
62.6
59.1
58.5
57.2
58.4
60.8
61.5
63.3
64.3
67.7
67.1
66.8
65.2
63.2
66.8
64.4
63.9
68.2
68.4
61.3
62.4
59.5
57.8
50.9
46.2
47.1
50.4
61.2
61.1
40.5
42
99.9
92.5
97.3
91.5
92.9
74.9
71.7
76.2
98.1
92.6
73.4
86.5
84.2
84.7
73.9
73.7
69.3
70.6
60.8
62.9
75.9
93.1
87.8
87.1
89.3
88.5
86
67.6
90.4
77.1
73.9
77.7
84.8
71.7
66.5
63.7
56.7
43.9
41.5
42
41.3
37.7
35.1
36.8
40.5
39.9
40.8
40.8
39.4
48.9
46.2
45.2
43.6
44.9
45.55
46.2
50.4
57.7
61
54.2
54.5
49.4
57.8
67.5
65.5
58
66.6
64.6
64.6
72.2
68.1
70.9
66.4
65.6
70.7
75.4
83
76.7
73.4
70.5
77.9
71.2
72.4
81.6
79.5
77.9
64.5
65.9
70.1
60.7
54.9
60.2
69.6
58.9
63.5
42.6
48.7
43.3
48
38.9
34.4
40.7
39
40.2
37.9
42.1
33.3
34.1
33.5
34.4
38.8
33
30.9
36.8
37.4
46.6
41
46.4
45.8
44.9
30.3
29.5
30.2
32.6
37
39.7
38.6
39.4
40
38.9
40.7
39.2
39.1
40.3
39
39.3
39.1
38.7
39.5
38.2
38.2
38.4
38.4
39.6
39
39
39.2
40.3
40.1
42.05
43.025
44
46.8
47.3
50.1
50.8
50.7
50.3
54
54
50.9
49.4
50.8
54.4
54.6
54.9
56.8
61.4
62.4
67.8
68.1
69.6
72.7
78.5
86.1
76.8
74.1
78.9
72.5
76.6
87.3
91.5
94.4
90.7
86.5
71.5
74.1
74
56.9
64
43.1
46.9
56.6
68.8
77.1
79.1
87.3
79.6
64.5
68.9
60.5
57.7
57.2
69.2
76.8
71.7
66.1
65
61.5
67.5
58.8
56.5
55.6
52.3
49.3
44.1
47.4
46.6
47.3
47.5
47.1
44
38.1
35.2
31.9
30.8
29.3
31
34.8
37.2
28.1
27
31.5
27.1
19.1
19.8
23.7
24.1
23.4
24
15.5
14.6
14
14.2
14.6
14.9
15.05
15.2
18.4
19.9
16.9
19.5
21.9
24.9
26.2
29.5
37.8
34.2
21.4
23.2
22.7
25.7
26
26.6
31.2
26.5
38
28.5
32.1
25.3
46.9
22.2
27.4
27.2
27
31.9
33.8
34.3
43.1
39.2
31
31.7
29.2
30.3
22.2
29.9
29.9
25.1
25
23.8
23.9
28.6
28.6
27.2
20.9
34.9
28.6
33.8
29.2
22.8
28.9
25.4
23.85
23.075
22.6875
22.49375
22.396875
22.3484375
22.3
23.3
24.6
23.1
23.2
25.6
26.9
30.6
30.3
34.4
32.7
33.2
46.2
45.1
37.5
34.7
34.1
36
30.4
23.6
21.9
26.8
23.6
15.8
12.2
11.1
12.4
11.3
9.8
9.8
12.4
10.5
6.6
9.5
10.95
12.4
13.1
14.1
14.1
13.7
13
12.4
14.8
20.8
20.5
18.5
13
14.3
14.5
16.3
14.3
13.3
14.7
14.3
14.9
13.4
21.8
23.8
19
23.7
26.1
22.5
28.5
34
34.4
36.8
41.4
35.7
35.1
32.9
30.3
26.3
29.9
30.7
25
25.2
28.8
23.4
23.2
21.6
23.2
20.7
22.1
23
22.4
31.1
24.5
22.4
20.6
20.8
21.2
19.4
20.5
18.9
19.6
23.6
28.1
31.8
32.2
28.2
24.8
31.3
31.3
29.9
30.4
29.3
30
33.1
42.4
36.9
50.1
69.5
82.1
73.5
64
60.7
64.3
60.3
57.3
51.2
45.4
45.3
46.7
44.2
44.7
45.9
45.4
42.6
43
43.15
43.225
43.3
43.1
50.6
48.3
52.2
47
49.4
53.5
50.9
53.6
46.5
42.9
44
49.5
54.1
54.1
48.5
55.8
52.8
52
47.4
62.9
63.2
60.7
53.5
61.2
59.3
69.3
64.5
68
81.9
78.1
73.2
70.3
70.3
81.2
71.8
69.3
82.5
70.9
91.2
88.1
74.1
63.9
53.2
52.3
57.8
57.9
58.5
51.3
60.2
51.3
47.2
56.3
46.9
47.6
52.3
57.2
56.3
55.7
60.9
47.6
52.9
55.4
50.9
55.1
65.4
54.5
75.3
69.5
79.9
82.5
68.5
77.1
93.5
71.1
78.8
73
70.1
71.8
65.1
53.6
44.3
43
42.2
40.2
47.6
38.6
34.3
38.9
38
28.3
29.9
38.8
36
34.6
33.2
44.8
32.7
36.8
42.6
41.6
46.6
56.7
56.1
43.3
43.4
54.9
51.7
44.3
46.9
53.2
51.7
58.2
54.5
56.8
50.7
62
58
48.7
68.5
54.1
60.1
67.2
65
60.1
51.6
60.1
52.8
52.5
68.1
75.4
58.5
60.1
52
62.6
55.8
85.9
49.8
57.7
66.6
59.2
56.3
61.2
67
55.7
63.5
61.5
77.3
54.5
52.7
60.8
57.8
57.6
57.3
59.4
60.6
70.7
65.7
84.1
91.9
83.7
67.4
92.7
107.9
104.7
98.8
86.4
84.3
92.3
103.5
88.1
95.9
94.1
108.2
86.5
81.2
85.6
87.6
70.1
65.1
64.9
57.1
60.4
57.8
63.9
55.1
51.7
47.8
49.1
51.15
52.175
53.2
51.1
43.1
53.4
59.8
55.5
54.1
51.2
43
47.2
48.9
46.5
47.6
62.3
67.3
58.9
62.3
63.8
82.5
87.4
92
95.5
101.9
107.5
117.9
117.1
117.2
109.6
108.5
107
101.3
85
80.5
84.7
93.1
90.5
78.1
79.3
85.3
58.4
81.5
73.3
79.1
97.9
77.2
82.4
100.5
69.4
78.5
62.7
57.4
57
65.2
59.9
58.8
61.1
59.4
67.4
65.3
73
61.6
57.7
65.2
63.4
62.8
78
73.6
87.7
83.3
106.2
91.9
71.2
69.1
69.9
68.4
71.6
85.8
72.6
80.3
79.3
55
46.1
49.8
51.1
51.2
52.6
58.6
58
57.8
56.6
58.2
57
55.7
55.6
58.15
59.425
60.7
60.3
63.6
67.5
62.7
59.7
60.8
61.3
57
69.6
74.3
76.9
85.7
78.7
76.6
77.1
74.9
86.5
75.9
74.4
70.6
69.4
83
84.6
70.8
65.2
66.1
74.5
60.3
52.8
69.4
59
58.4
53.2
62
59.3
51.6
43.9
52.4
49.8
37.4
56
44.5
51.2
48.3
51.7
39.9
41.8
42.3
50.2
46
57.8
47.5
46.5
50.7
45
43.2
53.2
48.1
60.6
71.7
66.9
66.3
63.4
55.75
51.925
50.0125
49.05625
48.578125
48.3390625
48.21953125
48.159765625
48.1298828125
48.11494140625
48.107470703125
48.1037353515625
48.1018676757812
48.1009338378906
48.1004669189453
48.1002334594727
48.1001167297363
48.1000583648682
48.1000291824341
48.100014591217
48.1000072956085
48.1000036478043
48.1000018239021
48.1000009119511
48.1000004559755
48.1000002279878
48.1000001139939
48.1000000569969
48.1000000284985
48.1000000142492
48.1000000071246
48.1000000035623
48.1000000017812
48.1000000008906
48.1000000004453
48.1000000002226
48.1000000001113
48.1000000000557
48.1000000000278
48.1000000000139
48.100000000007
48.1000000000035
48.1000000000017
48.1000000000009
48.1000000000004
48.1000000000002
48.1000000000001
48.1000000000001
48.1
48.1
48.1
48.1
48.1
48.1
48.1
48.1
48.1
48.1
48.1
48.1
48.1
48.1
48.1
48.1
48.1
48.1
48.1
48.1
48.1
48.1
48.1
48.1
48.1
48.1
48.1
48.1
48.1
48.1
48.1
48.1
48.1
48.1
48.1
48.1
48.1
48.1
48.1
48.1
48.1
48.1
48.1
48.1
48.1
47.7
53.4
46.1
56.3
48.8
54.1
52.1
52.8
48
62.7
77.6
67.9
68.2
72.7
66.7
69.6
67.7
64.1
70.5
56.6
65.2
64.9
60.4
56.7
60.1
60.5
57.6
54.9
55
53.1
56.8
58.5
62.6
65.9
67.55
69.2
69.1
70.6
75.1
81
78.9
68.7
81.9
75.5
71.9
76.8
74.7
80.1
79.9
69.9
79.1
89.4
81.2
87.2
91
78.4
78.5
75
78.1
73.1
74.8
79.7
69.6
80.9
75
90.2
78.7
92.7
95.7
88.2
86.4
99.4
85.6
85.1
105.1
116.5
94
108
102.2
110.3
108.3
92.1
91.7
91
104.4
91.6
61.5
71
52.9
53
49.6
31.7
52.2
43.7
46.6
40
37.3
40
40.8
46.7
53.4
55.7
72
69
78.5
88.6
80.9
79.5
79.9
82.9
73.1
69.4
65
57.6
57.7
57.2
53.6
55.1
55.2
56
60.5
54.1
54
53.4
52
53
52
58.5
51.4
51.35
51.325
51.3
49.6
51.6
52.3
52.2
54.8
57.6
59.2
64.3
60.7
67.7
67.6
74.5
66
80
89.3
78.1
79.1
76.3
82.9
82
83.3
82.9
79.2
85.1
83.3
90.2
83.3
87.7
98.3
85.6
91.1
101.6
92.2
93.7
95.2
106.1
105.9
109
115.1
91.4
86.9
72.5
75.4
74
76
73.2
72.3
76.5
80
94.6
79.4
94.4
84
85.8
75.1
77
74.2
80.2
74.4
71.5
68.7
80.3
65.2
66.6
71.7
78.9
75.6
59.1
52.9
40.5
49
46
41.1
37.9
40.2
42.4
38.4
37
37
36
35
34.1
30.3
25.4
18.2
18
19.5
18.9
18.2
18.9
18.9
21.8
22.7
20.55
19.475
18.4
23.1
30.3
30.1
32.9
37.1
34.4
31.2
39
42.6
42.8
46.6
48.5
50.7
53.3
55
53.1
54.6
58
61.8
60.7
56
57.2
59.7
64
65.3
61
62.1
53
42.1
36.8
34.5
30.7
27.1
24.5
24.7
23.4
22
19.6
21.1
25.5
22.8
24.7
24
23.8
29.6
28.8
32.2
30.6
30.5
28.8
30.1
23.4
20.8
22.7
24.4
26.7
28
26.6
29.9
29.1
38.1
42.2
44.1
47
46.4
47.5
46.7
47.2
47.4
52
56.1
55.7
58.3
57.2
54.4
56.5
54.6
50
45.8
39.1
34.1
30.7
31.3
24.8
28.1
30.7
29
25.2
23.3
23.9
27.3
29.8
27.1
22.1
19.6
17.1
18.8
19.2
21.6
32
42.5
40.8
41.6
46.1
47.8
49.6
53.2
54.9
55.7
55.9
56
57.3
58.1
59.8
62.6
62
61
64.6
64.2
64.4
68.5
66.5
57
47.1
38.4
28.7
19
17.7
19
17.5
19.1
24.6
15.9
17.1
14.7
18.4
18
16.1
15.3
17.6
19.5
18.9
12.8
15.9
23.7
17.3
20.7
21.8
31.5
25.4
28.3
33.8
43.8
39.2
38.2
41.1
40.4
48.2
49
44.4
45
48.9
52.4
56.9
60.2
55.9
57.8
59.3
58.8
55.1
53.9
53.7
53
45.8
43.3
42.2
41.4
38.1
37
36.3
36.6
35
35.1
39.1
40.8
41.2
43.2
40.5
42.1
43.65
44.425
45.2
45.8
46.4
49.7
49.5
49.5
47.9
49.5
51.1
54.8
55.1
54.3
54.2
50.4
54.6
61
61.8
63.4
65.8
60.8
61.9
57.9
53.3
59.5
64.6
57.5
57.6
57
60.8
65.7
69.2
64.9
55.6
43
33.7
32.5
27.4
22.7
21.9
27.7
17.7
14.7
14.9
17.6
15.9
15.5
14.5
11.9
15.9
11.5
17.6
19.9
21.1
25.7
27.5
25
31.4
30.5
34.8
42.3
51.6
52.7
57.4
59.2
59.6
58.3
56
66.4
66.8
53.5
57.7
58.2
56.3
54.7
58.6
60.5
60.8
51.4
41.6
41.7
43
42.2
37.4
39.2
43.6
45.5
47.9
51.6
48.7
46
51.5
48.4
46.7
47.8
50.6
52
53.4
49.4
50.4
51.6
69
63.5
71.7
74.1
67.1
73.2
71.1
79.8
81.3
86.8
88
94.8
92.1
85.5
80.2
75.6
80.3
79
79.4
88.8
73.8
61.4
58.2
56.1
45.6
41.7
40
45.6
41.8
54
68.6
58.8
73.4
75.7
69.8
67.9
68.9
59.9
90.7
49
86.9
53.5
72.3
55.1
59.1
62.7
66.4
71.1
63.9
71.3
60.6
64.3
64.8
64.3
68.5
62.8
49.4
66.4
74.5
74.6
65.9
67.5
65.3
70.2
69.8
80.8
113.8
88.4
81
69.3
82.7
81.6
65.6
73.4
61.6
56.5
68
66.6
69.8
49.6
45.8
48.4
50.2
50.4
53.9
53.8
50.4
51.7
53.9
52.8
55.95
57.525
59.1
59.2
62.1
58.4
57.6
59.5
68.4
69.3
74.8
72.2
67.7
73.4
72.7
68.2
74.7
74.4
68
64.9
68.8
66.9
73.9
79.1
78.6
73.6
77.9
54.5
60.7
50
37.2
30.7
34.1
26
28.7
30
26.1
24.9
31.2
21.5
22.9
20
19.8
19
19.4
19
22.1
17.4
20.1
25.7
18.3
24.6
21.9
20.8
22
28.5
20.2
21.2
37.6
35.1
34.4
41.1
38.3
36.1
32.8
42.4
40.5
36.1
35.7
39.3
46.4
48.6
48.3
56.2
62.6
60.6
57.3
60.3
63.9
57
58.2
56.7
58.3
58.1
66.6
63.3
65.9
61.8
62.2
68
68.3
66.9
65.3
65.9
66.5
65
68.55
70.325
72.1
73.3
68.8
65.9
67
66.2
64.7
65.7
67.1
64.8
62.4
64.6
65.8
68.6
68.7
69.7
70.2
74.7
75.1
77.7
77.1
71.8
62.8
63.2
71
73.1
65.6
38.8
25.6
23.9
17.6
18.4
20.5
18.8
15
15
15.6
16
12.6
13.7
21.6
14.6
14.2
9.7
16.4
7.3
8.3
8.1
9.3
10.5
10.5
11.9
8.6
8.5
8.3
9.9
12.3
14.3
14.3
14.5
15.5
19.3
19.3
20.1
20.3
23.3
27.7
33.4
32.3
32.4
32.8
33.9
37.8
39.6
40.7
38.6
36.4
35.5
37.3
41.7
42.8
43.6
43.2
40.4
35.7
31.5
27.8
26.4
24.6
22.1
20.9
19.9
19.5
19.3
28.45
33.025
37.6
36.3
34.3
26.8
27.4
32.5
28.2
19.7
17.3
15.5
16.7
17.5
18.9
21.3
21.9
22.8
24.4
24.8
27
23.7
18.9
19.5
19.3
16.7
14.4
15
19.9
15.6
17.6
17.7
15.2
14.4
14.6
14.4
12.2
10.9
11.1
11.3
9.1
10.8
9.9
7.3
8.3
6.9
7.7
6.9
12.3
10.5
8.1
12.3
10.5
11.1
8.3
8.5
9.3
9.7
11.7
10.7
9.5
9.1
10.3
10.3
8.3
10.3
12.1
11.9
14.1
13.4
14.8
17.4
16.8
17.2
15.8
15
15
14.6
14
12.4
11
9.8
7.6
7
7
6.5
7.3
6.3
5.7
5.8
5.4
4.9
4.5
5.4
4.7
4.7
4.8
4.85
4.9
4.5
3.7
4.5
6
8
4.9
6.2
6.6
7.4
9.2
9.8
7.8
8.6
12.2
14.6
16.9
27
35.6
35.9
35
31.1
25.1
29.9
29.7
25.1
22.3
24.6
23.8
31.3
48.1
56.2
71.3
62.4
67.2
62.1
56.7
40.3
53
56.5
51.3
59
58
63.4
56.6
64.6
65.8
61.4
53.6
62.8
56.7
61.2
55.8
54.5
59.1
49
43.7
58.5
53.6
51.5
54.2
46.1
51.4
56.6
67.8
87.4
62.1
67.2
62.8
64
65.9
59.5
68.4
78.4
60.6
65.3
66.8
53
64.2
60.4
62.8
54.9
47.1
37.8
40.9
42.1
46.2
48.3
52.6
49.3
49.3
51.3
41.6
39.4
42.6
44.2
45.8
45.4
39.3
40.5
50.7
59.6
60.7
59.3
63.6
62.7
62.4
64.5
80
60.5
57.1
44.3
46.1
49.5
49.5
51.1
56.2
60.5
60.4
63.6
69.7
68.3
69
75.4
75.6
75.2
61.8
73.5
60.7
59
63.2
62.8
63.9
66.6
61.4
53.6
56.3
49.3
64.1
56.7
60.4
52
59.3
46.9
54.6
63.5
64.1
63.7
70.4
75.6
78.2
79.5
80.15
80.8
54.3
43.7
73.7
60.8
56.6
63.1
67
67.5
60.5
55.6
60.7
63.9
67.6
66.8
70.9
75.5
69.5
64.9
60.8
57.1
42.5
42.5
46.6
51.6
45.1
32.4
42.7
33.3
25.3
26.6
22.2
24.8
25.4
28.1
28.9
38
34.15
32.225
30.3
34.5
44.7
46.6
50.3
42.8
47.1
57.7
53.2
51.4
51.7
44.2
58.6
55.9
62.5
82.8
69.9
70.3
61.1
68.8
66.3
54.2
68.1
66.3
61.5
69.9
78.2
66
55.2
76.4
77.9
65.3
80.1
94.9
79.3
67
64.8
76
75.6
72.9
76.3
58.9
72.8
73.2
85.4
83
74.3
52.3
65.4
62.7
63.3
50.8
62.7
53.4
49.9
60.1
76.5
81.8
76.4
77.8
92.9
75.7
68.3
91.9
93.6
100
109.6
102.1
91.5
86.7
92.6
71.1
59
58.1
58.9
61.4
45.7
37.4
35.8
35.6
37.8
39.8
35.5
34.2
34.6
34.6
36.4
34.4
37.7
38.5
41.4
39.6
39.4
39
43.3
45.45
47.6
50.6
51.3
52.5
54.5
55.8
58.8
65.6
61.5
62.6
65.4
65.9
63.3
68.6
64.1
65.5
77
70
67.7
72.5
90.8
78
76.1
87.5
78.5
84.6
83.9
79.7
67.5
81.8
73.6
74.2
81.9
70.2
68.9
45.7
50.2
37.2
55.7
21.7
45
40.3
22.4
15.2
17.8
17.3
15.8
22
22.8
19.4
22.6
16.5
20.6
19
17.6
19.6
20.6
21.1
21.35
21.475
21.5375
21.56875
21.584375
21.5921875
21.59609375
21.598046875
21.5990234375
21.59951171875
21.599755859375
21.5998779296875
21.5999389648438
21.5999694824219
21.5999847412109
21.5999923706055
21.5999961853027
21.5999980926514
21.5999990463257
21.5999995231628
21.5999997615814
21.5999998807907
21.5999999403954
21.5999999701977
21.5999999850988
21.5999999925494
21.5999999962747
21.5999999981374
21.5999999990687
21.5999999995343
21.5999999997672
21.5999999998836
21.5999999999418
21.5999999999709
21.5999999999854
21.5999999999927
21.5999999999964
21.5999999999982
21.5999999999991
21.5999999999995
21.5999999999998
21.5999999999999
21.5999999999999
21.6
21.6
21.6
21.6
21.6
21.6
21.6
21.6
21.6
21.6
21.6
21.6
21.6
21.6
21.6
21.6
21.6
21.6
21.6
21.6
21.6
21.6
21.6
21.6
21.6
21.6
21.6
21.6
21.6
21.6
21.6
21.6
21.6
21.6
21.6
21.6
21.6
21.6
21.6
21.6
21.6
21.6
21.6
21.6
21.6
21.6
21.6
21.6
21.6
21.6
21.6
21.6
21.6
21.6
21.6
21.6
21.6
21.6
21.6
21.6
21.6
21.6
21.6
21.6
21.6
21.6
21.6
21.6
21.6
21.6
21.6
21.6
21.6
21.6
21.6
21.6
21.6
21.6
21.6
21.6
21.6
21.6
21.6
21.6
21.6
21.6
21.6
21.6
21.6
21.6
21.6
21.6
21.6
21.6
21.6
21.6
21.6
21.6
21.6
21.6
21.6
21.6
21.6
21.6
21.6
21.6
21.6
21.6
21.6
21.6
21.6
21.6
21.6
21.6
21.6
21.6
21.6
21.6
21.6
21.6
21.6
21.6
21.6
21.6
21.6
21.6
21.6
21.6
21.6
21.6
21.6
21.6
21.6
21.6
32.5
20.2
19.7
22.7
22.6
31.6
34.3
30.8
49.6
38.9
56.7
37.5
42
29.7
30.3
27.6
25.6
31.2
34.7
36.5
27.4
30.1
38.3
44.8
42.3
30.6
29.5
31
35.1
27.4
30.3
29.6
41.7
27.8
19
17.4
29
49.6
27.6
27.8
27.7
43.3
39.7
41.4
29
38.9
35.5
28.2
27.2
40.5
47.4
53.15
56.025
58.9
62.3
61.4
62.9
66
65.5
69.6
73.9
75.4
80.7
80.7
91
90.6
96.1
92.1
94.5
102.1
106.1
101.3
104.6
114.9
126.6
125.3
127.2
119.2
120.1
113.7
87.7
99
95.1
69.6
66.8
65.2
63.6
60.3
49.5
75
78.9
96.8
124.4
126
115.7
106.8
79.3
115.8
76.8
86.6
96.8
83.2
64.4
55
50.3
47.95
46.775
46.1875
45.89375
45.746875
45.6
89.8
65.2
51.8
79.9
52
49.8
61.5
64.5
66.7
63.5
74.4
71.3
63.7
71.8
76
79
65
60.1
58.4
55.5
58.2
57
57.6
57.6
53.2
55
54.4
54.8
56.4
58.7
61.7
65.7
71.2
76.3
63.5
71.9
71.05
70.625
70.2
74.5
73.3
77.3
81.9
75.4
77.9
76.9
82.7
83.1
96.7
86.4
78.9
83.1
100.1
89.9
78.1
90.9
86.6
89.3
68.7
88.5
76
71.5
83.2
87.8
74.9
71.1
77.1
76.2
68.4
63.6
87.3
73.4
82
67.9
51.5
60.2
57.2
48.8
88.8
62.9
55.9
58.3
62.3
57.8
55.2
57
54.3
54.3
54.8
60.1
59.2
55.2
49.8
39.7
42.7
63.9
53.6
50.2
43.2
57.4
51.2
55.7
55.6
54.4
70.4
77.4
68.5
64
50.4
69.1
70
91.8
76.5
81.1
69.3
77.5
75.9
52.6
45.3
46.3
42.1
40.3
31.1
29.2
29.4
39.9
28.3
30.9
29.3
38.1
35.1
38.3
38.1
38
37.9
48.2
46.5
51.1
52.1
63.8
55.4
53.7
55.7
58.8
46.3
49.6
50.2
53.5
50.1
44.8
49.4
55.4
47.6
42.7
47.1
42.3
43.9
63.5
80
50.7
52.9
52.5
65.6
62.1
79.3
83.4
55.3
57.9
64.5
65.4
68
84
64.9
78.9
75
56.3
97.5
73.9
86
70.3
72.9
91.7
61.9
80.8
67.1
84.2
51.5
72.7
72.2
71.2
74.1
73.1
78.5
74.5
129.39999
81.3
75.4
87.2
75.4
85.8
97.9
76.3
87
63.9
72.6
60.8
68.9
82.2
80.1
79.9
94.8
75.4
81.7
62.1
57.6
58
45.9
55.2
60.7
61.5
54.9
59.2
53.2
54.4
65.5
57.7
61.5
63.2
73.2
78.2
83.2
73
81.7
83.9
84.9
80.4
85
83
87.9
92.8
89.9
83.5
92.2
79.4
88.7
92.3
89.6
90.5
88.3
88.2
95.7
91
82.8
89.3
96.8
87.5
95.5
107
98.4
101.3
107.6
88.9
94.3
89.9
88.4
90.2
96.8
127.8
96.8
100.2
100.1
94.1
94.2
88.6
92.4
94.5
83.8
90.3
66.7
80.6
77.5
92.3
95.9
70.8
56.7
75.7
69.2
64.1
61.6
94.9
82.5
81
56.9
60.7
64.6
62.1
68.3
57.5
55
60.6
51
49.7
49.1
55.4
44.9
42.9
48.1
68.3
46.6
42.8
37.2
40.5
38
35.1
37.4
36.4
34.5
36.2
37
39.1
42.2
37.6
40.1
40.6
42.05
42.775
43.5
46.8
47
47.5
54.4
50.8
50.8
54.1
63.1
64.8
56.2
61.9
50.4
47.5
49.7
50.6
57.7
61
55.8
67.1
63.5
53.5
64.4
61.3
59.8
61
58.5
56
63.1
58.9
51
47.7
54.3
61
63.3
59.4
64.4
57.3
51
60.4
54.4
52.9
72.3
59.8
58.7
51.8
61.3
59.2
49.3
50.2
58.7
68.4
61.2
44.5
71.3
41.6
31.6
58.5
46.8
75.3
54.1
65.6
81.7
69.4
43.7
44.9
45.4
44.5
52.1
47.5
44.5
48.4
46
53.8
45.2
46.3
45.3
38.9
34.6
40.8
53
36.1
26.3
30
43.8
29.9
23
19.3
22.2
25
26.7
30.6
42.8
27.7
30.15
31.375
32.6
34.7
38.6
36.5
38.4
44.7
44.5
39.6
64.8
51.7
52.9
29.2
39.9
44.4
71.8
53
51
60.6
46.6
40.9
63.2
58.4
65
63.3
89.8
63.5
66.4
51.1
59.1
48.4
45.6
53.2
45.6
54.5
59
62.4
57.8
57.5
47.9
49.3
47.1
48.7
45.4
53.5
57.5
56.4
52.3
46.8
45.5
44.5
42.9
43.9
54.1
54.6
60.1
48.4
57.7
55.4
58.8
53.6
45.5
43.6
43.1
48.9
47.3
44.5
36.8
34.3
28.4
24.8
27.3
21
21.6
24.9
23.3
22.4
24
27
25.7
24.7
24.3
17.4
18.2
16.8
19.9
23.8
24.7
23.4
27.8
37.2
34.5
35.1
32.8
34.2
38.8
41.1
43.4
41.2
34.9
38.2
38.3
32.4
32.6
34.9
33.3
42.6
42.8
32.9
33.7
34.5
34.7
34.9
31.4
32
32.4
49
46.5
47.4
59
57.2
75
70.5
55.2
58.9
59
68.1
52.1
52
63.2
51.2
50.9
41.9
48.3
51.9
44.6
46
54
50.3
47.5
50.6
49.8
48
54.4
47.2
51.4
45.2
59.2
58.9
51.7
54.6
49.6
47
41.3
41.7
61.4
60.1
49.2
43.8
47.1
41.5
43.5
27.9
27.1
23.5
17.8
17.2
16.4
15.5
28.3
20.1
31.5
47.2
51.8
45.2
45.2
42.5
34.4
24.6
22.1
27.7
25.7
18.8
18.2
24.9
30.1
29.6
33.4
31.3
29.5
26.9
28.1
28.7
29.3
21.4
18.5
18.9
34.9
34.9
33.3
32.3
34.7
44.2
49.4
52.1
46.4
44.3
45.3
44.3
45.5
46.7
46.3
45.4
44.7
47.6
45.2
49
43.1
41.5
42.7
42.2
41.8
42.9
42.4
40.1
39.5
34.1
36.2
38.2
38.7
38.5
38.8
36
31.8
32.2
39.5
38.3
37.2
33.6
29.2
26.3
28
28.9
30.3
29.4
31.2
31.7
31
31.2
32.2
32.2
32.7
36.9
29.4
26.8
26.6
27.1
25.4
26.8
25.6
32.9
36
29.2
31.1
30.1
23.8
21.6
28.2
25.2
22.3
14.8
10.1
14.8
10.3
10.1
9.1
11
10.3
11.3
13.6
17.4
18.3
17.8
17.4
18.5
24.9
29.2
41.1
47.05
53
55.1
73.4
86.5
87.8
91.5
100.8
96
85.8
99.9
82
82.7
76.6
91.2
105.9
96.9
98.4
89.4
67.1
82.8
86.5
78.1
97.4
106
86.8
126.3
103.3
108.3
88.6
97.3
101.5
110.4
89.8
96.8
107.3
112.8
98.4
112.7
57.5
61.7
36.8
86.8
113.6
41
41.3
34.5
73.4
63.4
81
90.6
82.3
104.1
100.4
77.5
77.1
78.6
103.7
95
93
60.6
56.7
53.5
69.9
72.1
50.6
52.4
53.7
64.2
52.7
49.6
48.1
45.2
54.4
40.4
42.4
44
43.4
43.6
42.4
42.5
42.1
42.2
43.8
46.4
50.4
51.8
53.2
52.3
51.4
53.5
56.7
57.7
59.6
58.4
63.7
66.35
69
70.7
75.1
76
79.4
83.4
84.2
73
82.6
69.3
78.5
81
74.2
67.7
73.2
63.7
78.7
82.9
82.8
81.7
75.9
69.3
61.7
78.8
85.1
88.1
66.8
81.9
84.3
95.3
84.4
83.3
82.3
78.7
79.1
91.6
81.5
105.3
82.6
87.1
87.5
91.4
90.8
89.1
97.3
99.6
88.4
98.2
81.6
90.5
79.9
85.3
83.3
70.8
71.5
70.2
79.4
72.9
70.4
58.4
75.9
85.8
82.7
78.6
74.5
77.8
79.3
76
63.3
75.2
85.5
73.8
58.8
52.2
53
53.2
53.1
53.6
50.1
48.5
50.2
50
49.2
49.4
50.5
52.6
50.5
52.5
53.7
56.8
56.3
59.6
61.3
58.4
59.85
60.575
61.3
62.3
63.2
65.1
66.1
71.1
77.2
84.7
83.8
87.6
74.1
74.3
77
78
93
84.9
83.3
74.8
62.9
57.9
70.3
77.7
72.9
70.5
71
96.9
86.9
71
83.7
97
94
77.3
100.8
85.7
40.2
57.7
30.9
35.3
45.5
56.9
87
64.8
34.8
32.1
28.5
60.3
26.6
31
64.3
61.7
64.6
44.5
64.5
69
43.4
53.4
53.1
61.3
76.2
39.7
34
54.3
29.1
24.3
33.7
36.9
38.2
49
42.5
36.3
29.7
30.4
44.8
48.5
58.7
41.2
35.6
34.3
39.8
36.9
34.3
41.6
37.4
34.3
35.2
36.3
37.6
39.4
42.4
45.3
53.8
45.8
47
47.6
50.1
51.35
52.6
52
51.7
56.6
56.8
57.2
58.2
54
58.9
58.4
59.1
61.2
60.8
62.5
49.3
53.6
54.3
56.8
66.9
83.6
67.5
69
51.4
34.7
28.1
27.9
21.8
20.1
22
19
16.6
17
13.3
15.9
14.7
17
20.5
22.4
13.5
15.2
12.6
14.9
12.8
13.8
17.3
16.6
16.6
17.2
20.3
19.1
23.3
21.9
16.1
14.7
16.6
17.7
20
17.5
17
15.3
16.3
20.7
17.7
20
15.8
19.3
18.3
19.5
26.8
31.9
21.9
22.6
28.6
32.3
34.4
36.3
34.4
34
33.6
35.9
36.2
34.3
29.7
26.9
24.1
25.2
26.2
25
26.2
22.4
19.4
20.1
19.6
20.8
22.05
22.675
23.3
23.8
25.7
24.5
25.5
24.3
25.4
25.4
21
14.9
9.7
8.3
8
8.7
9.2
9.9
6.1
5.4
6.1
5.2
6.8
6.6
7.8
7.1
10.8
9.2
11.1
7.5
6.1
6.1
5.4
3.3
5.6
5.6
6.6
5.9
5.9
5.9
6.1
6.1
7.7
7.7
7.5
6.1
5.6
5.9
5.4
7.3
7.3
10.1
11.7
8.9
6.8
4.9
6.5
8.2
5.1
6.3
8.9
10.3
8.2
7.2
5.3
4.9
5.8
5.3
5.8
5.8
5.4
5.3
5.1
5.8
6.5
8.2
8.2
7.7
7
7.2
10.5
7.5
8.6
7
5.8
5.8
5.6
5.1
6.3
7.5
7.7
7
7
6.3
7
7.4
14.7
18.35
22
19.4
16.6
17.1
15.2
13.5
5.8
12.4
17.7
20.6
24.1
25.7
33.1
35.2
32.9
26.7
33
25.9
32.9
36
42.1
39.4
44.3
54.1
42.2
41.1
40.2
38.6
35.8
32
37.2
28.3
34.1
33.9
35.5
37.7
31.3
36.9
32.8
31.1
30.8
29.2
46.2
40
50.3
37.4
44.9
42.5
37.6
40.4
39.9
42.2
34.6
42.1
34.1
29.9
34.5
31.5
37.7
39.9
51.5
52.9
39.5
48.3
54.3
53.3
54.5
67.2
67.1
66.8
57.6
64.9
57.7
47.1
42.5
40.9
42.9
45.4
45
42.4
41.5
41.1
45
45.8
43.7
41.3
42.3
42.5
41.5
42
42.9
44.6
43.6
43.8
44.85
45.375
45.9
46.5
45.1
43.4
42.3
42.7
43.9
45.5
43.4
43.6
41.3
37.6
39.9
34.5
30.7
30.3
32.4
29.6
30.5
31.7
30.8
31
31.2
26.5
25.3
26.5
28.1
46.4
42
38
40.2
34.4
26.5
26
24.4
20.6
17.5
16.8
27.8
26.5
15.2
15.9
11.6
11.2
13.1
13
12.3
13.1
15.2
14.2
13
11.4
18.1
17
16.7
13.7
14.8
17.2
14.2
13.5
14.7
11.9
13.2
15.8
16.1
12.3
12.3
16
13.5
17.2
18.4
20.7
20.9
20.5
19.3
20.3
21.5
20.5
23.6
22.4
21.3
22.7
24.1
23.1
20.8
22.9
26.2
25.7
27.6
24.3
22.9
20.5
19.1
18
18.2
18.3
18.4
19.6
20.3
21.7
23.1
24.7
25.4
29
30.8
33.9
30.4
29.7
28.3
30.4
44.6
73
59
58.5
57.3
42.4
38.8
50.7
44.9
44.2
46.5
51.9
51.7
52.2
61.6
61.3
77.6
68.7
67
58.4
63.2
59.3
72.8
79.1
72.2
67.5
53.4
35.7
29.3
39.4
35.2
40.8
20.6
18.9
13.4
33.1
19.4
18
20.1
21.5
18.6
16.4
21
18
34.5
15
15.9
19.6
20.3
22.2
14.5
15.6
18.2
20.5
23.5
26.1
25.4
25.9
27
26.6
26.1
27.6
25.9
26.7
29.9
30.7
32.6
33
35.4
34.7
32.4
31.4
31.4
31
30
34
36.3
37
38
38
39.35
40.025
40.7
39.8
39.8
40.4
39.7
39.2
38.7
42.3
42.8
40
38.5
38.2
35.6
35.7
34.7
33.4
33.2
32.5
30.1
28
29.4
27.3
23.1
20.8
18.9
17
14.2
14.2
13.3
12.8
12.8
11.1
12.5
12.5
13.7
13.2
15.1
16.8
17.2
19.1
16.8
17
17.7
19.3
20
18.9
14.9
12.8
13
11.6
11.1
17.2
11.3
13
13.9
12.7
20.7
17.4
14.4
22.5
18.5
18.1
17.2
20.9
21.6
24.9
23.7
31.6
32.3
31
30.5
34.5
40.3
42.8
43.3
42.8
44.2
41.9
39.8
41.5
36.6
21.2
23.3
37.1
27
16.5
17.7
21.9
23.3
17.7
15.5
16.2
16.2
16.2
16.35
16.425
16.5
12.7
14.4
17.9
20.7
21.9
22.6
23
38
54.7
64.3
76.9
82.4
93.7
93
91.6
90.4
92
91.4
77.5
84.7
78.8
73.9
78
49.5
34.9
30.7
27.8
28.5
17.1
10.5
14.1
14
13.8
14
15.5
18.5
19.65
20.225
20.5125
20.8
23.8
33.4
17.1
15
17.1
34.1
21
22.9
22.9
17.3
14.3
24.5
29.7
27.6
23.9
25.8
27.2
28.1
27.4
29.4
33.1
33.6
33.2
41.7
41
41.2
36.6
38.7
39.4
38.2
38.2
42
46.8
45.4
43.2
40.2
41.7
44.5
42.7
44.2
43.9
48.1
55.5
56.3
57
57.5
58.7
59.9
58.5
56.6
59.2
61.4
62.2
61.05
60.475
59.9
66.1
65.3
70.6
63.8
64.5
74.9
80.3
72.2
77.1
86.3
72.3
57.9
60.2
63.6
56.3
56.2
56.4
66.4
74.7
73.7
81.5
62.1
48.8
23.3
12.6
14
11
12.6
12.4
11.9
11.2
12.2
13.5
11.2
18.2
11
11.2
12.6
22.7
12.1
10.8
8.9
11.2
16.8
8.7
11.7
11.9
8
8.7
8
9.4
8.35
7.3
7.3
7.3
4.9
5.5
6.1
8.7
10.3
12.4
9.4
8.7
9.2
11.5
17.8
14.5
9.9
11
12.4
14.1
23.9
29
32.3
33.9
35.7
37.4
36.7
37.4
36.8
38.5
39
34.1
26.1
26.8
31.3
36.7
38.6
36.7
33.4
35.1
40.2
41.9
38.85
37.325
35.8
31.8
31.6
35.1
30.4
27.4
28.1
39.8
43.3
41.9
44.9
45.4
28.5
20.3
25.3
32.1
22.7
27.6
17.8
18.2
15.9
15.4
13.3
14
11.6
10.7
11.9
10.7
8.4
5.1
4.4
4.2
3
5.6
4.2
6.1
12.9
4.2
3.7
4
4.7
4.4
10.8
5.4
5.8
4.9
4
3.7
3.7
3.5
8.2
1.4
1.6
3.7
2.1
1.9
1.6
2.1
1.6
2.8
3.5
3.3
6.6
9.6
5.4
5.4
4.9
5.6
9.1
8.2
8.4
9.4
11.3
13.8
15.7
17.6
17.9
19
20
19.8
19.3
20
19.1
18.1
17.2
17
15.6
16.5
19.1
18.6
19.1
20.8
21.5
21
23.45
24.675
25.9
29.9
40
44.7
50.3
54
52.4
54
58
56.4
57.6
58.5
55.3
51.3
54.3
50.8
50.1
44.7
41
32.1
30.7
20.8
18.7
13.5
13.1
11.2
7.9
7.9
8.8
11.9
9.8
7.2
7.2
7.7
7.4
7.9
10
6.3
5.1
5.8
4.4
6
9.8
5.4
6.5
12.8
14
12.1
8.1
4.9
5.8
14.9
11.4
8.4
11
7.9
7.5
11
18.6
9.5
16.8
16.3
10.8
14
15.7
13.6
14.8
20.4
17.3
22.9
24.6
21.5
19.5
19
18.3
17.9
18.6
18.8
20
20.5
21.9
19.1
18.6
18.6
17
15.8
14.9
15.3
16.5
16
16.3
17.2
16
15.8
15.95
16.025
16.1
17
23.3
22.6
30.4
30.6
34.4
39.1
40.2
36
31.3
28.7
35.3
35.1
29.5
28.1
25.2
27.6
23.1
23.6
21.7
21
25.5
20.8
18.2
15.4
10.9
14
11.9
11.9
11.2
14.7
16.1
12.8
13.5
14.4
11.6
16.3
14.5
15.1
16.3
10.5
9.5
9.3
7.2
9.3
13.7
14
11.4
12.3
11.2
9.3
10.7
11.9
10.7
8.8
15.6
12.3
17
22.5
28.2
35
30.3
27.6
34.9
40.2
43.3
53.2
68.4
55.9
54.6
48.9
59.1
45.1
61.1
48.2
54.9
43.7
47.2
35.4
36.6
32.7
22
30.1
21.9
21.7
17.3
32.2
24.5
19.7
10.8
5.7
10.8
22.7
24.7
25.7
26.7
28.1
23.7
30.4
38
37
40.7
29.8
20.2
28.4
42.4
51.4
48.6
47.7
55.7
72.2
79.4
49.5
58.2
46.9
56.9
27.5
54.5
56.7
48.1
52
66
37.5
43.6
55.5
59.8
59.1
69
58.4
55.6
59.7
59.5
54.5
49.5
35.4
35.2
36.9
53.9
47.8
32.4
31.7
17
17.9
30.9
44.2
14.4
16.7
17.9
14.9
13.2
18.8
15.1
22.8
20.1
13.7
17.4
15.8
11.2
10.7
11.2
17.2
13
17.2
16.8
22.3
24.7
25.2
25.7
24.7
37.1
30.7
32.2
35.2
32.9
35.3
33.5
29.8
37.1
23.7
22.8
26.5
27.4
30.8
37.8
32.9
40.6
35.2
24.7
21.7
22.4
22.75
23.1
22.1
17.2
16.7
17.4
17.2
16.3
16.3
16
15.3
19.6
21.7
25.9
31.8
29.4
25.4
20.3
18.6
17.9
17.5
14.9
14.4
22.2
17.7
11.8
14.9
15.8
13.2
10.4
8.5
10
9.5
7.8
8.3
10.9
10.4
12.3
11.6
10.9
14.4
9
9.5
13.5
8.3
10.7
15.4
10
10.2
13.7
12.6
10.2
12.5
10.7
9.8
21.3
10
12.3
14.7
8.8
13.5
10.5
12.6
9.1
11.4
10.5
14.4
16.1
17.2
18.6
20
21.8
27.3
31.2
35.6
38.7
44.9
51
50.3
38.4
39.7
26.6
23.4
33.4
33
35
30.2
27.9
19.2
20.7
36.3
24.2
26.8
28.4
30.5
24.2
21.05
17.9
19
18.8
23.5
59.7
42.2
49.1
53.7
54.3
55.3
57.2
43.1
46
44.9
56.6
58
60.4
42.6
27.8
21.2
24.8
21.9
25.3
24.6
23.3
21.5
22.4
18.1
19.1
23.6
24.1
23.3
26.2
22.9
20
25.5
27.1
27.3
23.8
34.8
21
21.9
18.4
18.1
17.6
18.1
21.9
19.1
18.6
23.1
19.8
18.1
22.5
23.7
23.9
29
31.3
32.3
18.3
19
20.2
19.5
21.4
18.4
14.8
16.7
17.2
15.5
17.4
18.8
20.2
19.6
23.8
24.7
24.3
27.8
26.9
29.7
34.2
33.7
30.2
27.9
28.3
29.8
29.5
30.2
30.2
28.1
29.8
32.6
33.3
34.5
36.9
37.6
30.25
26.575
22.9
24.1
25.5
25.5
26.2
22.7
23.9
22.9
26.9
25
24.8
25.3
28.6
26.5
26.5
23.1
22.2
21.7
25.8
25.1
21
19.8
20.3
21.2
22.4
21.5
20.3
19.8
20.7
18.9
17.9
17.2
16.7
14.8
16
18.6
18.4
17.7
17.6
18.1
16.7
15.1
15.5
16.7
15.3
16.5
14.3
14.1
14.3
16
15.5
16.7
17
17.7
19.6
19.1
19.1
19.3
17.4
17.7
19.8
19.3
17.2
17.9
16
12.7
16.2
14.8
16.2
14.6
15.1
16.2
21
17.7
16.3
15.8
15.6
13.9
13.9
15.6
14.4
14.9
15.1
16.3
16.1
14.6
14.4
13.9
13.4
15.6
18.2
16.3
18.2
19.6
23.4
25.3
27.2
35
24.8
28.2
28.2
29.1
26.5
26.3
25.1
27.4
23.6
20.3
17
17
15.3
16.3
19.4
20.1
23.2
20.8
24.8
25.8
23.2
19.6
16
15.8
17.5
12.5
12.2
13
11.3
10.1
10.1
11.3
9.6
8.5
9.4
8.2
9.6
9.2
9.9
7.3
8
7.5
12
7
7.3
7.5
8.7
8.2
7.7
8
8.2
7.5
8.5
6.8
7.5
10.6
7.7
7.3
7.7
6.8
8.9
10.1
10.8
10.1
11.5
11.8
16
17.9
20.7
20
17.9
18.8
17.7
20
17.2
16.3
18.6
20.2
21
25.2
16.7
16
14.8
10.6
10.8
13.7
13.4
14.4
15.3
20.1
19.6
22.2
25.4
27
28.6
27.9
23.6
17.9
23.8
29.1
29.5
30.7
26.5
20.5
26
28.1
26.9
33.8
20.1
23.6
20.1
24.6
21.2
21
24.6
16.5
17.9
17.2
23.6
23.4
17.5
20.5
18.2
20.1
20.1
14.4
20.3
29.9
23.8
31.4
18.4
36.8
22.2
24.5
28.3
29.5
25.5
28.5
27.4
18.9
16.5
24.5
23.8
16
15.1
21.9
23.6
44.2
25.5
20.7
18.2
22.9
14.8
17
14.6
13
25.4
20.1
28.3
22.4
24
27.6
24.3
29
26.4
25
24.1
31.1
27.1
26.9
23.8
32.1
21.5
27.9
21.7
27.2
17.9
17
16.1
16.5
15.8
12
12
12
12.3
13.2
15.4
17.3
17.4
17.45
17.5
16.3
18
20.6
23.4
26
23.9
23.4
25.6
27
30.3
26.8
34.3
34.1
31
45
55.6
56.6
58
52.6
48.3
49.2
50.7
40.9
40.7
54.4
40.2
29.1
39.7
49.6
40.4
41.8
49.1
56
49.4
52.5
75.3
58.7
52.8
55.9
60.4
52.3
67.9
64
51.2
51.1
58.7
44.2
41.9
59.2
54.9
46.4
47.3
45.7
42.1
61.3
51.8
57.3
49.9
59
26.3
52.4
63
58
67.7
75.7
66.6
80.6
84.4
88.9
84.4
65.1
69.6
47.3
49.9
44.8
44.8
37
39.6
37.5
46
45.8
58.2
56.4
59.7
60.6
57.4
59.8
56.2
59.3
64.8
65
58.1
60.3
55.9
53.7
51.5
59.8
64.3
69.3
64.6
85
84.4
93.9
93.3
87.6
86.4
73.3
83.1
80.7
71.9
74.8
76.4
73.6
69.3
76.2
72.9
59.6
65
61.3
48.7
58.4
55.3
67.2
55.5
68.6
62.9
56.8
55.5
58.9
63.2
57
36.1
58.9
62.5
61.3
57
61.5
42
52.7
54.3
62.9
55.6
57.4
60.1
44.6
61.7
59.6
53.6
62
47
67
52
40.8
56
56
67.4
74.5
61.2
63.2
57.7
56.2
46.7
61.4
43.2
43.6
38.9
29.9
35.1
32
25.1
42
49.8
46
48.4
47.6
48.3
47.1
52
55.1
55.6
54.9
47.4
46.7
46.9
48.4
49.8
51.2
51.9
51.4
56.05
58.375
60.7
62.3
67.1
69.2
70.2
70.7
77.6
73.2
70.1
61.8
58.8
53.3
58.8
55.4
59.7
44.2
36.8
29.7
29.9
34
20.9
15.4
18
13.5
14.9
12.8
11.8
13.9
13
13
9.6
11.8
17
13.2
11.8
12.8
14.7
13.9
13.9
16.8
18.5
16.6
16.6
16.1
12.8
13
10.8
14.2
13.9
13.9
13.7
14.7
8.9
11.3
8.9
11.6
13.7
14.4
12.7
11.3
11.8
13.9
10.1
10.1
10.4
13.7
11.1
12.5
13
10.4
12.3
13
13.7
14.4
15.1
14.9
13.9
14.2
14.4
16.3
16.3
17.3
19.2
21.3
22.3
19.9
20.4
20.2
18.2
16.3
16.3
13.7
12
12.3
13
13.35
13.7
14.4
15.4
16.3
15.6
17.8
22.1
24.5
23.3
32.6
46.7
57.4
48.3
40
33.8
32.1
32.6
29.9
22.8
19.4
17.3
23.7
15.9
14.9
18
16.8
16.3
15.1
17.3
13
16.6
15.1
20.2
15.4
15.1
16.1
17.8
18.5
15.1
14
16.8
15.1
13.7
16.6
30.7
27.3
26.4
26.1
21.1
23.5
22.1
27.3
33.1
21.4
17.5
26.6
29.5
43.3
39.5
38.3
24
41.4
59.6
49.3
47.1
52.9
42.4
44.3
40.7
37.6
57.2
46.2
48.1
68.9
64.4
69.1
56.7
58.9
75.4
74.2
72.3
55.8
62.9
35.9
40
31.2
28.8
38.8
37.1
42.9
34.3
38.8
36.7
37.4
39.2
40.1
41
57.5
59.1
76.3
114.8
91.9
90
91.4
75.9
94.5
68.7
65.6
59.4
60.3
62
68.9
64.4
60.8
69.2
51.5
65.1
60.1
64.4
52.2
55.1
59.6
51
45.5
43.6
51.8
48.2
63
59.4
65.4
61.1
68.7
72.8
74.2
75.7
74.5
79.7
78.6
87.9
76.9
75.2
72.6
70.7
71.2
78.1
78.8
82.9
74.7
68.8
76.7
63.3
56.1
59.2
75
83.4
86.3
79.1
80.8
84.6
88.9
90.8
107.4
86.8
89.9
92.6
89.2
106
99
91.4
104.3
83.2
87.3
83.5
105.3
101.4
71.5
65
66.4
65.2
63.1
65
66.9
68.3
69.8
73.1
69.7
76.2
75
76.2
77.5
71.25
68.125
65
59.7
57.3
53.5
56.1
75.1
88.2
82.2
77.4
94.7
97.1
111.7
110.1
88
87.3
83.7
75.1
73.9
78.4
91.4
92.1
78.2
83.4
89.3
90.5
86.2
79.5
74.9
77.8
98.1
73.9
125.2
69.1
98.3
99.3
132
102.7
65.7
94.5
112.8
106.3
104
42.3
51.6
65.6
42
32.7
49.7
30.3
77.8
84.6
39.4
86.1
66.4
55.3
66.4
61
47.8
62.1
66.2
56.9
72.4
91.1
80.6
80.9
85.9
88.2
59.1
66.9
76.6
72.8
59.7
83.2
77.9
80.8
80.5
85.7
87.7
88.2
70.8
63.5
50.5
54.4
64.2
56.1
55.8
45.2
50.5
42.5
42.6
47.4
48.1
34.4
35.1
38
39.45
40.9
42.6
46.4
41.8
52.2
42.9
33.2
38.7
39.4
45.5
49.8
50
61.4
56.1
60.1
64.1
54.1
54.9
50.1
58.3
57.3
50.3
57
62.3
61.1
52
59.6
51.7
63
60.6
57
51.7
57.3
52.2
51.9
61.1
63.8
58.2
34.2
36.1
28.4
21
18.8
20
24.6
23.4
20.7
29.1
15.9
16.1
20.2
24.6
12.1
12.5
31.6
27.2
22
23.6
12.5
20.3
47.1
25.1
23.1
36.7
33.8
31.3
24.1
16.4
15
13.7
22.2
37.1
24.4
27
21.7
20.2
18.3
14.2
10.9
9.9
11.8
11.6
4.9
4.6
5.1
5.6
10.6
4.9
7.5
10.1
5.1
5.1
4.6
3.9
8
10.05
12.1
17.1
18.3
11.1
10.9
13.7
8.9
11.1
17.8
32.2
32
31.8
27.2
45.8
48.6
55.5
55.6
48.8
50.7
49
57
55
53.6
53.6
52.6
45.9
64.3
72.2
49.5
54.7
14.5
18.6
14.7
13.5
14.5
20.2
15.4
13.3
22.4
16.9
14.7
14.5
13.8
21.7
27
29.9
32.8
16.2
13.5
17.4
18.1
13
21
12.6
15.9
15.9
15.2
13.3
13.8
23.4
17.6
16.9
15
20.3
9.2
14.2
15.7
17.1
24.8
35.9
34.4
31.1
27.7
25.1
26.5
32.7
24.8
25.5
24.6
20.9
28.2
43.1
39
37.5
45
57.3
62.4
61.4
42.8
23.8
23.8
24.3
27.7
29.4
39
43.8
48.6
50
54.6
50.8
45.5
33.7
35.6
46.4
63.1
82.1
56.1
37.8
22.9
26.3
30.6
25.5
34.4
35.7
23.6
22.7
24.1
12.1
17.6
12.3
13
12.3
15
16.2
14.5
12.1
14.5
14
14
14.5
16.2
15.4
22.4
18.6
15.7
16.4
14.7
19.1
16.2
10.6
16.2
15.9
18.3
11.3
17.9
17.9
18.1
11.1
17.6
10.1
9.4
8.5
11.1
11.8
11.4
12.8
19.6
15.5
9.7
12.3
9.4
10.6
13.8
11.6
9.7
11.4
13
13
14.5
12.6
8.2
9.9
9.9
12.8
11.1
12.8
10.1
11.6
9.9
13.3
17.8
17.8
16.2
15.2
17.6
19.8
16.4
13
16.2
12.5
19.15
22.475
25.8
26.3
24.8
17.1
16.4
17.8
18.6
20.2
20.2
19.3
23.6
24.4
20.7
19.8
21
20.7
19
17.6
16.6
15.9
12.1
10.1
13
12.8
9.9
12.8
15.7
11.1
10.6
10.4
10.4
11.8
10.9
18.1
14.3
10.9
11.4
10.6
13.3
12.3
11.7
11.1
8.2
11.6
9
17.9
14.5
19.6
11.8
12.1
15.7
12.1
13.5
14.5
14.7
16.4
13.8
14.5
17.4
16
19.8
14.5
16.4
15
16.4
13.5
15
16.4
11.4
8.9
10.1
11.8
8.2
8.5
10.9
8.2
8.8
9.1
9.25
9.325
9.3625
9.38125
9.390625
9.3953125
9.4
10.15
10.525
10.7125
10.80625
10.853125
10.8765625
10.88828125
10.894140625
10.8970703125
10.89853515625
10.899267578125
10.8996337890625
10.8998168945313
10.8999084472656
10.8999542236328
10.8999771118164
10.8999885559082
10.8999942779541
10.8999971389771
10.8999985694885
10.8999992847443
10.9
8.9
11.8
10.5
9.85
9.525
9.3625
9.2
9.7
9.7
8.9
12.6
13.3
13
10.9
11.3
10.4
16.7
15.2
14
16.4
12.8
15.9
13
13.8
11.8
11.1
11.4
11.4
13.3
12.3
10.2
11.6
10.6
11.9
13.8
15.9
15.5
15.5
18.8
20.5
22.2
27.55
30.225
31.5625
32.23125
32.565625
32.7328125
32.9
31.2
30
29.8
30.5
29.5
20.4
13.3
14.3
18.9
24.5
33.2
33.2
31.7
29.3
31.5
36.8
35.8
34.6
30.9
29.7
26.3
23.4
23.4
22.5
22
23.9
21.7
20.3
20.5
21.5
22.4
23.2
25.6
26.5
22.7
25.2
26.45
27.7
30.1
29.4
30.6
29.9
23.2
15.4
13.3
15.2
25.3
34.5
36.7
23.2
31.1
29.2
33.5
37.2
21.7
19.1
15.4
24.2
21.7
22.7
24.1
22
22.2
25.4
15
8.5
9.4
8.5
7.7
6.5
8.5
11.1
14.8
10.9
10.6
6.5
8.5
6.5
9
10.6
9.4
10.4
10.4
10.9
10.4
11.4
15
27.4
43.2
38.2
37
35
35.3
37.2
38.2
37.2
41.6
39
32.9
25.4
35.3
34.5
28.5
29
27.3
28.2
28.5
26.6
28.7
31.1
30.7
35
29.7
30.9
22.4
16.6
14
13.3
11.3
9.7
8.7
7.7
6.8
6.3
5.6
4.8
3.9
4.1
3.9
4.8
5.8
6.3
6.55
6.8
6.3
5.6
5.8
6.8
8.4
8.4
8.2
9.4
10.1
10.1
12.1
14
14.2
15.7
16.7
19.6
14.5
10.9
12.3
13.5
11.4
10.6
12.3
10.9
10.9
11.1
11.8
13.1
13.1
13.5
11.6
10.9
11.4
8.5
12.3
11.1
11.6
9.4
9.9
11.6
11.9
8.9
8.7
9.7
7.5
8.5
10.2
9.2
9.9
15.2
14
10.9
11.6
14
13.5
11.6
11.4
12.8
15.3
15
16.9
18.4
18.8
16.7
17.9
20.8
21.3
22.3
25.2
24.7
24.1
29.4
34
39
31.6
45.4
34.6
31.3
24.5
30.7
29.3
31.4
29.6
33.5
36.9
33.9
28.1
26.1
26.4
24.7
25.7
24.4
27.9
26.6
25.95
25.3
28.7
30.7
31.2
41.8
49.2
57.8
58.2
52.3
42.7
38.7
37
30.8
24.8
30.5
23.6
26
18.1
17.7
13.4
12.7
14.3
16.5
15.8
18.1
16
15.8
16
15.5
15.5
14.8
18.9
20.1
22.7
25.5
26
25.8
36.1
21.7
29.1
30.1
29.4
41.1
36.3
29.2
44.2
38
20.5
31.3
21.5
16.5
27.7
27.5
20.1
24.4
20.1
14.3
19.4
14.8
15.3
17
17.2
15.8
17.4
17.7
19.1
18.4
19.6
21.7
21.7
24.4
31
31.8
29.9
28.4
27
25.1
24.1
26.7
27.4
25.8
26
28.4
25
23.9
30.5
30.1
26
21.2
21
27
30.5
31
33.6
38.15
40.425
42.7
59
54.7
51.3
49.4
46.8
52.8
42.5
48
44.9
63.1
44.9
45.6
56.1
44.7
28.9
41.3
33.4
30.8
27.4
25.8
26
31.2
33.6
31
26.2
24.3
20.7
19.1
19.1
18.8
18.4
16.5
18.1
29.3
24.1
18.1
17.6
27.2
18.8
16.7
15.5
13.1
13.1
13.8
14.1
17.2
14.8
17.2
14.5
16.2
15
15.3
17.9
19.3
19.3
19.1
23.4
23.1
18.6
18.8
19.8
25
21.5
18.1
21.5
18.8
26.2
36.5
24.3
21.9
26.5
31.7
31
29.8
29.6
30.3
44.1
60.6
71.6
72.5
70.5
74
77.4
76.8
78
79.2
82.1
83.5
87.5
90.1
89.9
92
91.1
96.85
99.725
102.6
91.1
101.4
112.4
110.9
118.8
109
99
113.1
101.4
105
111.2
100.7
108.3
90.9
92.6
84.7
87.8
69.2
71.3
67.7
58
58.4
42
51.5
46.3
39.4
44.4
49.8
52.2
42.2
44.4
42
38.6
37.4
39.8
40.1
46
42
42.7
41.5
42
41
46.5
45.8
43.1
42.7
37.2
40.3
38.6
46
28.4
43.9
38.6
44.8
33.6
31.9
39.8
39.1
31.5
43.4
26
36.5
45.3
54.1
57.5
66.1
48.9
51.5
53.2
44.1
52.2
48.2
46.5
47.9
40.1
35.8
37.2
37.4
40.1
41.2
43.4
42
44.1
43.4
39.8
40.5
39.8
47.9
50
40.7
38.1
41.7
45.5
46.55
47.075
47.6
47.2
55.3
48.6
61
69.8
75.8
62.7
56.2
54.8
61.2
55.3
55.3
69.8
62.2
59.1
53.6
53.6
55.5
50
56.7
48.8
46.9
57.4
52.4
42.9
46
44.1
52.2
53.1
58.1
40
45
49.8
52.6
46
39.5
35.7
31.5
29.8
26.7
24.1
35
27.4
26.9
25.7
31.2
38.4
33.9
36.2
28.1
25
28.4
28.6
31.5
17.9
20.3
19.8
39.3
27.9
34.6
40.8
40.8
48.4
50.3
63
57.5
62.3
64.4
59.9
49.6
48.5
43.4
47.7
45.6
36.8
32.5
31.8
31.1
28.7
28.5
27.1
25.8
27
29.4
28.2
28.2
28.4
28.4
30.8
30.5
32.2
33.6
38.1
37.9
37.8
37.7
38.6
41
41.7
43.1
42.4
41.7
39.5
38.8
41.2
42.2
41.9
41.2
40.7
39.5
39.3
38.8
34.5
35
39
34.5
36.9
26.9
20.7
24.5
21.7
25.9
23.8
30.7
30.2
22.4
46.9
18.8
29.8
35.3
36.7
24.3
19.8
29.5
20.5
19.1
32.2
23.1
25.5
20.7
19.3
24.1
37.4
15.2
15
26.4
26.2
17.6
31
25.7
26
23.3
25.7
27.9
31.4
28.6
26
21.4
20.2
23.1
24
23.4
33.6
32.6
39.1
35
39.1
39.6
46.9
37.2
57.2
49.3
44.3
43.8
37.6
36
35.5
30.5
28.3
28.3
28.8
23.3
23.6
28.3
21.4
27.4
26.7
22.1
26.4
28.65
29.775
30.9
29.3
38.6
35.9
38.1
36.9
37.1
37.6
37.8
39
38.3
35.9
42.6
50.2
46.4
36.4
43.1
39.3
40
47.1
50
44.3
48.8
41.9
46.6
45.2
40.5
42.1
44.5
50.9
53.1
55.4
49.3
51.6
55.2
57.6
71.9
47.1
57.3
53.3
59
60
56.2
52.8
55
48.5
56.9
45.7
52.6
57.1
40.9
52.8
44.5
61.9
55
47.8
45
37.6
42.1
31.4
38.5
42.3
43.1
43.3
31.2
35.9
46.4
62.8
58.7
54.2
57.8
63.3
74.7
70.9
55.7
59
56.8
54.7
49.5
40.7
44.2
35
38.3
32.6
31.6
29.7
24.3
24
21.4
23.3
19.3
24.5
23.8
26.1
24.45
23.625
22.8
29.7
30.7
31.6
36.1
30.4
36.4
33
32.8
27.6
35.4
34.5
35.9
49.9
36.6
47.5
47.3
38.3
35.2
49
40.9
48.3
45.2
48.5
54.4
50.2
41.6
40.2
49
49.7
54.4
50.1
54.7
34
34.5
44.9
34.2
39.9
34.5
36.1
31.8
48
42.8
38.3
39.9
60.8
42.5
38.5
46.1
43.5
52.5
57.5
48.9
49.7
44.4
44.2
44.1
44.05
44.025
44
58.9
44
44.4
55.4
73
82.9
65.1
69.9
71.3
73.4
73.9
76.5
62.7
75.6
72
59.4
75.6
69.4
71.8
78.4
47.5
50.4
54
39.5
47.1
49.9
44.5
47.8
50.2
40.7
59.9
35
23.8
25.9
23.55
22.375
21.2
24
30.4
34
33.1
30.2
31.4
24.7
32.3
27.1
27.4
46.8
31.6
39
38.3
35.2
40.9
51.1
48.5
34
49.2
39
46.1
49
45.4
49.5
51.1
48.1
50.9
48.1
52.3
57.8
60.4
66.8
54.9
59.9
51.9
50.7
50.4
42.1
54.2
55.7
55.4
43.1
50.7
42.1
46.9
40.7
42.4
48.1
45.2
37.1
55
49
32.1
41
41.7
37.4
39.5
41.4
50.7
50.7
43.6
57.6
52.1
66
74
83.1
123
83.8
75.4
54.3
72.8
78.6
71.9
71.9
68.6
74.5
59.5
50.7
55.7
47.1
46.9
35.9
40.7
33.1
32.4
31.4
37.4
39.5
37.1
37.9
36.2
33.8
31.3
30.05
28.8
32.6
29.1
31.7
34.5
33.3
36.2
45.5
66.2
46.4
34.3
39.3
20.5
25.3
24.3
25.3
25
23.8
28.1
26.4
21.7
21
22.4
17.9
21.9
31.2
22.4
19.8
25.7
21.9
20.8
28.6
34.3
23.4
20.7
22.2
34.6
27.2
43.9
25.5
22
27.9
52.7
31
34.3
45.3
18.9
34.3
23.1
47.4
34.8
23.4
39.6
38.9
28.2
31.7
26
36.8
30.6
28.4
33.2
22.9
22.2
19.4
18.9
20.1
20.1
22.4
18.4
17
26
32
23.9
26.7
26.5
25.3
25.8
26
24.8
27.7
30.1
32
28.1
27.2
23.1
22.7
21
18.1
16.7
17.2
15.1
12.9
12.4
10.8
9.25
8.475
7.7
6.7
7.5
6.7
8.2
10.5
12.5
16.3
14.8
14.6
13.9
13.2
13.6
13.9
12.7
12.9
11
10.8
10.1
10.3
14.1
12
16.5
13.7
12.7
12.7
12.7
13.4
10.3
11.5
10.6
11.5
11.3
11.5
13.9
17.7
16.7
13.7
15.1
14.1
12.2
9.1
8.7
8.2
8.4
8.9
7.7
8
11.1
13.2
14.6
12
11.8
10.3
11.5
16.3
9.4
15.3
16.1
10.3
14.9
23
24.8
33
32.5
31.3
37.5
44.9
51.6
36.8
45.4
39.4
44.9
43.2
35.3
45.3
45.6
42.5
34.9
29.6
34.4
34.4
45.1
45.6
47
38.9
41.8
48
40.1
39.4
47.3
51.6
52.3
42.5
40.35
39.275
38.2
45.4
51.4
43.2
46.6
45.2
45.2
33.5
23.7
28.9
22.7
23.4
21.8
21.1
15.6
22.5
20.6
20.6
20.3
20.6
18
19.4
28.4
31.3
25.8
23.4
25.6
22
35.4
36.4
26.3
22
15.8
19
12.5
15.9
18.5
15.4
13.9
17.3
11.8
11.6
12.3
14.7
14.4
17
16.6
17.3
20.9
14.9
26.1
9.4
25
33.1
29.5
20.9
15.9
22.3
10.2
18.5
8.7
9.2
9.2
10.4
12.8
10.6
11.8
18.3
14.2
16.8
17.8
29.7
29.4
34
34
29.9
30.4
35.4
31.6
38.7
48.1
42.8
32
39.2
48
39.4
37
35.1
36.8
37.7
37
32.3
40.6
49.6
43.2
40
36.8
26.6
30.4
43.2
46.8
40.6
45.3
47.5
34.4
24.2
23.9
24.2
23.9
23.5
19.9
15.6
14.7
18
26.6
23
19.7
20.9
22.5
19.7
21.6
25.9
24
19
19.7
17.5
21.6
22.3
15.6
15.9
19.4
12.1
12.8
15.2
18.8
15.7
19.7
15.7
12.3
10.7
16.6
18.1
16.4
13.8
15.4
14.2
17.1
18
10.9
13.5
12.8
14
14.7
14.7
20.2
16.4
15.7
16.6
17.3
16.1
16.1
23.3
22.6
23.1
22.3
32.3
32.8
33
36.4
42.1
39.5
37.8
41.8
43.5
33.5
28
29
30.9
44.7
45.9
40.4
60.8
50.6
44.9
44.4
50.8
60.6
74.9
78.5
75.8
75.35
75.125
74.9
76.6
64.4
65.8
66.8
70.1
74.6
75.8
96.9
88.3
83.6
91.4
68.1
77.9
66
82.5
79.6
91.8
96.4
97.6
93.7
109.1
122.7
126.4
100.9
110.2
100.9
114.6
134.10001
117.2
125.7
114.5
116.4
114
115.3
108.5
113.8
105.7
98.4
86.9
47
33.8
41.7
57.4
78.6
105.8
76.7
71.6
36
25.1
76.9
67.8
79.4
59.7
58.6
52.3
68.6
58.5
84.4
61.5
89.6
92.1
83.2
88.6
101.8
71.6
73.1
105.7
87.9
95.1
95
109.6
108
92.3
91.7
90.4
70.9
63.6
60.9
54.2
52.5
58.5
59.8
53.7
53.9
54.9
54.2
54.5
55.1
54.1
53.3
54.9
58.4
59.6
63.85
65.975
68.1
69.2
70.6
71.7
74.8
74.4
78
85.1
82.1
78.7
85.5
80.8
81.1
89.8
94
85.4
86.4
69.6
73.9
70.2
66.1
70.1
40.1
37.3
50.2
61.3
64.8
60.5
72.2
62
65.5
71.8
62.6
60.7
67
64.2
56.3
79.1
85
70.9
79.5
70.6
66.4
67.2
92.1
53.8
62
72.2
56.5
55.6
46.1
55.4
50.6
63.4
47.7
53
49.9
64.1
47.8
60.9
46.2
58.5
64
37.1
60.4
53.9
55.5
66.1
67
65.6
74.8
57.4
43.2
54.7
74.8
66
68.3
54.1
54.1
45.2
42.5
42.9
44.4
43.7
47
51.2
51.2
50.9
52.1
55.6
56.2
58.3
61.1
60.1
62.8
64.15
65.5
57.2
62.5
72.4
67.9
55.2
43.3
62.3
68.2
73.6
60.8
54.2
44.2
48.6
49.4
48.8
40.7
43.3
51.7
43.8
48.3
34.9
54.1
52.6
46.2
50.2
42.6
48.2
54.3
52.2
52
62.4
25.4
23.3
12.4
29
13.7
23
20.4
24.2
17
16.8
19.2
15.2
37
7.9
7
20.7
17.9
8.6
29.3
7.2
11.5
14.9
22.9
12.1
13.7
16.8
14.4
24.6
9.4
13.7
11.1
30.3
17.5
8.7
17.1
13.5
18.6
18.5
27.3
27
30.6
31.6
28.7
31.8
39.5
28.7
26.3
24.1
25.3
21.5
23.4
24.3
24.3
22.4
20.3
19.3
24.6
25.3
26.5
20.8
14.6
15.1
14.5
14.2
13.9
15.8
22.9
25.3
33.4
47.6
54.6
64.9
59.4
59.3
52.2
40
31
29.3
32
40.5
39.1
32.7
26.3
24.4
16.7
17
12.9
10.6
11.5
9.1
15.3
14.4
9.1
12
13.2
13
17.2
21
15.1
16.3
14.9
13.2
12.7
15.1
14.9
8.2
11.6
17.1
12.7
10.4
15.1
11.6
13.7
12
9.7
8.5
10.1
10.6
12
8.9
16.6
16.4
23
16.3
18.2
18.3
21.6
24.7
18.5
21.6
16.8
15.6
20.4
30.9
14.4
17.8
13.9
15.6
27.9
27.4
26.8
24.4
21.3
23.7
29.2
33.7
38.1
42.4
41.3
40.6
38.6
38.9
42.2
44.1
47.2
47.2
35.3
34.6
40.4
43.3
46.2
46
55.2
48.7
50.9
52.2
45.1
65.8
53.3
48.6
50.7
51.2
49.5
58.2
49.2
52.1
51.6
55.2
49.2
47.1
33.1
43.2
54.2
48.7
49.6
37.7
27.7
44
44.3
44.7
33.2
35.3
43.7
39.8
28.7
28.8
23.1
28.6
26.2
21.4
35.6
35.2
30.5
27.2
26.7
31.6
17.9
24.8
28
34.3
28.6
27.7
13
18.1
28.9
34.1
22.2
14.3
24.6
28.6
11.4
19.3
14
9.9
13.3
8
14
11.4
10.2
10.9
10.4
11.1
14.5
14.3
14
14
16.4
18.1
16.9
22.2
22.3
23.8
21.4
22.6
18.8
21.9
20.2
21.8
22.4
22.5
19.7
21.1
19
15.9
18.4
19.65
20.9
21.4
23.3
23.8
