"x"
48.5375
42.175
39.975
28.2375
13.2125
11.025
12.65
19.225
22.625
23.7625
18.4125
22.30625
17.4
14.8875
18.575
14.0375
10.8625
10.375
12.025
20.4375
33.75
25.2875
30.4625
24.709375
17.225
16.9
20.075
20.0875
13.3625
10.8625
10.825
21.9
34.975
42.35
26.45
20.690625
10.8625
23.425
22.5875
12.3625
10.525
9.5375
9.875
14.7125
29.45
36.6375
19.5875
13.453125
11.875
18.2125
12.3875
7.1875
14.3375
8.3625
17.3
23.7125
32.65
25.45
46.35
32.378125
28.9625
29.775
17.8875
8.7125
18.55
20.075
21.75
27.0625
21.5625
12.2125
13.0375
17.8375
21.25
24.45
14.2125
8.875
8.875
8.7
19.675
31.4125
29.9125
17.2375
22.4375
34.359375
37.65
28.7875
16.225
6.8625
3.025
4.375
9.2
24.2
35.275
39.3625
53.2125
45.31875
24.775
20.6
13.5625
4.6875
3.325
5.6875
11.3625
16.2375
19.675
21.4
29.4625
32.925
45.6875
41.325
25.125
19.075
28.125
41.6875
31.125
39.75
36.6
28.3875
25.6
37.0125
34.8
27.1
20.925
14.7125
12.6875
29.8
33.38125
31.0765625
35.3625
23.2125
22.0875
26.43125
20.5875
27.275
23.7625
9.725
9.5375
12.525
21.2625
21.925
54.15
38.9875
25.9375
20.621875
39.4875
36.825
33.9875
37.45
39.275
27.225
35.1125
50.8875
50.55
35.4375
25.0875
42.98125
43.35
57.4
70.775
61.8
17.55
18.5875
39.75
55.875
56.9375
59.15
57.775
52.09375
53.8875
34.2875
17.5875
6.7125
8.375
10.0375
14.7
26.55
33.9375
35.4375
46.3625
65.3625
50.8625
27.9375
10.8625
6.375
5.55
6.2
9.65
11.6375
25.5875
23.7375
27.0625
19.95
12.6875
13.0375
12.1875
8.6875
6.0375
6.3875
7.05
9.7
13.05
7.85
3.35
5.85625
20.1
44
51.65
53.55
38.25
30.6
31.55
33.45
21.05
13.4
13.4
20.05
24.9
28.7
37.3
52.55
59.3
44.95
52.55
27.75
8.6
4.75
4.75
6.7
7.7
7.7
9.6
10.55
12.45
13.4
26.75
41.1
22
13.4
14.35
22
24.85
21
26.8
24.85
17.2
14.35
21
32.5
28.7
21
24.9
35.35
31.55
30.6
36.35
19.1
13.4
11.5
9.6
12.45
8.65
5.7
4.75
8.6
11.5
8.65
6.7
8.65
7.7
8.65
6.7
7.65
6.7
8.65
6.7
7.7
7.7
12.45
13.4
7.7
8.65
7.7
13.4
12.45
9.6
5.7
7.7
6.7
9.6
13.4
11.5
12.45
6.7
7.7
9.6
8.65
6.7
4.75
5.75
11.5
14.35
20.05
21
24.9
22
35.4
24.9
21.05
13.4
11.5
7.65
13.4
25.8
37.3
34.4
22.95
21
15.3
15.3
9.6
12.45
6.7
5.7
7.7
22
40.2
41.15
48.75
53.55
60.25
68.85
62.15
60.25
59.3
63.1
51.65
45.9
51.6
49.7
40.15
39.25
48.75
50.65
47.8
43.05
44
52.55
59.3
58.35
58.35
61.2
61.2
51.65
32.5
42.05
51.6
50.7
44
47.8
43.05
47.8
57.35
60.25
59.3
44
42.759375
59.1037109375
62.15
49.7
44
51.6
62.15
62.15
62.15
59.3
53.55
44
40.2
44
44.95
35.4
18.15
17.2
22.95
32.5
28.7
38.25
40.15
30.6
30.6
25.85
31.55
27.75
25.85
23.95
26.8
32.5
34.4
39.25
42.1
44.95
41.15
41.15
43.05
44
44
44
44.95
49.7
51.6
51.6
44
44
44.95
44
37.3
38.3
38.25
41.15
44
47.8
49.7
44.95
46.85
45.9
45.9
44.95
47.8
44
41.15
44.95
40.15
44.95
48.75
48.75
45.9
44.95
44.95
45.9
43.05
44.95
46.85
47.8
49.7
51.6
54.5
52.55
51.6
44
38.3
40.2
40.2
45.9
45.9
44.95
46.85
47.8
38.25
44
42.1
39.25
35.35
36.3
31.55
22
18.15
21.05
27.75
31.55
43.95
46.85
38.3
35.4
26.8
24.9
34.4
39.2
23.95
23.95
26.8
23.95
30.6
27.75
27.75
23
29.65
30.6
29.65
19.1
14.35
14.35
23
22.95
28.7
33.45
34.4
26.8
36.3
39.25
36.35
22
9.6
14.35
22
24.9
27.75
33.45
37.3
40.2
33.45
31.55
42.1
26.8
27.75
32.5
44.95
53.55
56.45
63.1
59.25
42.05
35.4
49.7
55.45
46.9
21.05
19.1
33.5
56.4
58.35
60.25
60.25
47.8
42.05
22.95
36.35
39.2
37.3
32.5
31.55
41.15
46.85
50.65
51.6
44.95
35.35
41.15
43.05
25.8
9.6
7.7
13.4
17.2
21
30.6
35.4
18.15
15.3
20.33203125
20.05
12.45
6.7
4.75
4.75
6.7
6.7
9.6
10.55
10.55
10.55
8.65
6.7
4.75
3.8
5.75
10.55
13.4
17.2
21.05
28.7
21.05
27.75
33.45
27.75
24.85
27.75
42.1
48.75
45.9
50.65
50.65
55.5
52.55
55.5
49.7
47.8
27.75
13.4
12.45
14.35
15.3
37.3
37.3
24.9
11.5
7.7
11.5
22
12.45
6.7
8.65
6.7
11.5
15.3
24.9
24.9
18.15
12.45
19.1
19.1
10.55
6.7
6.7
17.25
32.5
32.5
40.2
37.3
12.45
15.3
35.4
51.65
40.2
43.05
44.95
49.7
51.6
41.1
50.65
51.6
46.85
48.75
54.5
51.65
48.75
38.3
44
56.4
58.35
59.3
70.8
48.75
36.3
18.15
22
33.5
45.9
20.1
26.8
29.65
38.25
44
49.75
24.85
9.6
10.55
15.3
17.2
18.2
18.2
10.55
4.75
5.7
10.55
15.3
24.9
15.3
11.5
10.55
25.85
11.45
3.8
2.85
10.55
39.25
35.4
29.65
14.35
20.14765625
23.95
18.15
19.15
12.45
13.4
17.2
23.95
22.95
22
32.5
33.45
25.85
26.8
18.15
21.05
23.9
11.5
9.6
28.7
39.2
46.85
45.9
43.05
26.8
22
35.4
45.9
41.15
36.3
37.3
39.25
48.75
50.65
64.05
56.4
52.6
66.9
61.2
37.3
25.85
20.05
23
27.75
35.35
37.3
38.25
38.3
34.4
37.3
35.4
30.6
31.55
35.35
37.3
42.1
44.95
46.85
52.6
54.5
56.4
48.75
48.75
39.25
37.3
41.15
42.1
48.75
59.3
62.15
59.3
43
15.3
11.5
27.7
44.95
25.8
15.3
23
49.75
27.75
13.4
22
16.25
11.5
9.6
9.6
7.7
2.85
7.0203125
7.65
13.4
13.4
20.05
50.7
32.5
17.2
11.5
26.75
46.85
25.8
15.3
8.65
11.5
17.2
34.45
33.45
29.65
13.4
17.2
10.55
12.45
10.55
2.85
4.75
6.7
11.5
21.05
22.95
19.1
9.6
8.65
16.25
24.9
14.35
5.7
7.65
22.95
32.5
31.55
22
18.2
11.5
12.45
17.2
14.35
9.6
13.4
23
28.7
53.55
61.2
57.35
38.25
31.55
35.35
32.5
40.15
34.45
21.05
24.9
14.35
14.35
14.35
10.55
10.55
10.55
12.45
16.7546875
25.85
20.05
12.45
16.25
28.7
30.6
25.85
32.5
26.8
20.1
14.35
19.1
33.5
28.65
14.35
12.45
18.15
22.95
51.65
61.2
61.2
44
49.7
23.9
10.55
6.7
4.75
6.7
8.65
8.65
12.45
20.1
21
15.3
13.4
31.55
43.05
32.55
23.95
42.1
44.95
53.55
59.3
66.9
47.8
21
18.15
34.4
33.45
28.7
14.35
18.15
23.9
28.7
29.65
20.05
17.2
9.6
5.7
9.6
4.75
7.65
3.8
4.75
5.75
7.65
8.65
10.55
15.3
24.9
22.95
22.95
32.5
19.15
11.5
9.6
11.27734375
10.55
14.35
18.15
15.3
12.45
8.65
16.25
26.75
21.05
20.05
35.4
48.75
53.55
61.2
60.25
61.2
55.5
59.3
64.05
55.45
47.8
48.75
51.6
59.3
65.95
65
62.15
61.2
59.3
52.6
48.75
48.75
38.25
30.6
31.55
23.9
24.9
29.65
31.55
26.8
17.2
15.3
22.95
24.9
17.2
18.15
29.65
51.65
64.05
66
76.5
44
12.45
14.35
17.2
30.76328125
18.2
8.65
8.65
11.5
12.45
17.2
12.45
9.6
8.65
9.6
7.7
5.75
5.75
2.12265625
3.8
17.25
29.65
40.15
45.9
28.65
15.3
15.3
12.45
16.25
8.65
7.7
8.65
9.6
6.7
9.55
12.45
17.2
12.45
11.5
11.5
11.0546875
13.4
6.7
9.6
18.15
23.95
35.4
42.05
42.05
21.05
18.15
41.1
75.55
56.4
21.05
12.45
11.5
16.25
18.15
23.95
18.15
12.45
10.77265625
10.55
18.15
25.85
12.45
9.6
9.6
8.6
15.3
18.15
16.25
10.55
8.65
11.5
13.4
12.45
6.7
4.75
6.7
9.6
18.15
22.95
19.15
11.5
9.6
21.05
31.55
45.9
40.15
23
25.85
26.8
29.65
34.4
38.3
42.1
50.65
55.45
60.25
65.95
49.75
43.05
48.75
50.65
54.5
65
37.25
10.55
10.55
26.75
35.35
29.65
28.7
33.45
46.85
59.3
68.85
79.35
61.2
37.3
49.75
67.85
57.35
30.6
27.75
30.6
40.2
43.05
55.45
63.1
42.05
26.8
31.55
46.85
50.65
42.1
43.05
42.1
41.15
44.95
46.85
50.65
44.95
33.45
31.55
36.3
38.3
40.2
19.15
10.55
13.4
13.4
17.2
9.6
9.6
12.45
25.8
34.4
47.8
46.85
40.2
45.9
44.95
38.25
42.1
47.8
53.55
46.85
41.15
44.95
42.1
27.75
16.25
19.15
24.85
14.35
17.25
21.05
21
21.05
44.95
54.5
52.6
40.15
30.6
32.5
40.2
46.85
60.25
57.35
30.6
12.45
14.35
31.55
51.6
44
41.15
43.05
51.65
62.15
57.35
53.5
70.75
43
31.55
31.55
32.5
45.9
36.35
43.05
48.75
52.55
45.9
44
48.75
37.3
30.6
28.7
34.45
40.2
36.35
34.4
54.5
63.1
65
53.55
42.1
33.45
33.45
36.3
36.35
50.65
48.75
48.75
49.7
49.7
54.5
55.45
22.95
11.5
10.55
17.2
47.8
63.1
40.15
37.3
35.35
33.45
44
60.25
33.5
14.35
16.25
44.9
61.2
44.95
35.35
34.4
31.55
24.9
32.5
36.3
27.75
13.4
8.65
8.65
16.25
23
10.55
12.45
13.4
14.35
24.85
28.7
25.85
23.9
14.35
18.2
28.7
27.75
28.7
32.5
38.3
46.85
60.25
61.2
27.7
22
26.75
32.5
50.7
29.65
27.75
31.55
40.2
51.65
63.1
67.85
34.45
14.35
13.4
25.8
39.2
35.35
13.4
10.55
10.55
17.2
49.75
42.05
26.8
14.35
17.2
18.15
44
59.3
46.85
45.9
54.5
66
76.5
87.05
66.9
41.15
29.65
83.15
79.35
43.95
42.1
47.8
55.45
67.9
77.45
59.3
35.4
14.35
18.15
20.1
59.25
73.65
52.6
44.95
52.55
65.05
76.5
38.25
11.5
4.75
6.7
9.6
39.2
25.85
42.1
44.95
52.55
61.2
66.9
59.3
21.05
10.55
15.3
50.7
52.6
47.8
38.25
48.8
57.4
61.2
62.15
59.3
61.2
53.55
57.4
67.85
47.8
35.4
30.6
38.25
46.85
51.6
65
66.9
34.45
10.55
12.45
12.45
35.4
35.4
14.35
11.5
16.25
26.8
46.85
44.95
23.95
19.585595703125
19.1017852783203
55.5
54.5
42.1
41.15
47.8
57.4
61.2
68.85
50.65
31.55
18.15
15.3
13.4
39.2
52.6
27.7
18.15
21.05
30.6
33.45
31.55
17.2
13.4
12.45
10.55
22
40.2
16.25
7.7
12.45
23.9
26.8
27.75
15.3
10.55
9.6
12.45
11.5
16.25
17.2
35.4
63.1
65.95
74.6
53.55
24.85
13.4
16.25
20.1
43
56.45
57.4
65.95
71.7
69.8
66
56.4
45.9
35.4
34.45
46.85
56.45
59.3
35.4
41.15
44.95
67.85
75.55
63.1
43.05
27.75
24.9
31.55
53.55
56.4
27.75
22.95
33.5
49.7
42.1
33.45
29.65
27.75
29.65
32.5
63.1
54.5
29.65
20.05
27.75
35.4
23.95
37.3
54.5
34.45
26.8
26.75
41.15
50.7
31.55
26.8
20.05
25.85
37.3
49.7
31.55
22
20.05
18.15
52.55
66
43
24.9
26.8
24.9
20.1
15.3
14.35
9.6
9.6
11.5
10.55
12.45
5.75
3.8
6.7
13.4
9.6
11.5
12.45
9.6
9.6
13.4
16.25
18.2
10.55
12.45
18.15
22.95
26.75
33.5
19.1
16.25
16.25
22.95
43
48.75
34.45
30.6
44
35.35
26.8
22
17.2
11.5
22
23
40.2
54.5
23.9
13.4
24.9
22.95
22
29.65
25.85
22
23.2203125
50.7
67.9
22
20.1
24.9
32.5
39.25
42.1
33.5
16.25
4.75
3.8
13.4
29.65
29.65
16.25
11.5
11.5
10.55
6.7
14.35
46.85
38.25
37.3
50.65
58.35
51.6
45.9
28.7
43.05
43.05
36.35
13.4
10.5
3.8
4.75
8.65
24.9
16.25
15.3
18.15
20.05
17.2
17.2
11.5
5.75
3.8
2.85
4.75
11.5
8.65
4.75
2.85
5.47734375
6.7
5.7
7.7
5.75
3.8
3.8
6.7
8.65
13.4
4.75
3.8
5.75
11.5
13.4
16.25
8.65
9.6
10.55
22
39.2
30.6
27.75
34.45
51.65
49.7
46.85
26.75
14.35
17.2
23.95
44.95
64.05
35.4
33.45
48.8
69.8
69.8
64.1
84.2
35.4
20.05
23
38.25
47.8
44.95
37.3
32.5
37.3
38.3
26.8
23
20.1
10.5462890625
14.35
30.6
51.65
41.1
43.05
46.85
47.8
55.45
47.8
25.85
16.25
12.45
9.6
15.3
24.9
31.55
27.75
25.85
27.75
30.6
34.4
27.75
11.5
5.7
5.7
5.7
8.65
18.2
17.2
10.55
8.65
6.7
9.6
8.65
8.65
8.65
8.65
9.6
8.65
17.2
7.7
9.6
12.45
22
26.8
23.95
15.3
11.5
9.6
13.4
19.1
22.95
26.8
36.35
51.65
61.2
65
44.95
35.4
26.75
22
22
30.6
28.7
15.3
15.3
41.15
53.55
48.75
35.4
22
22
18.15
17.2
31.55
30.6
15.3
6.7
9.6
11.5
14.35
17.2
15.3
18.15
15.3
13.4
10.55
12.45
9.6
9.6
11.5
11.5
15.3
9.6
8.65
7.7
12.45
16.25
15.3
18.15
24.9
25.85
37.3
39.2
28.65
45.9
14.35
13.4
11.5
14.35
29.65
35.4
41.15
50.7
60.25
69.8
47.8
43
13.4
18.15
31.55
55.5
40.15
29.65
22
22
32.5
29.65
22
14.35
10.55
11.5
17.2
30.65
61.2
41.15
42.1
45.9
48.75
66
67.9
37.3
16.25
10.55
10.55
15.3
29.65
32.5
36.3
28.7
33.45
50.7
55.45
46.85
31.55
28.7
29.65
21.05
27.75
24.9
12.45
5.7
12.45
22
32.5
13.4
2.85
2.85
2.85
13.4
28.7
23.95
17.2
19.1
21
24.9
18.15
15.3
7.65
6.7
5.7
9.6
20.05
14.35
17.2
27.75
20.1
10.55
11.5
14.35
7.65
7.7
5.75
8.6
28.7
39.25
29.65
32.5
33.45
13.4
13.4
11.5
26.75
27.75
23.95
34.45
49.7
39.2
26.8
23.95
26.3546875
22.95
28.7
24.9
27.75
28.7
32.5
37.3
73.65
61.2
65.05
77.5
53.74296875
32.5
31.55
22.95
18.2
9.6
31.6
49.7
64.05
60.25
31.6
23.9
25.12265625
32.5
23.95
14.35
15.3
18.2
20.05
20.1
15.3
22.95
28.7
28.7
28.7
32.5
25.8
14.35
6.7
4.75
4.75
7.7
7.7
8.65
9.6
11.5
13.4
16.25
16.25
13.4
6.7
4.75
7.65
15.3
14.35
14.35
10.55
12.45
15.07734375
21.05
20.1
8.65
5.7
7.65
9.1546875
11.47216796875
14.35
22.95
19.15
20.05
21
24.9
32.5
12.45
12.45
11.5
12.45
12.45
15.3
20.05
17.2
11.5
13.17734375
15.3
13.4
10.55
11.5
10.55
10.55
10.55
12.45
11.5
10.55
14.35
15.3
16.25
16.25
14.35
7.65
6.7
4.75
11.5
32.5
41.1
27.75
31.55
42.65234375
45.9
39.2
18.2
11.5
8.65
7.7
6.7
10.55
16.25
14.35
17.2
20.33203125
29.65
20.05
16.25
14.35
9.6
11.5
19.1
26.8
22.95
29.65
27.75
18.325
22
19.1
12.45
10.55
6.7
6.7
9.6
15.3
22.95
29.65
23.95
28.03203125
40.2
47.8
44
32.55
25.85
27.75
26.8
32.5
27.75
40.15
36.35
27.46796875
33.45
26.8
25.85
17.2
15.3
14.35
17.2
26.8
23.9
20.05
15.3
25.00703125
29.65
31.55
28.7
20.1
12.45
16.25
41.1
52.6
43.95
27.75
44.95
65.10703125
80.3
61.2
22
16.25
12.45
19.1
34.45
71.75
66.95
32.5
37.3
41.87734375
43.05
44.95
15.3
11.5
8.65
9.6
10.55
34.45
47.8
32.5
54.5
68.3546875
61.2
44
17.2
7.65
7.7
7.65
18.2
25.85
31.55
38.25
47.8
43.4359375
47.8
52.6
65.95
31.6
22
17.2
15.3
19.1
24.9
15.3
14.35
15.07734375
15.3
16.25
8.6
3.8
4.75
4.75
5.7
9.114404296875
9.59821472167969
5.7
9.6
11.5
14.35
11.5
7.65
4.75
5.75
6.7
7.65
7.7
8.6
8.65
7.7
9.37734375
12.45
11.5
8.65
11.5
5.7
3.8
8.65
11.5
15.3
7.65
6.7
9.37734375
12.45
13.4
9.6
8.65
7.7
6.7
7.7
8.65
7.65
3.8
4.75
4.02265625
4.75
6.7
6.7
4.75
3.8
6.7
7.7
8.65
5.7
8.65
10.55
13.17734375
15.3
12.45
9.6
8.65
10.55
10.55
14.35
19.1
16.25
10.55
10.55
16.309375
29.65
23.95
21.05
11.5
7.7
10.55
13.4
12.45
15.3
5.75
5.7
4.02265625
6.7
7.7
9.6
9.6
7.7
7.65
8.65
9.6
15.3
13.4
9.6
16.309375
26.8
28.7
26.8
23.9
17.2
22
18.15
23.95
12.45
6.7
5.75
5.934375
9.6
8.65
13.4
8.65
4.75
5.7
9.6
9.6
9.6
6.7
5.7
5.7
7.7
9.6
7.7
8.65
6.7
5.7
5.7
11.5
8.65
3.8
3.8
3.8
1.9
4.75
5.75
3.8
1.9
2.85
2.85
1.9
2.85
6.7
12.45
14.35
14.35
13.4
4.8
2.85
2.85
3.8
3.8
5.75
15.3
18.15
17.2
32.55
43.05
28.7
10.55
9.6
11.5
12.45
10.55
15.3
19.1
19.1
16.25
15.3
32.5
20.05
14.35
10.55
7.7
10.55
8.65
9.6
11.5
10.55
7.65
18.15
21
18.15
8.65
5.75
3.8
3.8
8.65
18.2
22.95
17.2
24.85
42.1
41.15
27.75
16.25
11.5
11.5
13.4
10.55
20.1
27.75
19.1
12.45
15.3
16.25
20.05
10.5
6.7
3.8
5.75
11.5
17.2
23.9
19.1
17.2
23.95
27.75
34.45
9.55
3.8
2.85
0.95
2.85
2.85
3.8
8.65
14.35
13.4
11.5
7.65
4.75
6.7
4.8
1.9
3.8
1.9
2.85
3.8
5.75
10.55
14.35
10.55
12.45
7.65
3.8
2.85
6.7
10.5
22
11.5
14.35
21.05
19.1
23.95
17.2
9.6
4.75
6.7
19.15
37.3
23.9
14.35
17.2
26.8
27.75
17.2
11.5
5.7
3.8
6.7
7.7
14.35
14.35
14.35
6.7
6.7
14.35
12.45
9.6
3.8
4.75
3.8
21.05
35.4
31.6
12.45
15.3
28.7
24.85
14.35
4.8
2.85
4.75
2.85
4.75
9.6
16.25
14.35
10.55
9.6
11.5
16.25
8.6
3.8
3.8
2.85
4.75
2.85
2.85
1.9
2.85
8.65
8.65
4.75
6.7
2.85
1.9
2.85
2.85
3.8
1.9
3.8
2.85
3.8
6.7
11.5
11.5
10.55
10.55
4.8
5.7
5.7
7.7
8.65
4.75
5.7
7.7
8.65
9.6
9.6
3.8
3.8
9.6
20.1
21.05
8.65
4.75
5.75
7.65
10.55
5.7
9.6
5.7
3.8
7.65
18.2
33.45
30.6
14.35
10.55
15.3
11.5
6.7
4.75
3.8
6.7
4.75
5.7
9.6
10.55
6.7
8.65
8.65
7.65
9.6
6.7
6.7
5.7
6.7
4.75
4.75
1.9
1.9
4.75
5.75
16.25
8.65
5.75
4.75
4.75
4.75
2.85
4.75
2.85
4.75
10.55
9.55
12.4
8.6
4.8
7.65
7.65
9.6
24.85
27.75
37.3
33.5
28.7
18.15
15.3
17.2
12.45
10.55
12.45
13.4
11.5
16.25
11.5
14.35
20.1
27.75
43.95
45.9
45.9
41.15
30.6
30.6
34.4
33.45
22.95
16.25
22.95
28.7
40.15
51.65
51.65
40.2
34.4
31.55
33.5
35.4
27.75
46.85
58.35
57.35
36.35
21.05
7.65
3.8
4.75
3.8
6.7
9.6
8.65
7.65
7.65
8.65
9.6
7.65
6.7
5.7
6.7
7.65
5.7
4.75
4.75
7.65
22
31.55
20.05
12.45
8.65
5.7
7.7
9.6
20.1
26.8
37.3
32.5
31.55
44.95
68.85
51.65
21.05
8.65
7.65
6.7
10.55
22
35.35
40.2
46.85
42.1
30.6
14.35
8.65
8.6
6.7
6.7
10.55
16.25
9.6
7.7
7.65
21.05
16.25
23.95
13.4
3.8
3.8
6.7
7.65
12.45
5.75
5.75
7.7
15.3
20.1
10.55
8.6
1.9
5.75
5.7
7.7
5.7
2.85
1.9
3.8
3.8
5.7
5.7
5.7
5.75
8.65
7.7
7.65
10.55
6.7
5.7
9.6
18.15
22
11.5
8.65
5.7
2.85
10.55
17.2
21
16.25
12.45
10.55
14.35
19.1
7.65
7.7
6.7
3.8
3.8
0.95
2.85
0
1.9
3.8
1.9
2.85
3.8
3.8
3.8
1.9
1.9
2.85
3.8
2.85
1.9
2.85
3.8
4.75
5.7
3.8
4.75
3.8
3.8
6.7
7.65
3.8
2.85
3.8
7.7
7.7
3.8
3.8
2.85
4.75
4.75
5.7
6.7
4.8
1.9
3.8
2.85
8.65
5.7
3.8
3.8
2.85
2.85
4.75
6.7
4.75
1.9
4.75
2.85
9.6
19.1
12.45
4.75
2.85
4.75
5.7
7.7
7.7
5.75
5.7
7.7
9.6
6.7
4.75
3.8
4.75
3.8
6.7
13.4
12.45
8.65
14.35
12.45
8.65
7.65
3.8
1.9
2.85
2.85
3.8
3.8
2.85
3.8
6.7
6.7
7.7
9.6
5.7
2.85
4.75
7.7
8.65
8.65
4.75
6.7
27.7
49.7
28.7
29.65
33.45
31.55
47.90703125
48.75
55.45
67.85
44
34.4
42.1
52.6
61.2
20.1
8.65
10.55
10.55
11.5
43
48.75
37.3
32.5
26.8
28.7
23.9
10.55
6.7
5.7
5.7
8.65
9.6
11.5
10.55
7.7
7.65
8.65
12.45
10.55
9.6
6.7
6.7
8.65
7.65
10.55
4.75
3.8
5.7
9.6
10.55
18.15
19.1
15.3
17.2
17.2
19.1
16.25
11.5
14.35
17.2
17.2
20.1
12.45
8.65
13.4
14.35
42.1
54.5
52.6
42.1
44
44.95
43
30.6
42.1
29.65
19.1
20.05
22
22
24.9
21
22
36.35
61.2
61.2
50.7
44
41.15
37.3
36.3
41.15
40.2
32.55
23.95
32.55
37.3
35.4
49.7
52.6
43.05
32.5
33.45
37.3
29.65
13.4
7.7
9.6
12.45
22.95
25.85
26.8
23.95
31.55
33.45
41.15
50.65
52.6
59.3
58.35
80.3
71.75
70.75
18.15
11.5
23.9
48.75
55.45
46.85
25.85
21
30.6
29.65
38.25
23.9
14.35
8.65
11.5
18.15
22
22
17.2
12.45
17.2
13.4
17.2
20.05
11.5
10.55
11.5
8.65
7.65
16.25
24.9
34.4
54.5
48.8
31.55
17.2
16.25
9.6
12.45
14.35
20.1
42.05
35.4
34.45
44
54.5
27.75
32.5
39.2
23.9
18.15
24.9
28.7
45.9
44
37.3
64.05
77.45
47.8
37.3
21.05
20.05
15.3
22
44
46.85
31.55
30.6
32.5
34.45
30.6
14.35
8.6
5.7
4.75
5.7
7.65
12.45
6.7
4.75
5.7
8.65
12.45
15.3
26.75
18.2
8.65
8.65
9.6
10.55
8.65
7.7
8.65
11.5
10.55
11.5
8.65
11.5
9.6
12.45
12.45
13.4
6.7
4.75
6.7
7.7
10.55
13.4
9.6
8.65
6.7
7.7
6.7
7.7
7.65
6.7
5.75
10.55
11.5
17.2
13.4
8.65
9.6
10.55
12.45
13.4
13.4
13.4
16.25
14.35
17.2
15.3
23
22.95
16.25
16.25
17.2
20.1
11.5
12.45
19.1
65
74.55
38.25
27.75
23.95
22.95
29.890283203125
30.5972276687622
30.5999891705811
30.5999999576976
30.5999999998348
30.5999999999994
30.6
30.6
30.6
30.6
30.6
30.6
30.6
33.45
35.4
16.25
18.15
22.95
30.6
34.4
23.9
12.45
17.2
17.2
24.85
45.9
32.5
17.2
19.1
20.05
23.9
20.1
17.2
10.55
11.5
13.4
12.45
22
40.2
25.85
21
23.95
30.6
29.65
14.35
8.65
5.7
5.7
9.6
17.2
20.05
21
22
33.45
34.4
24.9
19.15
9.6
7.65
10.55
19.1
42.05
51.65
44
57.35
66
78.45
88
63.1
25.85
17.2
17.2
22
27.75
42.05
22
14.35
21
40.15
68.85
41.15
34.45
8.6
7.7
5.7
16.25
27.75
14.35
8.65
11.5
18.15
22
21.05
7.65
4.75
6.7
7.65
41.1
55.45
40.2
27.75
33.45
43.05
43.05
18.15
12.45
14.12734375
18.15
22.95
75.55
50.7
36.3
44
55.45
66.9
80.3
58.3
44.95
25.85
24.9
32.78203125
36.258251953125
47.8
43.05
34.4
51.65
47.8
54.5
33.5
17.2
13.4
8.65
23.9
34.4
42.1
50.7
62.15
64.1
30.6
22
23.95
16.25
12.45
15.3
16.25
19.1
22.95
22.95
15.3
17.2
17.2
19.1
24.9
20.05
17.2
16.25
16.25
38.25
46.85
37.3
32.55
38.25
55.45
48.75
34.45
24.9
19.1
13.4
17.2
36.35
58.35
31.6
20.05
23
23.95
25.85
23
18.15
12.45
14.35
17.2
34.45
48.75
20.1
13.4
12.45
13.4
19.1
23.95
23.95
21
31.068115234375
32.4944067001343
32.4999794363976
54.5
48.75
31.55
36.35
45.9
44
36.35
26.8
22.95
22
20.05
29.65
46.85
29.65
15.3
13.4
12.45
15.3
15.3
13.4
11.5
10.55
8.65
14.35
17.2
16.25
16.25
20.05
22
20.05
15.3
12.45
9.6
10.55
8.65
14.35
19.1
17.2
14.35
18.15
22
23.95
22
24.9
20.05
22.95
24.9
30.6
33.45
29.65
29.65
40.2
34.4
44
49.75
23.9
18.15
29.65
26.8
36.35
38.3
41.15
49.7
53.55
62.15
54.5
24.85
12.45
8.65
8.65
11.5
27.75
54.5
26.8
10.55
13.4
15.3
15.3
15.3
12.45
7.7
12.45
18.15
48.75
49.75
18.2
14.35
15.3
20.1
20.05
25.8
9.6
8.65
6.7
7.7
11.5
9.6
6.7
4.75
5.7
9.6
24.9
14.35
10.55
11.5
12.45
8.65
8.65
15.3
23.9
29.65
28.7
27.75
47.8
57.4
17.25
9.6
9.6
18.2
57.35
55.5
56.45
66.9
71.7
79.35
74.55
58.35
20.1
19.1
36.35
54.5
66.95
49.75
53.55
64.05
72.7
80.35
90.85
66.9
44.95
47.8
38.3
49.75
65
58.3
66.9
70.75
79.35
70.8
76.5
68.85
46.85
27.75
25.85
27.75
46.85
58.3
48.75
57.4
56.45
48.75
56.45
57.35
28.7
21.72216796875
20.05
23.9
35.35
34.45
16.25
24.85
55.45
59.3
48.8
32.5
22.95
15.3
17.2
22.95
43
55.45
43.95
37.3
44.95
44.95
36.35
21
15.3
10.55
11.5
12.45
17.2
30.6
27.75
39.2
45.9
30.6
31.55
35.35
43.05
22
19.1
20.05
26.8
23.9
33.5
61.2
36.35
71.7
73.65
72.65
37.3
22
18.15
21.05
41.15
31.6
14.35
12.45
16.25
24.9
32.5
29.65
20.1
16.25
16.25
15.3
24.9
18.15
6.7
5.75
6.7
9.6
13.4
18.15
31.55
18.15
13.4
17.2
31.55
26.75
11.5
6.7
10.55
15.3
26.8
23.9
19.1
16.25
16.25
13.4
33.45
21.05
10.55
8.65
13.4
15.3
16.25
10.55
11.5
9.6
7.7
13.4
16.25
13.4
8.65
7.7
10.55
11.5
15.3
14.35
11.5
5.7
5.75
6.7
18.2
20.05
16.25
31.55
52.6
43
54.5
66.95
32.5
11.5
11.5
14.35
12.45
14.35
11.5
13.4
47.8
69.8
87.05
70.75
50.65
46.85
42.1
43.05
42.1
42.1
35.35
36.35
42.1
47.8
51.6
38.25
33.45
32.5
23.9
21
20.05
17.2
8.65
11.5
12.45
14.35
21.05
26.8
23
21
31.55
32.5
37.3
23.9
11.5
14.35
22.95
29.65
59.25
62.15
72.7
75.55
59.3
64.05
73.65
62.15
62.15
59.3
50.65
50.65
53.55
37.3
15.3
10.55
10.55
8.65
35.4
25.85
4.75
5.7
6.7
5.75
5.75
6.7
7.7
6.7
5.7
4.75
5.7
9.6
10.55
12.45
14.35
14.35
18.15
16.25
9.6
5.7
4.75
10.55
18.2
29.65
10.55
8.65
9.6
10.55
12.45
20.05
14.35
11.5
11.5
14.35
36.3
43.05
25.8
56.4
74.6
58.35
57.35
51.65
36.35
17.2
13.4
20.05
28.7
16.3
6.7
6.7
9.6
10.55
12.45
18.15
16.25
13.4
14.35
15.3
19.1
13.4
4.75
8.65
19.15
39.25
54.5
56.4
34.4
20.1
33.5
57.4
52.6
49.7
48.75
59.3
65.95
50.7
62.15
46.85
39.2
24.11328125
18.15
30.6
55.45
30.65
27.7
56.4
65
65.95
67.85
58.3
22
25.85
27.75
23.95
34.45
34.45
20.1
27.75
55.45
51.65
34.4
45.9
32.5
18.2
13.4
31.55
53.5
49.7
35.35
46.85
70.75
71.7
58.3
43.05
35.35
38.25
44
57.35
65.95
50.65
51.6
50.65
56.45
53.55
52.55
38.25
29.65
20.1
8.65
10.55
22.95
17.25
3.8
2.85
5.75
7.7
10.55
18.2
21.05
13.4
7.7
6.7
12.45
9.6
2.85
3.8
4.75
8.65
9.6
20.05
12.45
10.55
6.7
8.65
10.55
6.7
3.8
2.85
5.75
6.7
10.55
13.4
12.45
9.6
8.65
10.55
19.1
12.45
5.7
6.7
6.7
7.65
10.55
12.45
22.95
16.25
11.5
10.55
17.2
15.3
8.65
11.5
12.45
11.5
11.5
11.5
10.55
10.5
9.6
7.65
11.5
7.7
6.7
6.7
8.65
11.5
11.5
15.3
13.4
10.55
8.65
10.55
13.4
9.6
3.8
3.8
5.7
7.65
11.5
15.3
17.2
17.2
27.7
41.15
54.5
65.95
35.4
19.15
13.4
18.2
40.2
36.35
22.95
10.55
10.55
11.0546875
13.4
14.35
6.7
3.8
4.75
2.85
7.65
12.45
20.05
18.15
19.1
15.3
20.05
12.45
6.7
5.7
5.7
16.25
32.55
39.25
33.5
16.25
18.15
26.8
43.05
54.5
27.75
22.95
26.8
34.4
45.9
51.6
37.3
25.85
31.55
34.4
58.35
59.3
52.55
64.05
72.7
81.25
80.3
68.85
50.7
35.4
47.8
51.6
76.5
83.2
60.2
60.2
73.65
77.45
83.2
82.2
54.5
32.55
36.35
67.9
89.9
75.5
61.2
42.05
39.2
49.75
42.1
47.8
36.35
19.1
19.1
27.75
48.75
44.95
18.15
9.6
11.5
18.15
23
49.75
55.45
37.3
32.5
48.8
54.5
42.05
14.35
11.5
16.25
23
24.9
29.65
27.75
16.25
11.5
12.45
19.1
11.5
3.8
3.8
3.8
3.8
6.7
9.6
11.5
10.55
10.55
9.6
10.55
8.65
4.75
2.85
5.7
9.6
6.7
8.65
8.65
8.65
8.65
10.55
10.55
9.6
5.75
4.75
6.7
5.7
7.7
10.55
14.35
8.65
8.65
7.7
9.6
4.75
3.8
4.75
5.75
6.7
9.6
14.35
15.3
19.1
16.25
20.1
31.55
18.2
6.7
3.8
9.6
7.7
16.25
17.2
19.1
11.5
8.65
22.95
57.35
45.9
31.55
23.9
26.8
25.85
29.65
30.6
28.7
20.05
11.5
12.45
33.5
30.6
9.6
7.7
9.6
14.35
14.35
18.2
15.3
11.5
7.7
10.55
20.05
12.45
5.75
5.7
6.7
5.7
6.7
9.6
7.7
9.6
7.65
11.5
22.95
32.55
8.65
11.5
10.55
14.35
35.35
49.7
26.8
19.15
15.3
12.45
10.55
10.55
11.5
10.55
12.45
12.45
8.65
9.6
11.5
6.7
8.65
8.65
7.7
4.75
5.7
5.7
5.75
5.7
4.75
5.7
6.7
7.7
7.7
9.6
9.6
11.5
6.7
10.55
11.5
16.25
13.4
7.7
9.6
9.6
10.55
16.25
29.65
19.15
6.7
5.7
7.7
10.55
15.3
16.25
20.05
15.3
11.5
10.55
12.45
15.3
11.5
7.65
10.55
16.25
17.2
21
23.95
19.585595703125
19.1018968582153
19.1000074096024
20.05
13.4
6.7
5.7
6.7
7.65
12.45
15.3
18.15
10.71328125
9.6
10.55
12.45
8.65
4.75
5.7
5.7
6.7
7.7
8.65
9.6
9.6
30.6
29.65
23.9
15.3
6.7
8.65
10.55
9.6
11.5
11.5
11.5
8.65
5.7
6.7
7.7
5.7
4.75
5.7
4.75
5.7
6.7
9.6
10.55
15.3
22.95
31.55
44.95
48.8
36.35
41.15
49.7
59.25
52.55
33.45
44.95
29.65
17.2
19.1
22
13.4
6.7
8.65
6.7
4.75
6.7
12.45
11.5
8.65
12.45
13.4
19.1
12.45
5.7
4.75
6.7
9.6
14.35
19.1
23
14.35
9.6
16.25
22.95
12.45
5.75
8.65
10.55
12.45
14.35
19.1
21
10.55
8.65
13.4
13.4
9.6
5.7
3.8
5.7
6.7
10.55
11.5
9.6
9.6
7.7
6.7
8.65
9.6
6.7
4.75
13.4
15.3
22
25.85
19.1
12.45
9.6
9.6
16.25
10.55
6.7
6.7
10.55
7.65
8.6
14.35
13.4
16.25
22.95
51.65
53.55
45.9
33.45
32.5
46.85
45.9
53.55
58.35
22
13.4
8.65
7.7
12.45
11.5
6.7
6.7
8.6
15.3
18.15
28.7
42.1
29.65
28.7
43
53.55
44
37.3
44.95
51.6
59.3
70.75
79.35
54.5
29.65
25.8
47.8
53.55
27.75
10.55
14.35
16.25
13.4
14.35
13.4
14.35
14.35
12.45
22.95
40.2
24.85
13.4
11.5
13.4
15.3
27.75
25.85
33.5
17.2
17.2
19.1
15.3
12.45
8.65
12.45
16.25
15.3
14.35
24.9
20.05
15.3
20.05
27.7
45.9
40.15
16.25
21
29.65
51.6
58.35
57.4
52.6
48.75
45.9
41.15
41.15
36.35
36.35
37.3
54.5
56.45
49.7
40.15
54.5
30.65
30.6
41.1
45.9
41.1
39.25
42.05
60.25
63.1
67.85
64.05
55.5
68.85
68.85
52.55
54.5
57.35
48.75
45.9
46.85
45.9
54.5
49.7
52.55
46.85
36.35
39.2
64.05
59.3
65
61.2
58.35
58.35
56.4
47.8
54.5
53.55
50.65
52.6
45.9
29.65
19.1
23
28.7
38.25
45.9
36.35
42.05
42.1
42.1
41.15
37.3
35.4
30.6
33.45
39.25
38.25
40.2
39.2
50.65
39.25
36.3
34.4
41.15
41.15
38.3
44
54.10234375
61.1105072021484
61.1996504187584
61.1999986344483
61.1999999946658
61.1999999999792
61.1999999999999
61.2
61.2
61.2
61.2
61.2
61.2
61.2
61.2
61.2
61.2
61.2
61.2
61.2
61.2
66.9
50.65
41.15
63.15
64.1
79.35
72.7
57.8515625
40.40947265625
26.8
59.3
65.95
65
57.4
66.95
68.8
68.85
83.2
73.6
66.9
74.6
69.8
55.5
52.6
45.9
43.05
49.7
55.5
