"x"
63.6
71
65.9
69.7
75
76.8
71.1
71.4
69.9
70.3
68.1
70.3
71.8
77.7
80.9
79.1
91.3
95.5
94.7
90.2
74
61.7
49.1
49.1
33.8
33.4
24.8
27.1
20.3
20.3
18.1
15.8
18.1
13.6
15.8
15.4
17.7
15.8
18.1
13.6
11.3
13.6
13.2
13.2
13.2
12.7
15.4
12.7
15.4
15.4
13.1
15.4
19.9
19.5
21.3
25.3
27.2
29
26.8
28.6
30.8
30.4
32.6
34.5
34.5
36.7
38.5
41.2
43
44.8
47.5
49.2
48.7
48.6
48.6
48.6
50.8
53
50.8
50.8
49
47.1
47.1
47.1
47.1
44.9
49.8
40.8
36.3
31.8
35.9
40.4
44.9
47.1
44.9
44.9
33.6
31.8
34.1
38.5
38.1
43
42.6
45.3
47.1
38.1
31.8
38.5
42.6
47.1
47.1
40.3
26.9
27.3
22.8
25.1
22.8
20.6
20.6
27.3
29.5
27.3
20.6
22.4
24.2
20.1
20.1
15.2
15.2
19.7
17.9
17.5
15.6
19.3
17.5
19.7
13.4
13
15.2
13
13
13.4
10.7
15.6
17.4
17
15.2
15.2
17.4
20.1
17
17.4
17
16.6
19.2
17
19.2
20.6
24.7
29.6
31.8
36.3
34.1
34.5
34.5
34.9
37.1
37.6
31.3
26.8
26.8
18.2
16
13.7
13.7
16
16
13.7
11.5
11.5
9.2
11.1
16
10.35
7.525
4.7
7
7
7
9.2
11.5
9.2
11.5
9.2
9.2
13.7
13.7
13.7
13.7
11.4
15.9
22.6
22.6
20.4
28.9
33.8
33.8
27.1
31.2
35.6
37.9
40.1
36.1
33.4
35.6
28.9
28.5
28.5
24
26.2
24
26.2
24
21.7
23.6
21.3
21.3
20.9
23.1
23.1
25.4
23.5
23.5
23.5
23.5
25.8
25.4
30.8
32.6
29
30.8
32.6
26.3
24.9
24.5
21.8
21.8
24.1
25.9
29.5
27.7
29.5
28.6
34.5
39.4
39
40.4
42.1
42.5
45.2
43.8
42.4
36.9
35.5
41
42.4
42.4
36.9
32.9
28.8
28.8
24.3
24.7
31.5
35.5
40
44.5
46.7
55.7
53.2
51.95
50.7
53.9
57.6
58.5
60.2
58
63.5
63.9
63.5
61.6
60.2
57.5
53.9
52.5
51.7
61.6
61.6
59.8
57.1
59.3
58.5
56.1
58.4
49.8
50.3
48.9
48.4
44.4
41.7
39.9
28.3
30.5
28.7
28.3
23.8
23.8
23.4
23.8
23.8
23.4
21.1
18.9
18.9
23.8
22.45
21.775
21.4375
21.1
23.3
21.1
22.9
23.3
25.6
27.8
25.6
27.8
32.3
34.5
27.4
27.4
29.6
32.3
36.8
32.3
41.2
36.8
34.5
34.5
34.1
38.6
39
40.8
39.4
37.2
42.1
42.1
37.6
30.9
28.7
29.1
24.6
17.9
17.9
15.7
13.4
11.2
13.4
13.4
13.4
11.2
13.4
17.9
15.7
20.1
15.65
13.425
11.2
11.2
11.2
11.2
11.2
15.7
17.9
17.9
20.1
20.1
20.1
20.1
22.4
22.4
26.8
31.3
29.1
29.1
31.3
29.1
33.5
33.5
33.1
40.3
35.8
35.8
35.8
31.3
31.3
29.1
29.1
38
31.3
33.5
30.9
33.1
28.7
30.9
24.2
22.4
19.7
17.5
21.9
24.2
24.2
26.4
24.2
28.2
26
19.7
26
15.2
21.5
21.5
25.6
18.9
21.9
23.4
25.6
27.4
35.5
39.2
45.1
41.4
48.3
57.5
64.4
62.1
65.4
60.7
77.6
81.8
71.3
78.6
85.7
81.2
70.9
65.6
96.3
88.6
89.5
82.2
81.2
80
87.5
79.2
70.5
74.3
70.7
66
68.2
67.1
69.5
76
66.95
62.425
57.9
62.6
66.1
65.9
66.3
72.6
81.9
78.4
77.2
81.3
83.5
81.9
82.3
80.2
79.3
70.7
65.8
76.8
76.4
78.7
77.2
79.1
79.7
74.6
75
75.4
67.6
68
63.6
64
59.5
50.2
42
43.9
35.3
41.2
37.2
32.7
30.5
26.4
28.2
25.6
26
26.4
21.5
17.5
17.1
17.5
19.3
15.2
14.8
17.1
18.9
21.1
21.1
25.6
25.2
25.2
20.8
20.8
23
23
27.1
29.3
27.8
29.7
36.4
29.7
36
36
36
40.1
40.1
42.3
42.7
45.7
45.3
43.5
41.6
39.8
37.6
37.6
35.3
31.2
26.8
22.3
24.5
22.3
20.1
17.9
20.1
22.3
20.1
26.8
22.35
20.125
17.9
20.1
20.1
20.1
17.9
17.9
20.1
17.9
17.8
22.3
17.8
20.1
20.1
20.1
20.1
17.8
15.6
15.6
17.8
15.6
20.1
20.1
20.1
20.1
22.3
20.1
20.1
22.3
17.8
20.1
22.3
24.2
24.5
28.6
28.6
28.6
26.4
26.4
21.9
21.9
21.9
21.5
23.8
21.5
17.5
19.7
17.5
15.2
20.1
17.5
19.7
24.5
26
24.2
24.2
24.2
19.3
21.5
24.2
26
24.2
28.2
23.8
26.4
21.9
24.2
19.7
17.5
19.7
19.7
19.7
17.5
19.7
15.2
15.2
13.4
10.8
13.4
13.4
13.4
17.8
24.5
20.1
15.6
13.4
17.8
15.6
13.4
15.6
15.2
22.3
17.8
22.3
31.2
25.65
22.875
20.1
20.1
15.6
13.4
15.6
17.8
20.1
22.3
28.2
35.3
37.1
37.5
37.5
37.5
43.8
48.3
48.7
44.2
46.4
46.4
50.9
46.4
57.6
64.6
64.2
49
49
57.6
62
55.3
48.6
50.9
59.4
72.1
73.6
76.2
67.6
55
41.6
37.9
33.4
28.6
22.3
28.2
34.6
38.6
39.4
46
42
37.1
38.6
38.6
49.4
48.7
48.3
46.1
35.7
33.8
36.8
32.3
38.6
33.5
35.7
40.5
43.5
49.9
49.5
51.7
52.1
49.1
47.6
45.3
56.1
54.2
48.3
54.2
52.7
52.7
50.8
44.2
37.5
33
28.6
40.1
48.6
46.7
37.8
37.8
33.4
28.9
26.7
28.9
35.6
51.2
61.15
66.125
71.1
76.7
85
85.2
77.2
68.3
82.5
76.8
92
91.6
80.9
72.7
70.2
77.2
80.9
79.1
53.4
49
42.3
40.1
42.3
88.7
94.6
106.2
92.8
75.3
117.5
125.9
127.7
122.9
120.4
117.3
101.8
90.2
92.4
81.6
77.2
72.4
93.9
113.1
110.8
58.7
58.7
102.6
104
111.2
79
65.7
69.5
56.5
65
66.9
68.1
74.4
87.9
82.1
83.7
84.9
80.6
67.4
69
69
68.6
64.9
62.6
73.9
76.7
61
53.15
49.225
47.2625
46.28125
45.790625
45.5453125
45.42265625
45.361328125
45.3306640625
45.31533203125
45.307666015625
45.3038330078125
45.3019165039062
45.3009582519531
45.3004791259766
45.3002395629883
45.3001197814941
45.3000598907471
45.3000299453735
45.3000149726868
45.3000074863434
45.3000037431717
45.3000018715858
45.3000009357929
45.3000004678965
45.3000002339482
45.3000001169741
45.3000000584871
45.3000000292435
45.3000000146218
45.3000000073109
45.3000000036554
45.3000000018277
45.3000000009139
45.3000000004569
45.3000000002285
45.3000000001142
45.3000000000571
45.3000000000286
45.3000000000143
45.3000000000071
45.3000000000036
45.3000000000018
45.3000000000009
45.3000000000004
45.3000000000002
45.3000000000001
45.3000000000001
45.3
45.3
45.3
45.3
45.3
45.3
45.3
45.3
45.3
45.3
45.3
45.3
45.3
45.3
45.3
45.3
45.3
45.3
45.3
45.3
45.3
45.3
45.3
45.3
45.3
45.3
45.3
45.3
45.3
45.3
45.3
45.3
45.3
45.3
45.3
45.3
45.3
45.3
45.3
45.3
45.3
45.3
45.3
45.3
45.3
45.3
45.3
45.3
45.3
45.3
45.3
45.3
45.3
45.3
45.3
45.3
45.3
45.3
45.3
45.3
43.4
39.3
33
24.1
17.8
15.5
17.8
17.8
24.4
17.8
17.8
20
22.2
33.3
28.85
26.625
24.4
26.6
31.1
26.3
20
22.2
24.4
26.6
28.9
26.6
22.2
28.5
30.8
35.5
41.9
37.4
37.4
41.9
46.3
44.1
37.7
39.9
44.1
35.5
33.3
37.4
28.8
28.5
33
33
34.9
39
32.3
34.6
34.9
33
26.3
19.7
30.4
19.7
17.4
21.9
26.6
21.9
19.7
19.7
15.2
24.1
21.9
30.4
23.8
23.8
26.3
21.6
21.6
19.3
30.1
21.6
27.9
34.3
34
34
43.8
40.3
40
42.2
40.6
44.4
54.3
57.6
59.5
57.9
58.9
51.6
50.3
55.1
53.8
56
54.7
54.7
54
60.1
60.7
57.4
55.8
56.4
61.2
50.7
57
59.3
55.1
46.6
44.3
59.6
52.95
49.625
46.3
44
51
59.6
55.1
50.7
52.9
53.2
57.3
67.5
72.3
70
68.1
68.1
74.2
80.8
77.7
78
77.7
78.7
82
79.3
75.8
72.2
72.2
70.3
71.7
70
65.6
57
48.5
56.4
54.2
41.2
43.4
39
32.4
36.5
45.8
48
50.5
61.9
65.8
56.1
55.6
68.7
65.9
68.9
65.1
62.6
67
62.6
67.8
70.7
76
74.9
71.3
72.2
68.4
68.4
69.9
61.1
65.8
67.6
65.2
64.9
62.6
70.8
69.9
66.6
66.5
69.1
67.7
62.4
61.1
64.3
62.7
62.9
58.1
53
57.6
53
51
51.1
52.6
57.6
56.8
58.2
58.5
58.5
64.6
67.1
70.2
74.1
65.25
60.825
56.4
58.6
60.3
58.4
58.6
58.9
60.6
58.6
58.9
54.8
55.1
54.8
52.8
50.6
45.9
46.2
41.8
35.4
37.6
39.8
44
39.6
37.3
41.8
44
50.3
50.1
37.3
41.8
44
41.8
41.5
41.2
42.9
38.7
34.9
30.4
30.7
32.4
34.9
28.2
30.4
28.2
36.5
36.2
36.5
32.1
29.9
34.6
34.6
32.4
27.9
29.6
40.1
42.1
52
52.8
53.1
50.4
56.5
54.5
57
58.9
72.5
75.6
75.6
68.7
57.9
65
65.1
72
69.2
65.3
68.1
66.7
65.6
67.3
67.5
62
58.1
58.4
56.2
48.4
52.3
44.2
37.6
35.4
33.2
35.4
31
33.2
39.8
48.6
52.8
44.1
39.75
35.4
37.6
46.4
53.1
55.3
48.6
53.1
55.3
57.5
59.7
66.3
75.2
68.5
57.5
59.7
53.1
50.8
46.4
39.8
39.8
42
44.2
46.4
48.6
53.1
57.5
55.3
53.1
59.7
55.3
59.7
57.2
55
57.2
59.4
50.3
50.6
48.4
43.9
39.5
39.5
41.7
37.3
35.1
34.8
35.1
39.3
37.3
37.1
34.8
34.8
34.8
34.8
41.2
43.4
47.3
51.7
47.3
45.4
47.3
48.8
48.8
44.9
44.9
44.6
46.6
43.8
43.8
41.4
37.7
38.2
34.1
36.3
41
38.7
39
45.6
43.7
35.1
37.3
37.3
42
39.5
37.5
37.5
37.5
35.3
37.5
37.5
42
46.4
50.8
48.3
55.2
49.7
46.95
44.2
46.4
44.2
39.5
46.4
53
53
46.1
48.3
48.6
48.6
42
37.5
39.7
35.3
26.5
22.1
26.5
24.3
26.5
28.7
24.3
26.5
28.7
30.9
30.9
30.9
35.3
39.7
37.5
35.3
33.1
30.7
39.5
41.7
35.3
26.2
19.6
19.9
26.2
32.9
34.8
32.6
34.6
32.4
30.4
30.7
28.2
28
30.4
28.2
25.8
25.8
25.8
28
32.4
34.1
34.1
34.1
32.1
31.9
29.7
29.9
29.7
31.9
32.1
29.7
27.7
36.3
40.5
38.8
37
34.6
41.2
41.2
37
39.2
35.1
34.8
30.6
33.1
30.6
24.3
28.7
28.7
24.3
24.3
22.1
24.3
19.9
19.9
22.1
24.3
33.1
27.6
24.85
22.1
24.3
24.3
22.1
26.5
26.5
33.1
28.7
24.3
26.2
26.5
37.5
41.7
44.1
44.1
28.7
26.5
41.9
39.7
37.5
44.1
39.7
30.9
35.3
37.5
52.9
61.7
57.1
55.1
59.3
67.9
72.1
54.7
43.9
32.8
30.6
26.2
24
22
21.8
26
24
21.6
21.6
23.8
21.8
20.6
20
19.7
19.4
21.6
17.4
17.2
23.6
23.8
23.6
25.8
21.1
23.3
27.7
27.5
25.5
33.2
41.2
35.2
33.7
33.4
33.9
41.4
38.9
41.6
41.4
45.6
43.8
37.6
43.8
50
56.8
50.6
49.1
45.6
41.4
39.4
41.6
35
35
35
30.8
35.2
48
46
46.2
46
50.6
47.2
45.5
43.8
41.6
43.8
48.2
58.8
61
63.2
65.2
65.2
69.6
65.2
65.4
63.4
59.2
54.8
50.4
41.8
37.1
39.6
37.4
37.4
32.9
30.7
30.7
32.9
43.5
39.6
32.7
35.1
35.1
32.9
28.5
28.3
28.3
34.7
30.5
34.9
28.3
30.5
26.1
23.9
26.1
26.1
23.9
26.1
19.7
21.4
19.2
25.6
23.6
23.6
28
19.4
19.4
14.8
21.4
17
23.6
26
27.8
27.8
29.8
38.4
32.2
34.2
34.2
32
27.8
34.4
36.6
36.8
34.6
36.8
37.1
30.2
30.4
30.4
30.4
28.2
32.8
26.2
19.6
17.4
17.4
15.2
15.2
15.2
17.4
15.2
13
13
15.2
19.6
24
16.25
12.375
8.5
10.7
10.7
8.5
10.7
10.7
10.7
79.9
75.5
86.4
84.4
77.9
71.2
62.6
58.1
55.9
55.9
44.7
47.1
49.3
58.1
64.8
75.8
69
55.9
67
66.8
95.2
107.8
111.9
116
120.4
105.6
68.9
66.5
57.6
55.2
48.8
42.3
42.3
42.3
42.1
37.7
39.8
46.4
46.4
44.2
44
41.8
46.1
41.8
43.8
56.3
50.1
50.3
52.5
52
56.3
50
47.9
56.4
45.9
41.6
45.5
60.7
58
63.9
63.6
66.6
66.3
65.8
66.1
65.4
63
61.3
71.2
74.1
70.2
71
69.3
67.5
62.4
63.4
62.6
65.8
63.8
67.7
67.5
69.4
73.1
73.1
76
68.9
75.5
73.1
71.9
70.7
73.1
71
49.1
49.3
53.7
33.8
25
27.2
27.2
20.6
22.8
25
29.3
27.2
22.8
25
27.2
29.3
25
22.8
18.4
20.6
20.6
25
22.8
27.2
36.1
44.7
40.3
40.3
37.9
51
59.7
57.5
52.9
50.8
44.2
46.4
37.6
44.2
50.5
28.9
33.3
37.6
33.2
35.4
37.4
35.2
35.2
35.2
31
31
35.2
37.1
41.5
39.5
39.1
39.1
36.9
39.3
34.7
36.9
32.7
32.7
34.7
40.3
50.3
64
63.5
60.8
58.6
56.7
57
54.5
53.8
51
47.8
57.4
64.2
61.6
61.4
61.8
56.2
58.8
53
55
55.6
59.3
60
62.5
64.7
63.7
70.7
66.3
64.1
61.9
59.5
61.7
60.7
62.9
62.4
64.9
64.9
65.3
63.7
63.9
66
67.3
65.6
67.5
66.8
63.2
55.4
61.7
66.1
68.2
70.5
72.9
64.3
55.6
47
44.8
35.9
31.7
27.1
29.3
22.7
20.3
20.3
16.1
20.5
18.3
22.7
22.6
15.9
18.1
13.7
16.1
18.1
18.1
15.9
18.1
16.1
18.2
18
20.2
20
20.2
22.2
22.4
15.8
18
19.8
26.3
22.1
19.7
19.8
24.1
25.9
21.9
21.7
19.9
19.7
21.5
27.6
33.7
31.7
35.6
40
33.9
31.9
34.4
35.9
34.8
34.9
39.3
41.5
39.2
37.7
35.6
35.6
36
25
29.5
22.8
27.3
22.9
25.1
29.5
24
21.25
18.5
18.5
25.1
22.9
20.7
22.9
27.2
29.4
33.8
31.6
29.4
25
25.2
20.8
18.6
14.2
14.2
9.7
12
9.8
14.2
14
12
12
12
18.6
20.6
14
11.8
14.2
11.8
9.8
7.4
5.4
7.4
9.6
9.6
9.6
7.4
9.8
9.6
11.8
9.6
11.8
14
9.6
9.4
9.6
14
13.7
11.8
13.8
11.6
13.8
11.8
16.2
9.3
13.8
11.6
9.4
9.4
9.5
9.3
11.7
7.3
7.3
7.3
9.5
9.5
9.6
9.6
9.5
13.9
13.9
15.9
13.7
15.9
16.1
16.1
20.5
24.9
20.6
18.4
16.4
16.4
14.2
12
14.2
12
12
14.2
16.3
20.8
23
18.6
16.4
14.2
18.6
20.8
20.8
23
23
20.8
14.2
14.2
12
29.3
29.5
29.5
35.9
29.6
27.3
29.5
29.5
29.3
23
20.7
23
23
22.9
23
22.9
20.7
20.8
20.8
20.9
20.7
29.3
24.7
24.7
22.7
18.3
26.9
29.1
22.7
18.5
20.5
24.7
33.5
18.3
20.7
14.1
16.3
14.1
16.3
11.9
9.7
14.1
11.9
11.9
14.1
11.7
11.9
13.9
13.8
9.4
16.1
15.8
20
22.4
28.3
30.3
28.4
30.6
28.6
32.3
32.3
36.9
40.6
47.8
48.1
56
51.7
57.2
55.2
51.1
51
53.7
51.1
58.1
57.4
47.7
38.5
38.3
42.8
38.3
38.3
36.1
40.5
47.1
47.85
48.225
48.6
46.9
49.1
46.7
46.9
44.5
40.5
38.1
42.5
40.5
40.3
44.5
42.3
40.1
38.1
33.9
38.1
36.1
29.5
29.5
33.9
33.9
38.3
40.3
44.5
40.3
42.3
38.1
33.6
42.3
38.1
37.8
37.8
33.6
33.4
29.4
29.2
22.6
18.6
18.4
20.6
18.2
20.4
15.9
15.9
13.8
18.1
15.9
16
14
16
15.9
15.7
15.3
17.7
15.5
19.9
20.1
24.3
24.5
24.3
24.3
24.5
26.7
24.3
26.5
20.4
19.9
17.7
19.9
24.1
19.7
17.7
17.7
22.1
24.3
22.3
26.5
28.9
29
28.9
27
27.2
27.2
25.2
25.4
23.2
20.8
23.2
25.4
25.4
25.4
29.7
36.3
30.85
28.125
25.4
34
40.5
40.7
34
40.7
42.9
31.9
34.1
38.5
44.9
42.9
40.7
40.7
31.9
32
42.9
31.8
31.8
34.1
32
29.8
27.6
27.6
34
38.3
31.8
31.8
38.3
31.8
29.6
29.6
27.4
25.2
23
25.2
25.2
27.2
31.6
20.8
21
20.9
23
22.9
20.5
20.5
20.5
20.5
22.5
26.7
18.3
18.1
20.2
24.7
22.5
24.9
22.5
18.2
22.4
22.5
26.4
26.4
26.4
24.4
24
23.8
19.8
24
22
28
25.9
32.2
28
31.7
31.9
32.1
30.2
30.6
32.4
32.6
34.8
35.1
33.5
31.5
35.8
38.2
33.8
31.8
34
38.6
38.4
40.6
40.7
47.3
42.85
40.625
38.4
42.8
40.6
38.4
40.6
42.6
40.6
44.6
42.4
46.4
44.1
43.7
45
43
41.2
39.5
39.5
39.3
37.7
29.3
31.3
27.1
29.3
29.1
27.1
24.8
22.8
20.4
20.4
20.6
22.4
20.4
20.2
18.2
18.4
16.2
20.4
16
16.2
18.4
20.9
29.5
22.9
22.9
22.8
18.6
18.6
18.4
20.4
20.6
18.6
16.2
14.4
14.2
16.2
16.2
16
18.2
18.2
18.2
20.2
22.1
22.1
22.3
20.4
22.4
26.4
35
43.4
45.4
49.4
62.2
58.9
53.9
49.8
45.9
42.1
39.9
37.7
33.9
48.6
42.8
34.1
31.9
27.5
25.5
32.1
29.9
25.5
21.1
16.8
21
27.5
25.5
22.25
20.625
19
21.2
23.3
21.2
27.7
27.7
25.3
29.9
32.1
38.6
55.9
73
82.3
82.7
58.2
53.9
51.7
49.5
60.4
73.2
73.2
62.4
60.3
66.8
71
55.9
47.2
49.2
38.3
25.4
18.8
18.8
18.8
18.8
16.6
18.8
20.8
20.8
22.8
20.7
20.8
20.8
20.7
16.5
14.3
16.5
18.7
16.5
20.8
20.7
23
22.7
24.9
29
33
30.9
33.2
35.2
37.2
43.1
42.9
38.7
38.3
38.3
40
46.9
44.3
42.2
48
48.2
50.4
54.2
48.2
46.4
44.4
45.1
45.2
51.2
51.4
47.8
48.1
48.3
52.5
55.2
51.4
57.5
61.7
59.9
55.9
51.5
45.2
45.2
45.2
49.5
48.45
47.925
47.4
45.2
34.3
34.3
38.7
40.8
36.5
32.1
32
36.3
32
34.1
34.3
30
30
32.1
32.1
34.1
53.7
51.7
49.4
49.2
51.6
60.1
60.1
59.9
61.9
23.3
18.9
21.1
16.7
14.6
14.6
14.6
14.6
14.6
12.4
14.6
12.4
14.6
14.6
10
14.4
14.4
14.4
14.4
14.4
14.4
12.2
14.2
16.6
14.4
12.2
14.4
14.4
14.2
9.9
14.2
14.2
14.2
12.1
11.9
14.2
14.1
14.2
14.1
14.1
16.2
16.2
20.2
20.4
20.4
20.4
24.6
28.8
28.6
36.7
40.9
36.7
34.9
35.1
42
37.8
42
40.2
40.3
36.3
32.2
27.8
25.7
27.8
27.8
30
34.4
34.4
34.4
34.4
32.2
40.5
42.5
42.9
43.1
47
51
45.1
47
47
42.9
38.5
32
29.8
29.8
42.7
38.5
29.8
27.7
27.9
21.3
19.2
21.2
21.3
17
12.5
16.8
12.5
14.6
14.6
12.5
14.6
12.3
14.7
12.5
14.7
14.7
12.5
10.5
6
10.1
8.1
6
10.3
10.1
10.3
12.5
10.1
8.2
10.3
8.2
10.3
6
6
8.2
10.3
8.2
8.2
12.3
8
8.2
10.2
10.2
12.3
12.3
12.3
12.2
12.3
14.3
14.3
14.3
14.3
16.3
18.3
16.1
16.5
16.5
16.5
21
21
25.4
29.7
32.1
32.1
27.9
23.4
25.7
27.9
27.9
25.7
23.6
23.6
30.1
26.85
25.225
23.6
27.9
32.2
30.1
36.6
34.4
34.4
36.4
45.1
47.3
45.1
49.2
55.6
59.9
66.2
61.9
57.7
63.7
61.7
53.4
47.1
42.7
44.9
42.9
27.7
23.4
21.2
27.6
21.2
23.4
19.1
16.9
16.9
14.7
12.6
12.6
10.4
10.4
14.9
10.4
14.6
12.4
16.9
12.6
12.4
12.6
12.4
12.4
12.4
12.2
10.2
10.2
16.7
14.4
14.6
17.5
18.95
19.675
20.0375
20.21875
20.309375
20.3546875
20.37734375
20.388671875
20.3943359375
20.39716796875
20.398583984375
20.3992919921875
20.3996459960937
20.3998229980469
20.3999114990234
20.3999557495117
20.3999778747559
20.3999889373779
20.399994468689
20.3999972343445
20.3999986171722
20.3999993085861
20.3999996542931
20.3999998271465
20.3999999135733
20.3999999567866
20.3999999783933
20.3999999891967
20.3999999945983
20.3999999972992
20.3999999986496
20.3999999993248
20.3999999996624
20.3999999998312
20.3999999999156
20.3999999999578
20.3999999999789
20.3999999999894
20.3999999999947
20.3999999999974
20.3999999999987
20.3999999999993
20.3999999999997
20.3999999999998
20.3999999999999
20.4
20.4
20.4
20.4
20.4
20.4
20.4
20.4
20.4
20.4
20.4
20.4
20.4
20.4
20.4
20.4
20.4
20.4
20.4
20.4
20.4
20.4
20.4
20.4
20.4
20.4
20.4
20.4
20.4
20.4
20.4
20.4
20.4
20.4
20.4
20.4
20.4
20.4
20.4
20.4
20.4
20.4
20.4
20.4
20.4
20.4
20.4
20.4
20.4
20.4
20.4
15.9
18.3
15.6
17.6
25.9
29.1
35.4
29.8
29.6
28.4
26.6
28.9
26.9
24.6
28.9
29.1
29.1
31.6
31.8
29.6
29.8
29.5
35.8
27.5
23.3
16.9
19.2
19.2
21.4
23.5
19.2
14.9
17
25.7
8.6
8.6
8.6
15.1
12.9
11.8
10.7
10.8
10.8
12.9
12.9
15.1
17.2
19.4
23.5
21.6
21.6
25.9
28
25.9
25.9
21.4
21.6
21.6
25.9
23.6
23.7
23.7
23.7
23.7
23.7
21.4
21.4
23.6
23.6
21.4
17.1
19.2
19.2
19.4
21.2
21.2
19.1
19.2
14.7
16.9
16.9
19.1
18.9
14.6
16.7
15.05
13.4
17.05
18.875
20.7
20.5
16.6
18.9
20.7
18.5
20.5
20.3
26.4
24.7
26.8
25
22.7
26.4
22.5
24.5
20.5
22.5
24.3
28.2
30.6
36
39.4
43.4
43.2
43.2
39.4
39.6
42.1
36.3
38.7
36.7
37.4
33.1
36.2
36.3
34
34.2
34.2
38.3
38.3
36.3
38.5
42.8
49.3
41.85
38.125
34.4
30.2
38.7
36.3
28.1
25.9
25.9
25.7
25.9
21.4
19.3
21.4
25.7
30
25.7
32
38.7
36.3
32.2
32.2
30
25.7
23.6
23.6
25.9
21.4
19.3
21.4
21.2
17.1
14.8
19.1
18.9
18.9
19.1
19.3
16.9
14.6
23.4
19.1
16.9
16.9
19.1
16.9
16.9
14.8
12.6
16.7
16.7
16.7
14.8
14.6
14.8
16.7
14.6
12.6
14.8
14.6
16.7
16.6
18.9
20.7
18.9
16.6
16.7
16.6
18.5
22.9
27
22.7
30.4
30.6
38.5
41
37.2
31
33.5
31.5
27.7
25.5
27.7
25.7
19.3
21.6
19.4
21.6
19.4
17.3
19.4
19.4
19.4
21.6
23.7
30.2
25.9
23.75
21.6
25.9
28.1
34.5
38.9
41
30.2
41
41
38.9
41
41
41
34.5
30.2
25.9
23.7
25.9
28.1
25.9
21.6
25.9
25.9
23.7
21.6
28.1
30
34.4
25.7
25.7
23.6
21.4
25.7
27.9
30
23.6
27.9
25.5
25.7
23.4
25.7
36.3
19.2
23.4
34.2
29.9
27.9
27.9
25.7
30
32.2
29.9
32
32
40.5
38.3
36
34.2
38.3
31.7
27.5
29.7
27.3
27.3
23.2
27.3
27.2
25.4
37.4
36.9
34.7
45.3
44.8
56.9
62.3
65.4
66.1
60.7
64.3
71.2
63.2
64.1
61.8
56.4
57.6
56.2
56.7
57.3
55.3
55.4
57.6
60.1
62.3
66.8
64.05
62.675
61.3
55.2
32.4
28.1
25.9
30.2
30.2
25.9
43.2
47.5
43.2
38.9
47.5
51.4
51.6
47.3
49.5
53.8
51.6
53.8
49.5
36.5
32.2
38.9
40.8
40.8
41
34.4
32.2
32.2
40.8
40.8
34.2
34.4
36.3
34.2
38.5
40.5
32
36
25.4
31.7
27.3
23.2
21.1
23.4
25.5
23.2
23
27.2
22.9
25.2
20.9
22.9
27
31
29.2
27.3
33.6
35.4
43.4
41
41.6
47.9
39.9
40.1
35.8
39.6
41.6
43.4
41
41
42.8
43
49.1
49.3
51.1
49.3
49.7
50
45.9
50.6
40.5
44.6
38.5
34.4
34.4
34.5
30.2
19.4
19.4
19.4
17.3
21.6
19.45
18.375
17.3
19.4
17.3
17.3
19.4
23.7
25.9
25.7
30
32.1
32.1
29.8
27.8
25.7
26.75
27.8
30
27.8
25.7
25.7
23.6
25.7
25.7
25.5
23.4
21.2
25.7
21.2
19.3
15
12.8
14.8
21.2
18.9
21.1
18.9
12.7
14.8
17
23.4
16.9
15
17.1
16.9
17.1
14.8
16.8
16.8
14.8
14.8
14.8
12.7
16.9
14.8
16.9
16.9
14.6
14.8
16.8
16.9
16.9
18.9
18.7
18.7
21
21
23
29.4
35.5
39.2
43.3
47.6
43.7
53.5
54
49.9
48.1
50.3
44.2
44.4
48.5
46.7
34
29.9
29.9
25.7
21.4
21.4
23.5
23.5
27.8
27.8
34.2
38.5
33.15
30.475
27.8
25.7
25.7
23.5
25.7
27.8
27.8
29.9
32.1
29.9
32.1
38.5
40.6
40.6
53.4
47
36.3
40.6
40.6
36.3
29.9
25.6
27.8
27.8
23.5
25.6
23.5
23.5
25.6
21.4
23.3
25.6
21.4
19.2
23.5
17.1
21.4
12.8
12.8
15
12.8
12.8
10.5
10.7
12.8
15
12.8
15
12.8
19.2
14.9
14.9
19.2
14.8
14.9
16.9
19.2
19
21.2
19.2
16.9
19
23.1
27.4
27.2
31.5
37.7
39.7
55.8
61.5
51.8
45.5
45.5
41.4
43.7
43.7
37.3
35.7
35.6
37.9
40.2
44.3
56.5
68.3
69.2
69.7
73.4
76.3
76.4
75.4
76.6
76.8
81
84.8
82.35
81.125
79.9
79.4
80.8
80.3
71.1
59.6
57.4
68.1
55.5
36.3
57.4
67.9
61.7
63.8
44.6
38.4
36.1
36.3
34.1
40.5
34.1
29.9
25.6
25.6
23.5
19.2
14.9
17.1
17.1
16.9
14.7
16.9
16.9
17.1
14.7
14.7
12.6
16.9
14.7
14.7
14.7
16.9
16.9
19
19
14.7
14.7
12.6
12.6
16.9
12.6
16.9
14.7
14.7
14.7
12.6
14.7
14.6
14.6
14.6
18.8
18.6
16.7
14.7
14.5
12.6
14.4
14.5
16.5
16.7
14.5
16.7
12.4
18.6
18.6
18.8
18.6
16.7
16.7
19
21.1
23.2
23.1
25.2
31.8
31.8
29.8
27.7
27.7
27.7
31.9
31.9
31.9
36
30.75
28.125
25.5
19.2
25.5
27.5
29.8
31.9
34.1
25.5
23.4
29.8
33.9
40.3
40.3
38.1
38.1
42.4
36
38.3
29.6
29.6
29.8
33.9
31.7
29.6
25.5
25.5
23.2
19
21.1
23.2
23.2
19
27.5
23.2
23.2
25.3
23.2
21.1
21.1
25.3
25.3
20.9
23.2
25
29.2
29.2
25
29
31.3
35.6
33.7
29.4
23
25.1
29.4
29.4
25
29.2
29.2
35.4
37.2
31
29
33.3
33.3
33.1
33.1
39.1
49.9
55.9
55.7
62.1
60.2
62.5
58.2
52.2
54.3
46.2
44.3
38.1
31.7
34
29.8
27.6
25.5
23.4
23.4
21.3
21.2
23.4
21.2
23.4
25.5
27.6
25.5
24.45
23.4
23.4
25.5
27.6
29.7
27.6
27.6
27.6
27.6
31.9
29.7
27.6
27.6
25.5
27.6
31.9
31.9
51
55
52.9
46.7
46.7
38.2
34
31.9
38
31.9
23.4
29.5
25.1
27.4
23
18.7
20.9
20.7
22.8
18.5
22.8
23
20.9
25.3
21
23.2
27.2
23
29.3
25.1
21
25.3
23
21.2
16.8
18.9
21
16.8
25.3
18.9
23.2
27.4
25.1
25.1
23.2
29.3
29.1
29.1
29.1
33.2
41.5
37.2
45.7
47.5
49.4
53.5
45.3
51.3
53.5
51.7
47.7
45.7
45.9
56.1
58.1
50
44.2
38
38
33.7
31.6
33.7
31.8
36
38.2
42.4
46.6
42.4
40.3
38.2
33.9
31.8
29.7
31.8
36
33.9
38.2
42.4
42.4
48.6
48.8
48.7
50.9
50.9
50.9
48.7
40.3
44.5
38.1
36
40.3
40.3
40.3
46.6
38.1
38.1
38.1
35.8
37.9
48.7
69.2
57
63.4
46.4
40.3
33.7
37.9
40.1
40.1
40.1
35.6
35.6
33.5
33.5
35.6
35.4
39.7
43.5
41.4
41.2
45.3
51.6
51.2
49.1
51
53
53
52.8
56.8
46.4
50.6
48.3
58.1
69.3
69.3
68.9
71.4
66.4
66.4
64.3
60.1
58.1
57.6
50.1
50.1
52.5
45.2
39.6
44.1
44.8
41.4
43.7
43.9
43.9
54.4
58.7
56.6
56.7
58.9
61.4
56.9
57.1
59
55.85
54.275
52.7
46.5
48.7
36
27.5
29.6
27.5
33.8
38.1
35.8
44.2
48.5
46.5
50.6
46.5
44.4
40.2
42.3
42.3
46.5
44.4
40.2
40
40
44
41.9
33.6
31.5
35.6
37.5
37.5
33.2
33.2
29.2
27.1
30.9
35.2
33
37.1
47.3
41.1
10.4
12.5
12.5
14.6
14.6
16.5
8.3
8.3
10.4
10.4
12.5
12.5
10.2
12.5
14.2
16.3
16.3
18.4
20.4
16.1
16.1
16.1
16.1
14
14
16.3
16.1
14.2
19.8
18.2
24.4
18.2
16.5
20.7
18.6
16.7
14.6
18.6
20.7
14.6
14.6
12.5
10.4
8.4
8.4
6.3
8.4
6.3
6.3
6.3
8.4
8.4
12.7
10.55
9.475
8.4
12.7
12.7
12.7
10.6
12.5
14.6
14.8
14.8
19
20.9
37.6
43.9
48
48
48.1
46.2
39.9
48.1
47.9
47.9
35.9
42
45.8
39.9
43.9
49.7
55.2
41.4
39.3
45.4
41
53.3
43.3
46
43.5
33
35.1
37.2
26.8
10.2
18.6
12.3
14.4
12.3
10.2
12.3
12.3
10.2
12.3
12.3
8
8
8
8
10.3
8
12.3
14.4
12.1
14
13.8
15.9
18
19.9
15.9
16.1
14
18.2
22.4
32.5
28.9
41.4
39.1
41.2
43.3
43.3
33.1
35.2
37.3
39.3
45.6
43.7
41.7
37.7
31.6
44.2
54.6
56.7
59
50.6
40
35.8
40
31.6
27.4
23.2
25.3
27.4
25.3
31.6
50.4
67.2
67.2
75.4
79.6
75.6
75.4
79.6
77.7
69.3
58.8
48.4
46.3
50.5
46.3
42.1
37.9
44.2
44.2
37.9
35.8
33.5
35.6
25.3
16.8
16.8
14.5
10.5
10.5
8.4
10.5
8.4
8.2
8.4
10.5
8.4
8.4
8.4
6.3
8.4
8.4
6.1
8.4
6.3
6.1
10.5
8.4
6.1
8.4
8.4
6.1
8.4
8.2
10.3
12.4
12.4
12.4
12.4
12.2
14.3
14.3
16.4
16.4
14.3
12.2
18.5
14.3
14.1
22.5
26.5
26.7
20.6
16.6
16.4
16.6
14.5
16.6
18.9
18.9
18.7
23.1
23.1
21
23.1
21
21
21
25.2
27.3
26.25
25.725
25.2
31.5
35.7
33.6
31.5
33.6
37.8
37.6
39.7
39.7
35.5
37.6
41.8
39.7
52.1
50.2
50.2
44.1
39.7
37.8
33.6
27.3
23.1
25.2
23.1
18.9
18.9
16.8
16.8
12.4
14.5
12.6
12.6
10.5
10.3
8.2
10.3
8.2
12.4
10.5
12.4
10.3
10.3
12.6
12.6
12.4
10.3
12.6
10.5
10.3
8.2
14.5
18.7
18.5
18.5
18.7
18.7
22.9
22.7
24.8
20.8
22.9
20.8
22.9
23.1
22.9
22.9
25
25
22.9
20.8
27.1
27.1
27.1
27.1
22.9
23.1
18.9
16.8
14.7
14.7
14.7
10.5
16.8
16.8
16.8
12.6
10.5
6.3
8.4
10.5
8.4
12.6
12.6
10.5
9.45
8.4
6.3
8.4
10.5
12.6
12.6
10.5
10.5
12.6
12.6
12.6
12.6
14.7
12.6
14.7
12.6
14.7
10.5
16.8
21
16.8
14.7
14.7
16.8
16.6
23.1
18.9
27.3
22.9
22.9
21
18.9
16.8
18.7
23.1
18.9
20.8
18.5
22.8
18.7
20.5
20.8
20.5
18.55
17.575
17.0875
16.6
18.4
27
24.7
20.3
34.8
32.9
35
35
28.9
24.9
22.6
24.5
26.6
24.3
22.4
20.3
19.9
22.2
24.5
20.5
20.3
19.5
21.6
27.9
32
35.6
39.8
41.7
39.6
41.7
45.9
46.3
42.7
42.7
40.8
38.7
30.9
33
26.9
29.2
29.2
29.2
29.2
29.2
31.3
31.3
35.5
34.45
33.925
33.4
33.4
27.1
27.1
35.5
39.5
47.9
41.6
39.5
31.3
33.4
35.5
35.3
41.6
41.8
52.3
50.2
46
41.6
41.8
37.6
27.1
20.8
31.3
35.5
35.5
37.2
45.1
41.1
43
43
26.9
24.8
22.7
16.4
16.4
12.2
16.2
12.2
14.3
14.3
14.3
16.3
16.3
20.5
22.4
16.1
18.2
18
19.9
27.5
41
51.3
50.6
44.5
48.5
44.5
42.4
42.6
40.5
36.3
35.9
40.5
34
38.2
40.7
42.8
44.7
42.6
43
40.9
42.8
38.6
35
34.6
32.5
32.9
28.7
26.6
26.4
22.4
20.3
16.3
14.4
14.4
14.4
10.2
10.2
10.1
10.1
8
10.1
10.1
12.2
12.2
12.2
12.2
16.4
12.2
14.1
16.2
16.4
16.4
22.5
28.8
22.5
24.6
28.8
29
30.9
28.8
33
33
28.8
30.9
22.5
30.9
24.6
20.6
14.1
14.1
14.1
18.3
18.3
20.2
20.4
16
20.4
18.3
16.2
18.1
16
16
11.6
16
16
11.8
13.8
17.9
17.8
15.7
13.6
19.9
15.5
17.6
17.6
19.7
17.6
19.9
23.9
27.9
28.3
21.6
19.7
19.9
21.8
21.8
19.7
19.5
25.6
29.8
25.8
27.9
27.7
29.6
31.7
31.2
38.6
38.8
34.6
32.9
29.4
29.2
26.9
29.4
29.8
29.6
25.8
26.2
24.1
20.1
22.3
18.3
18.3
20.4
18.3
18.3
18.3
16.2
18.3
17.25
16.725
16.2
18.3
16.2
18.3
20.2
22.3
24.6
24.6
24.4
26.5
26.5
28.6
28.6
28.6
24.6
24.4
24.6
20.2
26.7
26.5
32.6
30.3
28.4
26.3
28.4
24.4
28.6
22.1
28.4
26.3
24.2
24.3
26.3
26.3
26.3
28.4
22.2
18
24.3
22.2
24.1
19.9
19.9
20.1
17.6
17.6
15.5
25.9
23.8
22.65
22.075
21.7875
21.5
19.4
21.6
21.5
25.3
23.7
17.8
19.5
19.5
21.3
23.5
25.3
17.8
17.6
17.4
15.7
17.4
23.3
19.3
21.1
25.3
21.2
21.1
23.2
23
21.1
21.2
21.4
19.5
17.6
15.7
15.6
17.7
17.9
18.1
13.7
13.9
13.9
13.9
16
16
18.1
17.05
16.525
16
16
16
18.1
22.1
24.4
26.5
26.5
28.4
28.6
38.9
34.9
26.3
28.4
32.6
34.7
43.1
32.6
34.7
30.5
34.7
40.8
34.7
43.1
34.7
34.7
32.4
24.1
21.9
19.8
19.8
19.9
19.8
23.8
21.7
29.9
33.9
26
19.9
15.4
19.6
15.4
19.6
19.4
23.6
23.6
23.6
17.6
15.5
13.2
15.5
13.4
19.5
21.5
21.5
21.6
19.5
19.3
21.6
23.5
22
23.7
21.4
19.2
29.3
29.3
20.7
22.8
27
34.7
40.7
37.9
43.8
47.3
49.1
49.6
52.4
52.9
47.7
41.7
42.2
40.1
32.1
36.1
32.3
32.4
34.7
34.5
32.6
30.5
32.6
36.6
36.8
38.9
37.65
37.025
36.4
45.2
43.1
34.7
36.8
34.7
36.8
28.4
24.2
26.3
22
22
19.8
22
19.9
15.7
19.9
24
34.1
32.5
38.7
30.3
21.8
17.6
26.2
21.8
26
21.7
19.7
30.2
34.1
21.8
21.8
29.9
30.1
30.1
28
25.8
27.8
30.2
36.2
29.7
38.3
42.3
36.2
23.9
21.6
19.3
19.5
26
15.5
15.5
17.6
13.4
17.6
17.4
17.4
17.4
23.5
31.8
19.7
11.2
11.2
11.2
11.2
15.3
13.3
11.2
11.2
9.1
9
11.2
13.2
11.1
7
9.1
11.2
11.2
13.3
11.2
13.3
15.6
17.7
15.6
17.5
15.6
15.6
19.8
17.7
11.4
15.6
13.5
17.7
24
24
24
24
21.9
15.5
13.4
15.5
17.6
19.6
19.6
17.6
19.6
19.7
21.8
28
30.1
28
21.7
19.5
25.9
23.8
23.9
26
19.5
13.2
13.4
13.2
27.8
25.7
19.7
13.4
15.3
17.6
15.5
11.1
13.4
11.1
19.3
21.4
19.3
19.3
17.4
17.4
19.5
21.6
15.3
17.4
15.3
10.9
13
13
15.3
17.2
17
17.2
17.2
19.3
17.2
21.2
23
17
23
19.1
19.3
17
17.2
17.3
17.3
10.9
17
17.2
15.1
17.3
15.1
15.1
13.1
12.9
15.2
13.1
13.1
11
13.1
13.3
15.4
11.1
11
11
13.2
13.2
13.2
13.2
15.3
17.4
17.4
17.4
19.5
18.45
17.925
17.4
21.6
19.5
17.4
19.5
21.6
23.7
40
41.9
44.1
42
44.4
42.9
42.8
40.8
40.5
42.4
40.4
40.3
42.7
47.2
45
43.2
41.1
39.1
45
36.9
37
34.8
30.6
34.8
28.5
32.6
30.4
26.3
26.2
24.2
22
22.1
21.9
22.1
17.8
19.9
17.9
19.9
17.8
15.8
15.8
17.9
15.8
22
17.7
13.6
17.8
15.7
15.6
19.7
17.6
15.7
15.7
15.6
15.5
19.5
19.6
23.6
21.7
23.9
19.9
19.9
19.7
17.6
17.7
17.8
15.6
13.5
15.7
15.7
17.9
15.9
16.1
16.1
14.1
12
14.2
14.2
12.1
10
7.9
10.1
10.1
7.9
10.1
12.2
12.2
11.15
10.625
10.1
10.1
12.2
12.2
14.3
10
12.2
14.3
16.4
12.2
14.4
14.3
14.3
16.4
16.4
18.5
18.6
18.6
18.6
18.6
16.5
18.6
18.6
22.8
22.8
20.6
22.8
20.7
20.7
20.7
20.6
18.5
20.6
18.5
20.6
22.7
20.5
24.7
28.7
28.9
22.8
18.5
22.7
24.8
22.8
26.9
22.7
24.8
31
33.1
35.2
37.4
27
27
29.1
27
24.9
27
29
24.8
20.7
24.8
26.9
25
18.7
27
24.9
20.8
27
27
27.1
22.9
22.8
25
25
23
23
18.8
18.7
14.6
16.7
12.6
12.6
8.3
8.4
8.4
6.3
6.3
6.3
6.3
8.4
8.4
6.3
8.4
10.55
11.625
12.7
6.3
6.4
8.5
8.5
8.5
8.5
10.6
12.7
14.8
14.8
21.2
21.2
19.1
19.1
17
21.2
19.1
17
17
14.9
17
17
14.8
17
17
21.2
21.2
25.3
23.2
23.2
23.2
27.3
27.5
27.4
25.2
21
10.6
12.8
10.7
12.7
17
21.1
14.9
19
21.1
19
21.1
16.9
19
21.1
23.1
23.2
27.4
25.4
25.5
31.8
23.4
25.5
25.5
25.6
27.7
21.4
21.3
21.4
21.2
27.6
35.9
33.8
33.9
36
36
38.2
42.3
42.4
38.2
40.3
36.1
31.9
27.7
21.4
17.2
15.2
15.2
13
13.1
11
11
13.1
11
11
11
13.1
17.4
24.75
28.425
32.1
25.8
23.7
23.6
25.8
25.8
23.7
25.8
34.2
32.1
32.2
30.1
30.1
30.1
28
30
27.9
25.8
30.1
36.4
34.3
21.7
21.7
28
30.1
23.8
30.1
17.5
19.5
23.8
23.8
21.7
23.8
19.6
17.5
19.6
19.6
19.6
17.5
15.3
15.3
15.4
15.3
17.5
15.4
15.4
13.2
9.1
11.2
11.2
9.1
11.2
9.1
11.2
11.2
13.3
13.3
15.3
13.3
15.4
13.3
15.4
13.3
11.2
15.4
19.7
19.7
21.7
23.6
32
38.3
40.5
40.5
38.3
42.5
42.5
36.1
34.2
30
30.1
26
23.9
21.9
21.9
19.8
21.9
21.9
19.8
19.9
19.9
15.7
15.7
13.6
19.9
17.8
16.75
15.7
17.8
17.8
20
24.2
20
20
22.1
22.1
26.3
24.2
24.2
26.3
22.1
28.4
32.7
32.7
30.6
26.3
24.2
22.1
24.3
32.7
34.7
28.4
28.4
24.3
24.2
26.4
34.8
32.7
28.5
24.2
24.2
28.4
28.4
22.2
24.2
19.9
19.9
20
21.9
17.9
15.8
13.7
11.6
17.9
13.7
11.6
13.7
15.8
15.8
11.6
13.8
13.8
13.7
15.8
15.8
17.8
17.8
17.9
17.8
17.9
19.9
24.1
24.2
28.4
24.1
28.3
28.2
36.5
38.4
38.4
34.3
32.3
40.6
38.4
40.6
38.5
40.7
36.6
42.6
44.9
44.9
41
45.3
35
32.9
30.9
28.8
24.6
18.3
18.3
20.4
15.15
12.525
9.9
7.8
9.9
7.8
9.9
7.8
12
12
18.3
20.4
22.5
24.6
22.6
22.6
24.6
24.6
22.5
18.3
20.4
22.5
26.8
20.4
16.2
26.8
22.6
26.8
24.7
20.5
22.6
18.4
20.5
28.9
31
20.5
24.7
24.7
24.7
24.7
22.6
20.5
18.4
20.5
16.3
14.2
18.5
18.5
22.7
14.3
16.4
16.4
16.3
18.4
18.5
20.6
20.6
12.3
12.2
16.4
14.3
10.1
16.4
16.4
20.5
22.8
20.7
16.4
14.3
14.4
16.5
18.6
16.5
16.5
14.4
14.4
12.3
16.5
14.4
16.6
16.6
14.5
16.6
16.6
16.6
16.6
20.8
35.5
31.3
27.1
25
25
27.1
25
29.3
31.4
31.4
31.4
31.4
33.5
35.6
35.6
35.6
33.5
31.4
33.5
33.5
29.3
37.7
46.1
35.6
35.6
27.2
25.1
18.8
16.7
14.6
21
21
23.1
29.3
31.5
27.3
31.5
27.3
29.3
27.3
27.3
23.1
23.1
18.9
18.9
14.7
14.6
16.8
14.6
16.7
20.9
20.9
21
23.1
21
18.9
16.8
18.9
16.8
16.8
14.7
14.8
12.6
12.7
12.6
12.6
10.5
12.6
10.5
10.5
12.6
12.6
12.7
14.8
12.7
10.6
12.7
10.6
12.7
12.7
16.8
14.7
16.8
19
16.9
16.9
23.1
25.3
29.4
39.7
39.7
41.9
41.8
48.1
48.2
46.1
46.3
48.5
42.2
46.4
48.5
48.5
44.3
33.9
44.4
33.9
28.65
23.4
19.2
19.2
21.3
21.3
21.4
23.5
25.6
27.7
31.8
31.9
27.7
27.7
27.7
25.5
27.6
25.6
21.4
23.5
21.4
19.3
29.8
29.8
23.5
21.4
23.5
25.6
25.6
25.6
23.5
23.5
21.4
25.6
23.5
25.6
27.7
23.5
23.6
29.8
25.6
23.5
19.3
19.3
21.4
19.3
23.5
21.5
23.5
25.6
23.5
21.4
21.4
23.5
21.4
21.4
25.5
25.6
23.5
23.4
21.4
23.5
23.5
23.4
27.7
29.9
29.9
25.7
25.6
29.9
34
31.9
44.4
46.6
52.7
61
59
56.9
52.8
54.8
61
61
58.9
57
48.8
46.8
44.8
42.7
42.7
46.9
57.4
69.9
80.4
84.6
93
79.4
72.6
65.8
61.6
57.4
57.4
59.5
59.6
53.3
51.2
42.8
40.7
38.6
36.5
32.3
40.7
44.9
55.4
53.3
49.1
44.9
42.8
47
59.6
57.5
47
45
40.8
45
42.9
40.8
44.9
47.1
47
70.1
51.2
55.4
65.9
80.5
70
55.4
38.7
44.9
44.9
42.8
42.8
42.8
40.8
40.7
34.4
34.4
34.4
34.4
34.4
36.5
36.5
42.7
42.7
46.9
48.9
55.1
51
46.7
50.9
50.9
55
52.9
63.2
57
63.1
69.1
71.2
77.2
77.1
79
82.7
96.3
88.8
80.9
81
71.1
70.9
70.7
68.7
68.6
66.7
68.8
68.5
76.6
70.6
71
73.2
73.3
75.5
75.8
78
77.05
76.575
76.1
78.1
80.4
82.4
80.3
82.4
84.1
84.1
84.1
76.4
68.3
80.7
66.1
57.9
55.8
55.8
51.6
49.5
57.9
64.2
78.7
80.8
80.6
88.1
89.6
89.4
83.8
83.9
86.1
78.1
57.7
51.5
53.5
49.3
49.3
49.3
41
32.7
36.8
34.8
32.7
32.7
38.8
36.8
34.7
32.7
26.4
26.4
28.5
28.5
28.5
22.3
26.4
26.5
28.5
26.4
28.5
32.6
30.5
34.7
34.7
38.8
42.9
36.8
36.7
36.8
38.8
45.1
47.1
43
43
42.9
45
45
45
45.1
45.2
47.3
41.2
45.4
49.6
49.6
47.5
51.8
31
33.1
24.7
22.7
18.5
20.6
26.9
20.6
22.7
29
23.75
21.125
18.5
18.5
22.7
24.8
18.5
18.5
20.6
22.7
18.6
22.7
20.6
22.7
31.1
31.1
31.1
35.3
39.5
66.7
77
76.9
64.5
54.1
64.4
50
37.4
41.6
37.4
33.2
39.5
35.3
31.1
41.5
39.4
35.2
22.8
16.6
14.5
16.5
18.6
16.5
12.4
14.5
14.5
14.5
16.6
12.4
10.3
12.4
12.4
12.4
12.4
12.4
8.2
8.2
14.5
14.5
12.4
12.4
12.4
12.4
14.5
10.4
14.6
14.55
14.525
14.5
14.5
14.5
16.6
18.6
20.7
29
29
33
41.1
41.1
39.2
39.2
35.1
37.2
35.2
33.1
39.4
45.6
43.5
41.6
41.6
39.6
39.6
35.5
31.2
29.1
31.3
33.3
34.35
34.875
35.4
35.4
27
29.1
33.3
33.3
35.4
33.3
33.3
41.6
37.4
35.4
37.4
37.4
35.3
31.2
37.4
29.1
31.1
29.1
29.1
20.7
20.7
20.7
16.5
14.5
12.3
16.5
16.5
14.4
14.4
16.5
16.5
22.7
29
22.7
20.6
20.6
20.6
20.6
18.5
16.5
16.4
18.5
24.7
24.7
16.4
14.3
16.4
16.4
14.3
16.4
18.5
16.4
16.3
18.4
22.6
24.7
22.6
30.9
26.8
41.3
39.2
30.9
26.7
41.3
39.2
30.9
39.2
37.2
30.9
39.1
49.6
49.6
39.2
45.5
39.2
39.2
30.9
32.9
30.7
32.8
37
39.1
43.3
41.3
39.2
39.2
39.3
45.5
41.4
37.2
39.3
33
28.85
26.775
24.7
20.5
22.6
26.7
26.7
24.7
26.7
30.9
24.6
24.6
22.6
20.5
20.5
30.9
28.8
24.6
26.7
24.6
22.5
24.6
24.6
26.7
24.6
22.5
20.4
20.4
20.4
18.3
20.4
16.2
18.3
14.1
12
12
14.1
14.1
12
12
12
12
12
14
11.9
14.1
12
12
9.9
9.9
12
14
9.8
11.9
11.9
11.9
14
14
18.2
22.4
22.3
18.1
16.1
14
16.1
16
16
16
14
16
13.9
11.9
16.1
16
14
16.1
16
18.1
16
20.2
20.2
16
16.1
11.9
11.9
7.7
11.9
11.9
11.9
11.9
11.9
11.9
11.9
11.9
13.9
16
14.95
14.425
13.9
13.9
16
16
16
16
13.9
16
20.2
13.9
16
22.2
20.2
20.2
20.1
20.1
20.1
20.1
24.3
26.4
22.2
26.4
26.4
24.3
22.2
22.2
20.1
20.1
22.2
20.1
18
26.3
20
22.1
15.9
20
20
22.1
22.1
17.9
17.9
24.2
22
17.9
19.9
26.2
22.1
17.9
17.9
11.6
11.6
19.9
17.8
22
26.2
17.8
15.8
15.7
15.7
15.7
13.7
13.7
13.7
11.6
13.7
13.7
9.5
17.8
17.9
11.6
11.6
11.6
13.6
11.6
13.6
13.6
13.7
13.7
11.6
13.7
13.7
13.7
15.8
13.7
13.7
9.5
9.5
9.5
9.5
7.4
9.5
9.5
9.5
11.6
10.55
10.025
9.5
11.6
15.7
15.7
17.8
15.7
17.8
22
21.9
24
24
24
26.1
26.1
26.1
28.2
30.3
28.1
30.2
30.2
32.3
30.2
30.2
34.3
44.7
53
53
46.7
36.4
38.5
40.5
44.7
36.4
55
42.6
32.2
26
28
23.8
34.2
30.1
23.9
23.9
23.9
23.8
28
19.6
19.6
19.6
17.6
17.6
17.5
21.6
19.6
19.7
17.5
17.5
27.8
23.7
27.7
27.7
23.6
29.8
31.8
29.8
27.7
27.6
25.6
29.8
36.1
31.9
34
34
27.9
27.8
34
32
29.9
34
31.9
27.9
17.5
21.7
19.6
17.5
15.5
19.6
27.9
19.6
13.4
13.4
13.4
15.4
15.4
14.35
13.825
13.3
13.3
15.4
15.4
17.5
17.5
17.5
19.5
17.5
19.5
21.6
21.6
23.7
21.6
17.5
19.5
21.6
21.6
25.8
25.8
17.4
21.6
25.8
25.7
25.7
25.7
23.6
23.6
23.6
23.6
25.6
25.6
23.5
21.5
21.4
23.4
23.4
17.3
17.2
19.3
21.4
23.5
27.5
25.4
21.3
19.2
19.2
19.2
19.2
23.3
21.4
23.4
13.1
21.2
21.2
25.4
21.3
21.4
23.4
25.4
17.2
21.3
23.3
25.4
27.4
23.4
21.3
23.3
21.3
25.5
21.3
23.3
27.5
25.4
27.4
29.6
27.5
27.5
27.5
29.6
25.5
21.4
17.2
17.3
17.2
17.2
17.2
15.2
15.2
15.2
13.1
15.1
13.1
17.2
15.1
14.05
13
15.1
17.2
19.3
21.4
21.4
21.3
23.4
25.5
29.6
27.5
27.6
29.6
29.6
29.6
27.5
27.5
27.5
33.7
31.7
29.6
31.7
33.7
31.7
33.7
35.8
35.7
33.6
35.7
37.7
39.8
39.8
39.8
39.8
37.8
39.8
39.8
31.5
31.5
29.5
33.6
27.3
31.5
29.4
25.3
31.5
27.3
23.2
23.1
25.2
25.2
29.3
33.5
43.8
41.8
35.6
33.5
31.5
33.6
33.5
33.5
29.3
33.5
29.3
27.2
31.4
39.6
37.6
43.7
45.7
47.8
49.8
49.9
53.9
53.9
49.8
51.8
53.9
53.9
51.8
49.6
53.7
53.7
56
56
58.1
58.2
58.2
60.3
62.4
62.4
64.5
64.5
64.6
64.6
64.6
64.6
62.5
60.5
58.4
56.3
54.3
58.4
20.3
16.2
20.3
18.3
20.3
20.3
20.3
20.3
20.3
20.3
18.2
18.2
20.3
20.3
24.3
24.3
26.3
28.4
26.3
28.4
24.3
28.4
24.3
26.3
26.3
22.3
20.3
24.3
24.3
26.3
30.4
26.3
28.3
24.3
28.3
30.3
28.3
26.3
24.3
32.4
30.3
24.3
28.3
22.3
20.2
20.2
20.2
28.3
22.3
20.2
20.2
24.2
24.3
22.2
18.2
26.3
20.2
22.2
22.2
22.2
30.3
34.3
38.4
34.3
40.4
48.4
46.4
48.4
52.4
52.4
46.4
42.4
36.4
32.3
30.3
28.3
28.3
30.3
32.4
34.4
34.4
38.4
38.4
34.4
36.4
36.4
36.4
34.4
33.4
32.4
30.3
30.3
40.4
34.4
34.4
40.4
42.5
42.4
48.5
56.6
68.7
76.8
72.7
76.8
84.9
62.6
56.6
66.7
80.8
76.8
70.7
54.6
42.4
40.4
40.4
32.3
26.3
28.3
24.2
22.2
20.2
22.2
20.2
18.2
20.2
20.2
22.2
16.1
16.1
18.1
20.2
16.1
16.1
18.1
16.1
12.1
14.1
16.1
20.2
20.2
16.1
16.1
18.1
20.1
20.1
18.1
22.1
22.2
16.1
12.1
14.1
14.1
18.1
22.2
18.1
14.1
14.1
16.1
12.1
16.1
22.1
20.1
26.2
38.2
44.2
50.2
44.2
46.3
46.3
42.3
36.3
40.3
42.3
38.3
34.3
30.2
22.2
18.1
22.2
18.1
16.1
18.1
20.2
16.15
14.125
12.1
14.1
12.1
12.1
12.1
16.1
18.1
18.1
16.1
22.2
20.2
18.1
18.1
22.2
24.2
20.1
16.1
16.1
20.1
16.1
18.1
22.2
28.2
26.2
22.2
20.1
24.2
20.1
18.1
20.1
20.1
22.1
18.1
24.1
30.2
36.2
30.2
28.2
32.2
32.2
28.1
22.1
22.1
24.1
24.1
26.1
16.1
20.1
20.1
16.1
24.1
22.1
30.2
24.1
22.1
24.1
26.1
22.1
26.1
20.1
20.1
24.1
30.1
30.1
24.1
26.1
28.1
36.1
44.2
62.2
76.2
72.2
72.2
72.2
68.2
74.3
70.2
76.1
70.2
66.2
62.2
58.2
56.3
50.2
44.2
40.2
40.2
36.2
34.2
32.2
28.1
30.2
30.2
36.2
34.2
33.2
32.2
32.2
30.2
38.2
40.2
48.2
38.2
42.2
40.2
40.2
40.2
50.2
54.3
48.2
42.2
42.2
38.2
34.2
30.1
30.1
28.1
24.1
22.1
26.1
26.1
28.1
36.2
34.1
26.1
26.1
26.1
34.1
34.1
32.1
30.1
26.1
22.1
18
18
16.1
14
14
12
10
10
10
12
12
10
10
10
6
10
10
8
8
10
12
10
10
10
8
12
12
14
12
12
10
14
14
16
20
20
22
24
26
26
30
36
40
38
36
36.1
34
34.1
36.1
38.1
34.1
34.1
36.1
42.1
44.1
46.1
54.1
56.1
57.1
58.1
56.1
46.1
40.1
46.1
50.1
48.1
50.1
48.1
40.1
42.1
38.1
34
34.1
28
28
28
26
28
26
28
22
16
18
18
16
18
18
18
18
14
12
16
12
16
16
14
12
12
10
8
10
8
10
8
6
10
10
10
10
8
12
8
10
10
16
14
12
12
16
12
14
12
14
12
12
12
14
14
14
12
14
16
12
12
12
12
12
14
14
10
12
14
10
8
10
10
8
10
6
8
8
8
12
10
9
8
8
6
8
8
8
8
8
8
12
10
10
12
12
12
12
14
16
16
18
18
18
16
16
18
24
20
16
16
20
14
21.9
19.9
16
18
19.9
19.9
31.9
33.9
27.9
35.9
33.9
27.9
23.9
25.9
15.9
13.9
13.9
15.9
17.9
19.9
19.9
13.9
19.9
19.9
19.9
17.9
15.9
19.9
17.9
15.9
13.9
13.9
15.9
15.9
13.9
15.9
23.9
21.9
29.8
33.8
27.9
37.8
31.9
39.8
37.8
33.9
37.8
37.8
39.8
39.8
35.9
25.9
21.9
19.9
15.9
15.9
15.9
19.9
17.9
13.9
13.9
13.9
15.9
12.95
11.475
10
12
10
10
10
11.9
13.9
15.9
15.9
19.9
19.9
21.9
19.9
25.9
25.9
23.9
27.9
27.9
25.9
21.9
19.9
21.9
23.9
21.9
23.9
27.9
29.8
23.9
25.9
31.8
29.8
29.8
29.8
27.8
29.8
23.8
21.9
25.8
27.8
23.8
23.9
23.8
23.8
21.8
23.8
25.8
25.8
21.8
21.8
23.8
23.8
19.8
23.8
23.8
17.9
17.9
21.8
17.9
15.9
19.8
21.8
22.8
23.3
23.8
25.8
29.8
29.8
31.7
37.6
39.7
31.7
35.7
45.6
49.6
49.6
75.2
69.2
63.3
63.3
67.2
65.3
61.4
65.3
65.3
65.4
61.5
51.6
41.7
47.7
43.7
39.7
39.7
37.7
39.7
38.7
38.2
37.7
35.7
31.8
31.8
31.8
31.8
27.8
33.7
45.7
47.6
51.6
55.6
51.6
55.6
55.6
47.6
51.6
49.6
53.6
45.6
49.6
49.6
47.6
35.7
29.8
31.7
25.8
27.8
25.8
23.8
19.8
21.8
21.8
19.8
19.8
23.8
21.8
25.8
25.8
23.8
23.8
19.8
23.8
29.7
35.7
27.7
25.7
23.8
27.7
25.7
33.7
17.8
19.8
21.8
25.7
21.8
17.8
15.8
13.9
17.8
19.8
17.8
15.8
11.9
17.8
15.8
11.9
11.9
17.8
19.8
21.8
23.7
35.6
53.3
55.3
47.4
49.4
51.4
59.2
57.3
53.3
59.3
61.3
59.3
57.4
57.4
53.4
51.5
41.6
35.6
33.7
31.7
33.6
33.6
48.45
55.875
63.3
69.3
63.3
63.3
73.2
77.1
73.2
61.3
57.4
51.4
43.5
43.5
43.5
45.5
43.5
51.4
47.5
39.6
43.5
39.6
43.5
35.6
33.6
31.6
41.5
29.7
25.7
23.7
23.7
19.8
17.8
17.8
23.7
19.8
21.7
25.7
19.8
19.7
17.8
19.8
21.7
23.7
25.7
19.7
35.5
29.6
43.4
33.6
25.7
25.7
11.8
17.8
15.8
17.8
19.7
21.7
17.7
19.7
23.7
29.6
29.6
29.6
31.6
25.6
23.7
29.6
29.6
25.6
19.7
25.6
23.7
21.7
29.6
31.5
35.5
33.5
43.4
45.3
49.3
45.3
41.4
41.4
37.5
41.4
45.4
39.5
35.5
33.5
31.6
35.5
39.5
47.3
49.3
43.4
38.45
35.975
33.5
27.6
23.7
17.8
17.8
19.7
25.6
35.5
35.5
37.5
33.5
35.5
43.4
41.4
41.4
35.5
35.5
29.6
27.6
33.5
31.5
39.4
49.3
49.3
53.2
47.3
41.4
39.4
49.3
31.5
27.6
19.7
21.7
31.5
29.5
31.5
25.6
23.6
21.7
19.7
27.6
47.2
55.1
49.2
35.4
27.6
17.7
23.6
21.7
15.7
17.7
17.7
15.7
15.7
17.7
19.7
17.7
11.8
13.8
17.7
13.8
15.7
23.6
21.6
21.6
19.7
17.7
15.7
17.7
17.7
23.6
21.6
29.5
33.4
29.5
29.5
31.5
29.5
31.5
35.4
31.5
29.5
29.5
27.5
25.6
21.6
17.7
17.7
19.7
15.7
15.7
17.7
15.7
21.6
19.65
18.675
17.7
19.7
17.7
17.7
17.7
17.7
21.6
23.6
23.6
25.5
29.5
31.4
29.5
31.4
25.5
31.4
29.5
27.5
25.5
25.5
23.6
23.6
33.4
31.4
23.6
23.6
19.6
15.7
17.7
17.7
15.7
15.7
17.7
15.7
13.7
13.7
15.7
13.7
11.8
9.8
9.8
11.8
7.9
7.9
9.8
11.8
13.7
7.8
9.8
9.8
7.8
7.8
9.8
11.8
7.8
7.8
9.8
7.8
9.8
9.8
7.8
9.8
9.8
9.8
9.8
5.9
5.9
9.8
9.8
7.8
5.9
7.8
9.8
13.7
15.7
15.7
17.6
21.6
19.6
29.4
31.4
31.4
33.3
31.4
21.6
19.6
29.4
33.3
33.3
31.4
35.3
33.3
41.2
41.2
28.45
22.075
15.7
15.7
19.6
21.6
19.6
21.5
21.5
21.5
23.5
27.4
21.5
23.5
27.4
25.5
25.5
23.5
21.5
19.6
23.5
19.6
25.5
27.4
19.6
21.5
23.5
17.6
21.5
17.6
23.5
15.7
11.7
15.7
13.7
11.7
11.7
13.7
9.8
9.8
13.7
11.7
13.7
9.8
9.8
13.7
13.7
13.7
13.7
13.7
11.7
13.7
13.7
9.8
17.6
11.7
13.7
11.7
13.7
13.7
11.7
11.7
11.7
17.6
13.7
13.7
15.6
15.6
15.6
11.7
11.7
11.7
9.8
9.8
11.7
11.7
9.8
13.7
11.7
11.7
17.6
17.6
13.7
17.6
19.5
17.6
15.6
13.7
11.7
11.7
11.7
11.7
11.7
9.8
11.7
13.7
11.75
10.775
9.8
11.7
9.8
11.7
13.7
13.7
15.6
13.7
17.6
19.5
15.6
21.5
27.3
23.4
31.2
29.3
27.3
37.1
37.1
31.2
25.4
29.3
25.4
25.4
25.4
29.3
25.4
23.4
23.4
23.4
25.4
29.3
29.3
29.3
27.3
23.4
21.5
19.5
25.4
21.5
21.5
23.4
21.5
25.4
21.5
19.5
15.6
17.6
17.6
15.6
15.6
13.7
15.6
15.6
15.6
13.7
15.6
21.5
17.6
17.6
19.5
17.6
17.6
13.7
19.5
17.6
15.6
21.5
21.5
27.3
19.5
19.5
21.5
23.4
21.5
21.5
25.3
23.4
29.2
31.2
25.3
25.3
19.5
19.5
19.5
25.3
27.3
31.2
33.1
35
33.1
29.2
27.2
31.1
25.3
22.4
19.5
21.4
31.1
35
33.1
37
46.7
48.6
46.7
50.6
44.8
40.9
42.8
46.7
42.8
27.2
27.2
27.2
25.3
25.3
38.9
27.2
29.2
25.3
27.2
23.3
25.3
19.4
23.3
23.3
25.3
19.5
23.3
23.3
25.3
25.3
31.1
33.1
23.3
19.4
23.3
19.5
19.5
19.5
15.6
19.5
17.5
27.3
37
33.1
33.1
33.1
27.2
29.2
27.2
27.2
23.4
27.2
35
35
52.5
62.3
60.4
60.3
56.4
62.3
62.3
56.4
60.3
66.1
68.1
77.9
75.9
75.9
77.9
72
75.9
75.8
71.9
60.2
64.1
73.9
71.9
62.1
58.2
73.8
83.5
75.7
62.1
48.5
46.6
48.5
50.4
54.3
48.5
45.6
42.7
36.9
31
33
29.1
36.8
36.8
38.8
36.9
40.7
44.6
34.9
31
29.1
25.2
25.2
25.2
21.3
23.3
23.3
17.5
15.5
21.3
19.4
23.3
25.2
25.2
23.3
27.1
23.3
21.3
21.3
17.5
19.4
19.4
17.5
17.5
23.3
23.3
23.3
25.2
27.2
29.1
25.2
21.3
27.1
23.3
23.3
23.3
23.3
25.2
25.2
32.9
31
27.1
25.2
25.2
23.2
27.1
31
27.1
27.1
25.2
27.1
29.1
25.2
29.1
29.1
21.3
27.2
31
36.8
33
31
27.1
29.1
29.1
36.8
32.9
29
27.1
19.4
21.3
21.3
27.1
31
25.1
23.2
21.3
21.3
23.2
25.1
27.1
29
30.95
31.925
32.9
29
38.7
32.9
32.9
40.6
48.3
44.5
42.5
40.6
48.3
46.4
36.7
34.8
38.7
40.6
42.5
40.6
38.6
36.7
30.9
32.8
32.8
27.1
25.1
29
27.1
32.9
32.9
25.1
25.1
25.1
30.9
32.9
21.3
25.1
27.1
19.3
17.4
15.5
15.5
21.3
23.2
17.4
20.85
22.575
23.4375
23.86875
24.084375
24.1921875
24.24609375
24.273046875
24.2865234375
24.29326171875
24.296630859375
24.2983154296875
24.2991577148438
24.2995788574219
24.2997894287109
24.2998947143555
24.2999473571777
24.2999736785889
24.3
27.9
28.1
22.4
26
27.7
24.3
31.5
36.9
42.4
40.2
39
44.7
54.1
48.5
52.4
44.7
41.1
37.5
28.5
22.7
21
19.1
17.2
19.1
22.9
21
21
17.2
19.1
19.1
24.8
26.7
27.65
28.6
42
38.2
36.3
34.4
32.5
32.5
34.4
30.6
30.6
32.5
34.4
30.6
26.7
28.6
32.5
30.6
34.4
26.7
26.7
30.6
28.6
28.6
34.4
26.7
30.6
26.7
21
17
17.2
17.2
15.3
13.2
17
15.1
13.2
15.1
11.3
7.6
17
9.4
11.3
11.3
13.2
13.2
11.3
11.3
11.3
11.3
9.4
11.3
11.5
11.3
15.1
13
11.3
14.9
13
13
16.7
20.5
20.5
24.3
31.6
24.5
31.9
30.2
20.7
26.4
24.5
20.7
22.4
20.7
22.6
20.7
22.8
28.3
28.5
24.8
28.5
21
20.8
22.9
21
24.8
22.9
24.9
24.9
34.4
30.6
26.8
28.7
30.6
45.9
44
43.05
42.1
30.6
26.8
36.3
42.1
44
42.1
17.2
17
17.2
17.2
11.4
13.3
13.3
13.3
15.3
17.2
17
17.2
19.1
19.1
21
19.1
22.7
21
26.7
26.7
19.1
21
22.7
22.7
24.6
20.8
19.1
17
22.7
17
18.9
13.1
15.1
11.2
13.1
18.7
9.5
11.4
9.3
9.3
9.3
13.1
16.8
14.9
18.9
16.8
18.7
12.9
11.2
16.8
20.6
20.2
20.4
20.6
18.7
16.6
18.5
22.3
24.2
18.7
22.1
31.1
41.9
48.6
48.2
49.6
52.5
56.1
56.1
56.3
55.9
56.9
61.3
61.8
61.9
65.6
68.5
69.3
70
72.8
78
80.2
93.7
98.2
94.7
92.4
91.3
88.5
87.1
85.7
88.2
90.9
89.2
90.6
88.6
86.5
85.5
88.8
92.5
99.8
103.7
94.7
92.4
93.7
92.3
88.4
91.3
91.3
84.2
75.5
64.3
54.9
47.5
41.7
36
32.2
32.4
30.3
33.9
33.9
28.2
22.6
18.8
20.7
24.3
22.6
16.7
22.4
24.3
24.3
24.1
22.1
22.2
26.1
28
29.7
28
27.8
25.9
23.8
23.8
24
27.6
29.3
34.8
35
31.2
36.6
41.7
45.5
40.7
34.8
40.4
41.9
45
45.5
45.5
42.1
45.7
42.3
46.1
47.5
49.2
45.6
42.9
44.8
49.6
50.9
51.5
49
51
48.2
49.9
53.1
51.2
52.8
52.9
54.8
55.4
58.8
61.7
63.6
68.8
67.3
66.55
65.8
64.8
69.8
67
53
62
60.3
71.8
78.2
78.9
80.5
80.4
80
81.8
81.2
79
76.3
74.6
71.1
78.4
79.9
76.7
80.3
87
83.9
84.3
85.6
84.5
74.9
76.5
80.1
45.4
43.3
48.8
48.6
35.7
39.1
44.8
46.5
41.2
42.9
44.6
46.3
53.4
55.5
46.5
37.4
44.2
44.2
51.5
50
46
45.6
43.7
45.2
46.4
46.4
47.7
47.5
49.2
54.9
58.6
62.4
71.4
72.5
75.2
85.6
90.1
88.2
98.7
97.9
95.6
91.3
89.4
98.7
102.4
93.3
81.5
77
77
72.8
69.3
68.4
69.3
67.4
66
62.2
56.7
58.6
62.2
52.9
45.3
39.8
49.3
49.1
49
48.9
51
60.3
60.3
62
58.4
58.8
52.9
53.1
51.2
49.3
47.2
45.3
58.6
56.5
45.1
48.9
52.9
43.5
37.8
37.7
52.7
49.1
43.3
39.7
41.3
37.6
35.6
35.7
39.4
29.8
31.7
31.7
31.6
31.6
37.1
33.5
37.1
40.5
37.1
37.1
37.1
40.3
43.9
44.3
39
40.9
35.2
35
36.9
44.5
42.6
44.6
51.9
46.4
35.1
46.4
38.8
35.1
46.3
31.5
39.1
38.9
33.4
31.7
29.8
27.7
38.7
44.2
37
33.4
40.6
44.6
43.1
39.3
41
35.5
42.9
46.5
46.3
39.3
30.2
20.7
16.9
18.8
16.9
15
15
15
13.1
13.1
15
18.8
22.6
20.7
19.75
18.8
16.9
16.9
20.7
18.8
15
16.9
28.2
20.5
20.7
20.7
20.7
26.3
30.1
30.1
28
29.9
29.9
39.4
31.8
33.7
33.7
32
33.9
28
33.7
39.2
28
39.2
33.7
33.5
39
55.7
63.7
56.5
48.3
37.5
22.3
22.1
20.4
23.9
23.9
24
24
24
27.6
31.1
29.3
29.5
29.3
29.3
27.4
31.4
27.6
32.9
27.4
29.5
36.7
33.1
40.7
38.8
40.5
51.5
44.1
47.3
49.4
54.5
56.6
57.9
61.5
63.4
70.1
67
64.2
71
65.9
62.6
53.6
55.8
45
39.1
35.7
42.9
37.6
35.7
31.9
31.9
31.9
30
26.3
26.3
26.3
30
31.9
31.9
31.9
31.9
30
31.9
31.9
35.7
37.6
33.8
39.5
43.3
45.2
39.5
48.8
50.6
50.6
50.6
54.6
52.7
52.5
52.5
43.1
41.2
41.4
37.4
48.6
50.4
48.5
44.8
42.7
48.2
35.3
37
42.7
42.5
42.1
45.3
36.6
42.5
40.6
31.3
38.7
35.1
31.5
38.7
38.5
34.9
29
25.5
20
21.7
27.3
25.4
23.6
28.9
36
32.3
36
39.8
38.3
32.8
36.6
34.7
40.95
44.075
45.6375
47.2
46.8
46
44.2
45.9
42.4
44.1
45.8
52.8
54.4
52.5
50.6
49.8
48.3
50.7
47.3
44.5
42.8
41.1
43
41.1
44.9
43
45
44.9
52.4
52.4
50.7
58.1
63.5
63.6
63.65
63.7
63.7
48.6
61.6
76
70.5
73
74.9
74.9
69.2
71.1
72.8
85.4
72.8
76.5
82
63.5
56
61.4
63.1
57.7
59.2
53.7
48.2
48.2
42.7
54.1
42.9
46.7
39.1
37.1
37.1
35.2
29.3
31.2
36.9
33.3
35
47.8
42.1
32.9
31
31.2
25.5
27.4
29.1
27
25.4
28.7
34.2
29.1
28.9
31
30.6
37.6
37.8
34.2
39.7
35.9
27
28.9
27.2
46.6
60
76.4
88.3
97
97.6
93.6
87.8
84.7
84.4
78.9
76
76.2
74.5
68.1
69.2
66.2
65.3
63.6
64.1
63.2
64.1
63
59.2
59.6
63.9
63.7
64.9
65.8
72.4
75.2
77.1
78.4
79.05
79.7
82.6
88.2
96.7
96.3
94.6
91.6
94.6
87.6
86.9
85.2
83.5
83.5
84.4
85.7
82.9
82.1
82.5
75.7
75.7
75.5
66.7
62.9
63.1
57.5
46.5
42.8
42.8
36.9
33.2
33.2
25.6
35.2
33.2
29.4
22.1
23.8
18.3
16.2
18.3
16.4
12.6
14.5
14.3
12.5
14.3
12.5
12.5
12.5
12.6
12.5
12.5
14.3
12.4
14.3
14.3
16.2
14.3
12.4
14.3
12.4
16
14.3
12.4
10.6
14.3
21.8
39.9
41.4
38.2
36.7
30.9
30.9
33.1
35
35
35
37.1
40.6
38.8
37.1
37.1
37.2
35.4
38.9
36.9
31.4
24.1
22.2
24.1
22.2
26
24.1
27.8
24.05
22.175
20.3
18.4
24.1
27.8
25.8
27.8
33.5
29.7
29.5
31.6
29.7
27.8
29.5
33.3
35.1
25.9
39.1
37
44.5
37
35.1
38.9
35.1
33.2
27.8
22
31.6
27.8
23.9
25.5
29.5
25.7
29.5
25.7
23.8
25.3
18.2
19.9
19.9
18
20.1
18
16.3
16.1
17.8
17.8
18
18.2
19.7
19.9
23.5
18
17.8
15.9
17.8
16.1
17.8
17.8
17.8
15.7
15.9
17.6
15.9
19.5
17.8
19.3
17.6
17.6
19.3
19.3
21.2
24.9
36
42.7
44.4
50.1
53.6
55.9
54.4
51.2
49.7
55.5
51.7
48.2
50.1
50.1
48.2
42.5
38.8
35.2
29.6
29.4
31.3
31.5
34.2
35.55
36.9
37.1
35.2
35.2
31.3
36.9
40.7
44.2
36.9
33.3
35
31.3
27.5
31.3
27.5
21.9
24
24
23.8
25.8
20
21.9
29.4
31.3
27.5
29.4
29.4
29.4
27.5
23.8
23.8
21.9
23.8
25.6
18.1
20
21.7
21.7
32.5
23.6
23.6
17.7
23.4
27.1
21.3
23.4
23
17.6
17.9
21.5
21.3
25.4
21.5
21.5
17.5
17.5
23
22.8
23
21.3
19.6
19.4
21.1
23
25
24.8
33.8
26.7
28.6
33.8
31.9
34
30.4
25
26.9
36.2
32.5
25.4
30.8
28.9
30.6
25.4
23.5
21.8
18.1
18.3
14.3
20
21.8
20
16.2
18.3
23.9
21.8
20.05
19.175
18.3
14.3
20.1
21.8
25.6
27.4
31.2
34.7
34.7
34.7
31
31
34.7
36.6
53.4
62.2
60.7
62.6
65.9
64.2
76.6
77.5
72.1
69.8
73.6
66.3
60.9
51.5
49.8
44
38.4
32.6
36.5
38.2
32.6
60.8
51.1
32.8
31.1
32.6
24.8
41.8
32.8
21
39.3
21.6
15.8
17.8
26.8
19.5
22.5
24.4
23.1
27.2
17.8
15.8
11.9
15.8
17.6
26.8
25.1
23.4
21.4
19.3
19.5
17.6
19.5
21.4
21.4
17.6
19.3
21.4
25.1
23.2
23.2
21.6
23.6
18
19.9
16.1
18.2
16.1
14.5
10.7
8.9
8.9
8.9
5.1
7
8.9
8.9
7
10.7
12.6
9.8
8.4
7
8.9
8.9
10.7
12.6
10.7
12.6
12.4
10.5
16.3
16.3
16.3
16.3
16.3
21.9
19.8
25.4
29.4
27.5
27.5
25.6
25.6
25.4
29.4
33.1
31
32.9
29.4
27.3
31.2
25.4
25.4
31
29
25.2
23.4
28.8
26.9
30.6
26.9
24.8
19.4
21.5
17.8
17.8
21.1
24.5
26.3
21.1
25.2
21.7
19.8
23.4
25.2
21.5
21.3
19.4
21.5
19.6
21.5
19.6
19.6
21.5
19.6
21.5
21.3
23.1
19.6
19.6
23.3
25.2
30.6
32.6
32.5
30.8
27.1
28.9
28.9
32.6
29.1
23.7
23.7
21.8
20
16.3
14.4
16.3
12.5
10.7
10.7
10.7
10.7
12.5
16.2
14.35
13.425
12.5
12.5
14.4
16.2
18.1
18.1
20
20
21.8
21.8
21.8
25.5
23.7
25.3
29.3
29.1
29.1
30.9
33
32.8
30.9
36.5
25.5
27.4
31.1
27.4
27.4
29.1
27.2
27.4
23.5
25.3
25.3
23.3
25.3
25.3
19.7
21.6
15.8
19.7
19.7
21.6
19.5
17.9
19.7
17.7
15.8
17.9
21.4
17.7
15.8
19.5
17.7
21.4
15.8
19.5
21.2
15.8
17.7
21.2
26.6
21.2
28.4
24.7
31.8
33.6
37.3
35.3
38.8
45.5
50.7
54
52.5
55.9
54.4
54.8
51.8
55.5
54
52.8
47.2
43.9
42
38.3
32.9
31
31
29.2
27.3
27.3
31
32.9
34.7
38.3
36.5
35.6
34.7
36.6
34.7
30.8
34.7
36.6
42.2
38.4
27.3
29
40.3
29.2
32.9
34.7
32.9
36.6
32.7
36.6
32.9
27.1
23.6
21.7
21.5
38
62.3
69.4
64.2
58.4
58.6
47.5
49
57.9
64.5
63
59.5
55.8
56
58.9
61
62.8
66.3
61
53.9
55.6
59.1
61
57.6
51.9
41.3
56
66.3
52.4
59.7
59.3
46.7
54.1
54.3
39.7
47.1
43.5
39.8
39.8
41.7
39.8
38
38
36.1
41.7
38.2
30.7
32.6
43.5
56.3
41.7
48.9
45.2
45.4
50.5
50.5
41.7
39.8
40
32.6
30.9
30.9
30.9
29.1
29.1
29.1
29.1
27.2
32.8
34.6
38.3
32.75
29.975
27.2
25.4
23.5
25.3
27.2
29.1
32.8
36.5
34.6
36.5
34.6
40
42
32.7
30.9
38.3
42
43.9
42
36.4
40.1
42
42
40.1
38.3
42
40.1
34.6
32.7
30.9
30.9
27.2
32.7
30.7
30.7
27
27
27
23.3
25.1
25.1
23.3
25.1
23.3
21.4
21.4
23.3
25.1
23.3
25.1
25.1
25.1
25.1
27
27
25.1
28.6
26.8
23.2
23.2
26.8
26.9
28.6
26.9
28.6
32.3
32.1
32.3
30.4
28.6
32.3
28.6
28.6
34.1
41.7
38
43.4
75.1
82.6
79.7
81.1
78.6
77.3
80.4
74.2
74.9
79
78.6
81.7
79.2
83.9
85.1
93.4
97.9
92.2
89.35
86.5
86.7
87.2
88.2
91.5
91.7
93.7
93.9
96.3
97.8
98.2
92.4
91
91
94.3
92.8
96.3
98.3
91.3
95
101.8
100.6
102.2
98.7
95
87.8
89.5
78.6
76.7
74.9
95
81.9
73
83.7
72.6
61.6
58.1
54.2
59.5
68.6
75.6
70.2
73.7
66.5
54
55.6
51.9
59.1
64.5
53.8
51.9
64.1
76.2
67.6
62.4
79.3
78.9
73.8
82.4
81.5
83.3
88.2
92.5
83.4
86.3
91.1
89.4
90.1
93.9
93.1
92.2
92
94.4
95.1
98.6
100.3
99.2
98.5
97.8
96.4
96
91.4
91.2
88.9
88.3
85.8
87.2
86.7
87.1
86.4
86.4
84.8
90.5
92.7
88.7
86.7
84.7
87.5
86.6
85.1
87.8
85.4
86.5
88.1
89.2
92.3
91
91.8
92.7
95.6
97.6
100.2
104.8
101.5
97.9
98.1
99.5
100.8
107.3
109.2
107.3
107.6
100.1
83.9
87.2
90.7
90.1
91.4
94.2
84.8
74.8
66.1
66.1
60.4
42.8
32.1
22.9
21.2
19.2
26.6
26.4
28.2
30.1
26.6
22.9
26.4
24.7
24.9
29.8
24.7
26.4
26.4
28
29.7
36.6
40.1
49.8
56.6
55.6
52.5
52.5
51.3
49.9
49.7
44.8
50.3
43.5
44.1
49.8
51.4
41.9
57.4
51.8
50.9
53.8
49.5
56.6
51.7
46.8
44.9
41.2
44.7
41.2
39.6
41.4
43.1
41.4
48.6
52.1
59.4
52.95
49.725
46.5
46.9
45.1
45.1
45.1
37.7
35.7
63.7
62.1
62.5
62.9
64.7
64.7
63.3
63.5
63.7
64.3
62.9
60.1
55.2
56.7
55.4
63.5
68.7
69.1
68.9
62.1
62.3
60.5
63.3
58.3
51.8
48.2
44.6
39.2
37.7
39.2
39
39
38.6
38.4
38.2
40.8
39.4
43.6
42.8
44.2
46.3
47.3
43
38.6
40.2
40.2
41.8
40.4
37.2
40.2
40
39.8
39.2
41.4
40.4
42.6
40.8
40.4
40.4
40.8
38.1
36.7
40.3
33.8
30.3
30.5
34
38.9
47.1
46
48.4
50.1
51.3
53
53.1
53.7
53.5
53.1
53.1
53
53.3
53.3
53.5
53
53.3
56.6
60.3
59.1
58.5
57.9
60.6
63.5
64.9
64.6
64
65.2
64.9
66
63.5
67
64.6
62.9
61.1
63.3
63.5
63.5
63.3
63.3
65.5
67
64.7
57.6
54.3
56.1
60.5
68.6
72.8
80
72.2
56.5
61.8
50.8
41.9
43.3
44.9
41.3
34.1
37.5
35.5
37.3
38.9
40.5
42.1
42.1
40.1
38.3
34.9
39.7
46
49.4
54.3
48
59.8
57.4
68.1
76.8
77
74
71
77.7
69.6
79.3
86.2
84.8
84.6
85.4
82
75.3
71.7
68.6
70.1
74.4
74
65.8
59.7
69.3
69.5
76.8
67.9
61.1
62.1
69.3
81.3
86
88
78.6
78.8
76.2
77.4
83.5
84.1
87
92.1
90.85
90.225
89.6
84.9
84.1
88.4
89
90.8
92.8
87.6
88.3
83.3
78.7
81
78.9
80
83.4
88.1
91.8
93.2
93.6
86.5
86.9
88.1
98.9
95
99.1
84
81.8
83.4
79.8
81
82
76.5
71.6
63.3
62.7
62.9
54.2
45.3
52.2
50.2
52
53.2
53.4
49.6
51.2
49.4
47.6
47.6
47.6
43.8
47.4
46
40.7
39.3
34.2
34.4
32.6
31
31
32.8
39.5
37.5
32.6
30.6
27.2
29.2
29
31.2
36.1
31.2
31.6
31.6
26.9
25.1
26.9
23.3
18.2
20
16.4
12.8
9.5
9.5
11.3
11.3
9.5
7.7
7.7
9.5
9.5
9.5
11.3
9.5
11.3
14.8
13.05
12.175
11.3
16.4
18.4
18.2
18.2
18.4
20.1
21.9
23.5
21.9
21.7
28.8
36.1
39.5
43
41.2
41.2
43
43
37.7
35.9
34.3
37.7
39.4
43
44.8
48.3
46.5
42.8
42.8
39.4
37.5
39.2
33.9
32.1
28.6
30.2
26.6
24.8
23
17.7
17.7
24.8
20.35
15.9
17.9
19.5
19.3
21.3
19.5
17.5
15.9
19.5
14.2
15.9
17.5
22.6
17.7
21.1
20.9
22.8
20.9
20.8
19.1
21
20.8
22.6
21
22.6
27.9
28.1
26.4
26.6
25
21.6
23.4
19.9
16.5
13
9.4
9.4
9.4
9.4
7.7
7.7
5.9
7.7
7.7
5.9
5.9
5.9
7.7
9.4
11.2
9.45
8.575
7.7
7.7
9.4
11.2
11.2
11.2
13
14.7
14.7
16.5
14.5
14.7
14.7
18.3
20
19.8
21.6
19.8
21.6
18.3
21.8
23.4
25.1
23.4
23.4
25.1
27.1
26.9
30.4
28.7
25.3
26.9
26.9
19.8
19.8
16.3
16.3
19.8
26.7
19.8
24.9
23.4
24.9
28.5
29.8
28.3
26.5
24.7
22.9
21.4
21.2
22.9
16.1
12.5
21.2
15.9
14.3
17.6
17.4
21.2
26.1
22.7
22.5
17.4
26.3
31.6
30
30
26.7
26.7
30.2
30.4
25.1
21.6
24.9
35.5
33.9
23.5
21.8
14.7
9.4
18.2
16.2
16.4
16.4
21.7
16.4
18.2
20
12.9
16.4
12.9
9.4
11.1
9.35
8.475
7.6
5.8
9.4
9.4
11.1
11.1
23.5
27
23.5
16.2
23.5
21.7
20
35.7
30.6
28.8
27
27
28.8
39.2
44.3
47.8
44.5
46
47.8
35.6
34.1
40.9
37.4
42.7
49.4
51.1
58
49.1
45.6
47.2
43.4
43.4
38.7
33.4
41.9
45
41.9
39.9
40.1
38.3
33.4
31.7
31.9
31.7
38.3
41.6
43.6
41.6
45
46.7
43.2
39.9
40.1
39.9
43.6
45.2
52.6
56.3
58.15
59.075
60
60.2
60.2
60.6
59.1
50.4
52
50.6
47.3
55.7
54.6
39.1
35.6
33.8
28.5
32.2
26.9
25.2
23.4
25
39.1
21.7
21.7
28.5
26.9
21.6
19.9
21.6
20.65
20.175
19.7
21.6
23.4
26.9
28.7
30.5
26.9
28.7
26.7
32.2
37.3
46.1
49.6
51.2
58.2
47.7
46.1
49.4
59.8
58
52.9
44.1
44.1
43.9
44.1
47.4
44.1
38.8
40.6
49
52.5
48.8
41.9
48.6
40.4
33.3
26.7
30
24.9
28
28.2
26.3
26.1
26.3
24.5
21
21.2
21
22.7
26.1
22.5
24.3
24.5
27.6
30.7
34
36
32.5
36
35.8
41.8
43.8
50.4
54.5
55.8
65.3
65.1
65.8
64.3
62.2
63.1
62.9
60.1
59.1
60.9
61.3
62.5
60.4
59.3
56.1
47.8
49.3
54.4
54.6
54.6
60.1
60.1
61.8
59.8
59.8
61.6
61.6
58.3
61.8
63.15
63.825
64.5
64.7
68
72.3
72.9
74.4
74.6
76.4
76.6
74.8
76.4
76.6
51
38.9
44.2
69.7
68.2
63.3
57.8
63.3
63.1
59.8
57.8
38.9
40.7
51
50.8
45.9
42.2
40.4
33.6
37.1
35.4
35.2
33.4
40.4
35
35
29.7
33.2
31.2
34.7
36.5
28.1
33.2
34.7
27.9
22.7
19.3
29.5
27.9
24.2
27.9
26.2
26
22.4
24
23.8
23.8
30.4
28.4
33.5
28.4
33.7
43.4
44.6
44.4
49.8
50.2
50.6
52.8
54.8
51.2
51.2
49.9
50.1
54
50.7
49.1
44.1
40.6
43.9
45.6
45.6
45.8
44.1
45.8
47.4
49.1
52.6
55.9
59
64.3
65.8
64.95
64.525
64.1
63.9
61
60.8
57.5
65.4
63.5
67.9
63.7
63.5
60.1
57.3
58.8
58.8
59
58.4
50.4
48.7
48.9
50.4
53.9
59.2
62.1
57
48.7
50.4
55.5
41.9
41.6
40.1
33.3
34.8
36.8
29.6
26.3
36.4
39.9
34.6
27.8
26.1
22.4
19.3
24.1
24.3
25.9
20.8
22.6
17.3
13.8
20.4
18.6
22.3
20.6
18.8
16.9
18.8
22.1
20.6
20.4
20.6
17.1
15.1
18.8
20.4
20.4
20.4
18.6
18.8
20.6
20.4
25.4
37.5
41
34.4
27.8
26.4
24.7
24.7
19.4
19.4
19.6
21.4
17.9
17.9
23.1
23.1
17.9
17.9
17.9
17.9
17.9
17.9
21.4
21.4
20.5
20.05
19.6
19.6
19.6
23.1
31.7
50.9
49.9
48.9
42.1
38.9
42.3
24.9
28.2
30.1
37.1
33.4
40.4
40.4
33.2
47.2
35.1
36.9
33.4
35.3
36.9
40.4
40.2
47.2
38.4
36.9
42.1
40.2
50.4
40.2
41.7
46.7
34.7
37.8
39.7
31.2
32.7
36.2
32.7
30.8
29
32.3
39.7
31.2
29.2
22.5
27.1
29
25.7
24.2
30.6
25.7
32.9
44.7
48
39.5
31.2
25.9
32.5
44.5
48
41.2
46.3
46.1
65.6
65.6
68.7
63.6
58.8
56.1
54.4
53
50
47.1
38.3
35.1
31.8
31.6
29.8
30
30
30
31.8
36.8
43.8
47.3
49
52.1
55.6
60.4
60.65
60.775
60.9
63.2
66.2
66.1
69.6
63.8
67
68.1
71.9
73.6
73.3
74.4
73.8
74.7
74.7
77.7
77.3
81
80.6
79.8
67.3
72.1
70
70.2
74.8
73.9
68.8
77
78.3
78.5
79.3
78.9
77.5
76.8
75.2
68.4
63.4
69.3
66.3
74.7
73.5
69.2
52.1
59.4
61.6
56.2
51
45.1
38.6
38.4
32.7
35.6
41.2
59.9
69.25
73.925
76.2625
77.43125
78.015625
78.3078125
78.45390625
78.526953125
78.5634765625
78.58173828125
78.590869140625
78.5954345703125
78.6
77.2
76.7
75.2
73.3
76
77.7
73.3
68.4
68.3
69.7
68.1
70.3
69.2
66.8
68.2
69
64.8
65
69.9
66.8
65.8
65.2
62.6
61
60.8
57.5
60.8
52.1
47.75
43.4
45.3
47.1
50.6
60.6
60.8
60.8
55.6
52.1
45.3
53.6
45.1
46.9
55.4
55.4
55.6
55.1
68.2
68.2
63.4
60.2
61.9
63.4
55.3
50.3
51.7
54.9
57.1
60.1
55.5
53.6
53.4
51.8
50.1
50.1
54.9
46.6
46.6
46.4
41.4
39.5
48.1
36.2
39.7
34.2
35.8
39.4
37.7
37.7
46.2
47.3
46.5
45.4
39.9
39.7
41.1
43.2
36.9
46.9
46.5
46.5
43.2
46.5
46.7
54.7
60.6
63.9
68.7
61.1
64.8
62.5
60.7
58.1
60.2
57.6
62.8
58.6
54.4
47.9
46.3
49.8
49.8
46.5
43.3
39.8
31.3
24.6
24.6
22.8
28.1
29.8
24.4
21.1
24.6
23.7
23.25
22.8
24.4
22.6
26.1
22.8
29.6
31.3
31.3
39.8
43
53.2
50
48
43.4
41.5
44.8
53.4
61.7
70
73
73.4
71.3
69.5
67.8
66.5
61.5
63.2
64.9
64.7
56.9
48.2
43
38
37.8
43
48.2
46.5
39.5
41
35.8
45.4
38.9
35.8
29.1
25.6
28.9
29.65
30.4
35.6
27.4
28.7
32.4
37.4
37.4
39.1
35.8
37.6
27.2
28.9
33.7
36.9
40
46.1
45.7
48.7
53.5
57.5
62.2
61.5
65
64.6
61.7
61.9
63.7
63
61.9
56.2
52.7
56.2
54.8
54.8
49.6
43.1
39.7
41.6
39.7
43.1
43.3
43.3
43.3
44.8
46.8
50
57
59.15
60.225
61.3
61.9
58.5
61.7
68
66.3
66.5
68.9
70.5
70.7
68.7
71.6
72.2
70.2
69.8
72.7
71.6
75.1
74.6
69.1
73.5
73.1
73.5
67.6
75.4
77.3
75.8
75.6
76.9
72.1
75
71.7
74.6
75
71.7
65.4
63.7
58.7
60.4
55.6
48.7
48.7
61.7
50.7
50
48.7
43.9
40.5
47.8
45.2
47.5
42.9
42.7
42.3
40.3
45.7
49
50.3
54.6
50.1
51.8
60.1
55.9
63.6
62.7
64.2
68.4
72.7
69.9
71.6
67.1
67.7
71.6
70.1
71.5
68
65.8
66.2
60.1
54.2
51.2
48.2
41.3
46.4
46.6
44.7
46.6
44.9
41.4
38
38
41.7
43.4
46.6
47.35
47.725
48.1
51.6
53.1
63.3
63.3
61.5
64.6
73
75.8
78.6
81.5
83.4
87.3
85.2
84.3
83.4
79.9
80.6
77.7
77.9
72.8
73.2
68.2
66.5
63.2
56.3
54.8
56.5
59.8
48.1
34.5
25.7
32.8
27.6
22.4
22.2
20.7
20.5
22.2
17
17.2
22.2
15.5
13.8
13.4
18.7
12
13.6
16.8
17
18.7
20.3
18.5
17
18.7
15.3
18.7
12
17
18.7
18.7
15.3
13.3
15.1
16.8
15.1
18.5
18.5
25.2
32.1
32.3
32.3
35.7
35.9
34.4
32.7
31
27.5
29.3
29.3
24.1
20.6
19.1
17.4
17.4
15.7
13.9
13.9
12.2
13.9
13.9
15.7
13.9
15.7
11.4
9.25
7.1
10.5
12.2
10.5
8.8
12.2
13.9
13.7
13.9
13.9
13.9
15.7
15.4
17.2
18.9
20.6
20.6
20.6
20.6
24
23.8
24
25.6
32.4
40.8
30.5
25.6
32.2
37.4
37.6
44.3
40.8
44.5
39.3
37.6
37.6
29
29
23.8
22.1
32
30.3
30.5
26.6
23.4
21.7
20
26.8
23
29.4
29.6
26.6
24.9
21.5
21.5
21.5
16.3
12.9
14.4
22.8
19.7
19.5
24.5
27.9
31.6
31.6
28.1
29.8
33.3
33.3
36.7
38.4
40.1
43.6
37.1
35.8
32.4
30.7
30.7
32.4
30.9
32.4
30.7
32.6
32.6
34.3
34.3
37.7
35.8
34.3
34.3
41.2
42.7
42.9
46.85
48.825
50.8
50.8
57.5
59.2
60.5
57.7
59.2
57.3
65.2
70.2
71.1
76.4
74.3
76.2
74.7
72.6
75.8
80.6
83.8
78.6
59.4
54.4
51
45.8
42.4
41.1
40.7
44.1
35.7
37.5
27.4
22.2
32.3
50.8
47.3
45.4
45.4
40.5
27.2
26.9
26.7
28
27.8
28
28.2
28.4
31.7
33.4
37.7
42.8
55.7
57.3
59.7
50.9
53
52.1
51
49.7
48.2
42.8
37.9
39.8
41.1
47.8
52.9
54.4
54.4
55.9
54.4
55.9
61.3
60
60.2
57.1
59.1
56.1
52.6
50.9
59.3
64
64
67
68.4
69.8
70
72.6
74.2
73.4
77.6
81.9
85.1
88.8
87.8
89
87.45
86.675
85.9
84
88
86.5
87.1
84.9
85.2
56.5
59
59.5
62.6
65.6
65.2
67
70
64
69
70.1
70.1
70.8
69.4
68.5
69.3
67.5
67.8
69.1
67.6
67.9
69
66
66.7
67.9
68.5
70.1
68.2
66.3
67.4
66.2
66.7
66.5
63.8
65.6
64.9
63
64.8
65.5
64.9
66.2
65.4
62.6
59.2
59.6
58.9
60.3
58.5
64.2
63.3
60.2
61
60.1
61
63.3
65
64.8
67.5
66.9
71.4
67
65.1
68.9
71.7
71.3
71.5
69.4
69.1
70.8
68
68.2
66.7
66.7
69.7
69
70.3
71.6
72.2
72.6
72.6
74.7
76
77.9
77.2
80.4
84.2
85.6
86.9
87.55
88.2
90.9
94
95
94.7
93
95.4
95.1
90.8
88.4
87.6
93.2
86.2
86.6
86.9
87.2
86
66.8
72.5
80.4
72.9
67.8
63.3
66.5
69.1
62.9
61.4
57.9
54.7
57.9
56.4
43.1
41.2
46.4
38
44.9
44.6
49.6
51
47.8
47.6
45.9
44.6
44.2
45.4
40.5
43.7
42.4
43.7
35.8
35.6
41.8
45.6
42.4
39.2
47.3
40.7
42.2
43.9
50.3
48.8
53.5
52
57.2
62.9
59.9
60.2
61.6
66.6
63.1
57.2
57.2
50.7
54.2
52.7
47.8
46.5
41.1
48
41.8
28.1
22.9
24.8
19.7
19.7
17.7
19.5
19.5
21.2
21.4
17.7
23.1
22.9
26.3
26.3
26.3
26.3
31.4
31.4
34.9
38.1
38.3
39.8
37.9
38.1
43.2
46.4
43.2
44.7
51.6
53.3
50.1
50.1
38.1
41.3
39.8
48.1
46.4
49.8
51.5
51.5
56.5
48.1
43
54.7
56.2
63.9
51.3
43
32.7
36.1
32.7
39.5
41.2
34.4
30.9
25.8
29
27.3
20.6
23.8
24.1
22.3
24
22.3
17
18.9
21.9
23.6
23.8
22.1
20.6
20.4
23.8
22.1
23.6
31.7
30
34.9
37.7
34.5
40.6
44.1
45.8
42.8
49.2
54.1
56.3
53.5
47.8
47.8
49.1
49.5
41.4
37.9
36.2
24.4
24.4
24.7
24.7
24.7
21.2
17.8
16.1
16.1
17.6
19.3
19.3
24.6
26.1
21.1
18.6
16.1
15.8
22.9
22.7
21
21.2
19.5
21
21
26.1
22.7
22.7
24.4
27.8
26.1
26.1
27.8
32.9
34.4
34.2
37.9
37.6
39.3
42.8
41.3
41.1
37.8
37.8
39.3
39.3
34.4
32.7
36.1
42.5
40.8
27.3
31
37.6
34
29
28.8
30.7
25.6
25.6
22.2
21.9
22.2
21.9
25.4
26.8
23.6
21.9
23.6
21.5
20.4
26.6
23.2
23
26.4
24.7
26.4
29.6
31.5
33
38.2
34.9
36.9
32.2
32.2
34.3
35.6
37.5
34.1
35.8
32.6
30.7
27.2
22.3
22.5
20.8
17.4
17.6
15.9
14
14.2
12.5
12.5
12.5
10.7
10.7
10.7
8.8
10.7
14.2
12.45
11.575
10.7
12.4
10.7
12.4
13.9
14.1
12.2
12.2
15.6
15.6
15.6
12.2
7.1
12.4
12.2
15.6
12.4
14.1
12.4
12.2
12.2
12.4
10.7
12.4
19
20.5
24.2
27.6
32.7
31
25.9
24.2
27.4
23.9
25.9
25.6
22.4
20.5
17.1
17.1
17.3
17.1
15.3
13.9
15.6
15.6
10.2
15.3
15.3
13.6
13.6
13.6
13.4
13.6
13.4
15.1
15.1
13.4
17
13.6
13.6
15.3
15.3
17
15.3
15.3
17.2
13.8
13.8
14
13.8
17.5
19.2
15.5
14
12.1
15.7
12.3
19.2
19.2
24.3
24.1
20.9
10.6
8.9
8.9
14
14
12.3
12.3
15.7
17.4
14
17.4
17.4
17.4
17.4
17.4
22.3
27.7
31.1
30.9
29.4
34.5
34.5
25.7
20.6
18.9
18.9
19.1
17.2
17.2
18.9
18.9
15.4
20.6
18.9
20.6
24
18.9
18.9
20.6
22.3
27.4
25.7
24
24
20.3
25.9
22.3
22.3
25.7
22.3
17.1
25.7
22.3
30.6
23.7
20.5
21.8
15.2
15.2
16.9
20.3
15.2
13.4
18.6
15.4
15.4
13.7
18.6
16.9
18.6
16.9
16.9
18.3
26.7
28.4
30.1
33.8
30.5
25.4
27.3
23.7
25.6
25.4
23.9
22.2
17.3
15.3
15.6
15.6
13.8
11.9
12.1
10.2
8.7
6.8
10.4
8.7
8.7
8.7
7
8.7
8.7
10.4
10.4
10.4
13.8
15.5
13.8
12.95
12.1
13.8
13.8
13.8
15.3
15.5
15.3
17.2
17
17
20.4
22.1
20.4
20.4
24
27.2
30.7
29
34.1
37.3
44.4
45.9
48.8
50.5
51.8
53.5
56.1
55
53.7
56.2
55.3
56
54.1
54.9
53.6
53.4
53.4
52.9
52.3
51.5
50.1
48.6
48.9
47.4
49.3
51.2
54.4
55.5
58.1
57.9
54.9
56
56.2
54.5
65.3
67.1
69
71.1
69
65.5
63.8
60.9
58.5
62
60.2
58.1
54.9
59.4
60.7
61.1
60.1
53.9
50.7
51.9
64.3
62.6
64.3
55.3
48.9
35.5
22
20.5
22.2
16.9
18.8
20.5
17.1
17.1
17.1
17.1
16.8
23.9
22
27.1
32.25
34.825
37.4
33.9
32.4
37.4
37.4
35.6
33.9
32.2
33.9
35.6
37.3
35.6
32.2
32.2
32.2
32.2
28.8
28.8
34.1
34.1
33.9
37.1
42
42
43.5
45.2
45.2
45
43.3
43.5
40.5
37.1
38.8
38.8
35.4
36.9
38.8
38.6
41.8
48.2
43.5
37.1
37.1
38.5
31.9
31.9
33.6
37
33.4
30.2
33.4
33.6
33.6
31.9
33.6
36.8
40.2
35.3
38.7
36.8
36.8
37
35.1
35.3
33.6
33.6
33.6
33.6
31.9
35.3
32.1
30.2
28.7
28.7
25.2
21.8
22
18.6
15.2
15.2
13.5
13.5
11.8
13.5
13.5
11.8
11.8
10
11.7
11.7
11.7
11.7
15.2
18.6
16
14.7
13.4
15.2
13.4
15.1
16.9
15.1
15.1
16.9
18.6
18.6
20.3
22
25.4
25.2
30.5
30.3
28.6
30.3
33.9
35.4
36.9
42
42
46.7
50.1
51.6
53.6
55.3
54.8
49.9
48.4
50.1
50.4
38.6
40.3
40.3
48.9
45
43.3
43.3
41.8
34.9
33.5
36.2
33
29.8
38.1
33
33
33
34.5
33
33
39.6
36.6
36.4
39.6
41.5
44.5
46
49.6
49.6
51.3
51.6
53.3
55
56.7
61.6
61.8
56.9
58.6
55.2
60.3
65
60.1
59.9
56.7
51.8
37
35.3
35.3
33.4
35.5
35.3
37
35.3
37
38.7
37.2
35.5
35.3
40.4
37
45.5
47.2
48.05
48.9
50.7
47.2
43.8
47
55.3
55.1
61.5
60.2
60.5
55.3
53.2
59.4
62.6
62.8
65.1
66.8
67
68.3
66.4
67
69.8
69.8
71.7
74.3
74.3
76
74.7
75.7
76
77.2
85.3
82.6
83.4
79.8
70.8
64.4
61.2
68.7
61
59.1
58.9
56.9
57.2
56.7
59.7
54.6
67.1
62.2
55.8
58
60.3
60.5
61.2
58.8
54.7
53.4
55.6
61.7
59.6
61.4
63.5
61.6
66.8
71.8
73.9
71.2
74
72.3
77.7
75.9
77.6
78.9
67.9
68.2
71.4
71.6
64.9
64.6
65.2
65.7
66.2
63.4
66.2
64.5
63.2
62.7
63.8
66.6
68.1
70.6
68.9
70.8
74.4
71.25
69.675
68.1
68.1
71.3
73.4
75.5
77.9
77.5
67.6
64.4
66.8
72.7
77
76.6
75.5
78.1
81.6
81.8
84.2
82.7
81.5
80.4
78.5
74.3
76
74.9
75.4
67.5
66.2
69.4
66.2
69.4
81.5
75.5
57.9
64
51
55.7
47.8
55.9
52.5
44.2
41
36.1
36.1
37.5
40.7
39.3
36
35.6
34.3
34.1
32.2
40.5
46.3
46.5
46.3
47.1
54.8
60
63.2
65.1
75.4
71.3
71.1
75.1
74.9
74.5
78.8
80.3
85.8
83.3
79.6
81.1
77.1
70.7
74.4
67.8
63.6
63.4
61.1
63.8
61.9
58.1
58.1
58.1
56.6
56.4
57.5
56.8
54.7
56.6
55.1
57.5
60.2
56.45
54.575
52.7
53.8
55.1
54.6
56.1
56.1
59.3
58.5
60.2
61.7
61
61.5
60
61.5
62.3
63.6
67
64.2
67.6
69.1
69.8
67.9
69.8
69.6
71.3
67.9
67.5
69.6
64.7
63.4
62.5
61.7
60.8
58.3
57
58.3
55.1
49.3
44.6
32.9
31.4
26.3
29.5
22.6
21.2
20.9
22.4
33.9
24.1
22.4
24.1
25.8
23.9
25.6
25.6
25.6
23.9
23.9
27.5
29.2
25.6
28.8
32.2
30.3
30.7
29
35.8
39
37.3
36
34.3
37.5
32.8
29.4
27.9
27.9
26.2
24.5
21.1
21.1
21.1
19.4
21.1
17.7
19.6
19.4
19.4
21.3
21.1
29.6
31.1
42.4
47.5
49.2
45.8
44.1
42.4
44.7
46.2
44.7
39.2
42.6
40.4
39.2
35.8
39.4
42.6
48.8
47
44.9
42.6
39.2
36
34.5
36.2
34.5
35.9
34.2
34.4
31
33
32.7
37.9
41
39.3
39.3
39.6
36.1
36.1
34.6
32.7
34.6
31
29.3
36.1
34.4
30.8
32.9
37.4
35.7
34
37.6
29.3
32.5
32.7
29.3
24.2
27.4
29.1
24.2
32.3
27.1
28.4
28.6
27.1
25.2
30.1
34.8
37.1
51.4
52.5
46.1
44.8
45.9
48.6
49.9
52.7
48.2
41
36.1
32.4
30.9
29.4
26
27.7
24.3
26
26
24.3
24.3
24.5
22.6
27.9
29.6
27.7
29.4
31.3
29.4
29.4
34.7
30.35
28.175
26
32.6
36
36
35.8
39.2
42.4
43.9
46.6
43.9
45.4
43.7
45.4
42
41.5
43
43.2
40.2
44.7
44.1
45.1
43
49.4
47.7
47.7
48.7
51.3
53.2
53.4
55.8
54.1
55.8
55.8
53.4
49.2
49.6
52.3
55.1
50.9
54.5
52.6
51.1
49.8
49.6
47.2
42.1
44.9
41
39.5
40.8
45.3
45.5
51.7
53.6
53
61.5
65.3
61.3
58.3
60.6
59.8
57.4
58
60
64
67
68.3
72.5
72.1
75.5
72.5
65.3
58.9
62.3
63.4
57.2
62.1
56.5
51
46.1
43.5
42.2
42
43.3
43.7
45.6
45.9
48
47.6
49.1
50.1
50.3
51.8
56.3
55.55
55.175
54.8
54.2
54.6
56.3
56.9
57.6
58
60.3
63.3
59.7
65
67.2
67.6
71
67.1
65.2
66.7
65.6
72
74.2
74.6
73.9
76.7
76.1
75.4
80.1
70.1
63.1
62
63.1
65.8
59.2
58.8
60.1
62.2
61.5
61.3
54.9
56.4
56
57.7
55.6
52.4
53.2
49.4
52.4
46.4
49.2
46.8
44.9
46.8
46.2
46.8
47.4
47.2
47
50.2
52.8
53.4
54.9
59.8
56.8
63
62.6
62
62.2
62.2
59.6
60.5
57.9
57
52.3
55.3
51.9
53.2
50.8
48.3
49.1
48.7
48.9
46.3
47
45.9
46.3
46.3
45
48.2
52.3
53.3
50.6
52.5
49.5
53.3
53.5
50.3
48.7
47.1
54.8
56.7
56.5
58
58
59.3
63.5
67.4
69.5
70.6
70.5
73.1
71
69.5
68.8
69.9
67.6
66.3
66.3
66.1
69
69
68.2
67.5
75
71.8
71.2
74.8
75.2
76.3
74.3
73.1
58.6
47.1
56
62.2
56.4
57.3
54.1
52.4
50.7
47.7
50.9
47.9
46.6
41.3
47.5
46
39.8
41.3
39.4
45.8
44.1
41.1
34.3
34.3
37.7
34.5
30
38.3
31.7
31.9
34.9
34.7
44.7
44.7
56
46.8
45.1
48.3
40.2
44.7
48.5
48.3
46.1
44.6
38
30.4
27
18.9
17.2
13.8
17.2
18.7
13.5
12
13.5
13.5
15.4
13.5
15.4
13.5
18.6
17.75
17.325
16.9
20.3
27.1
26.7
28.4
36.9
35.2
40.3
43.3
43.5
48.4
52.7
55.4
49.9
46.7
51.6
49.9
51.6
51.4
53.3
58.4
58.6
55.6
56.5
57.2
60.6
62.9
64.4
65.7
63.6
67
66.5
70.4
70.2
70.6
69.7
68.8
70.1
66.9
59
49.6
41.8
40
35.2
32
33.4
28.3
21.7
29.8
29.8
31.1
29.8
31.5
28.1
29.8
29.8
37.9
33.2
29.6
28.1
28.3
27.25
26.725
26.2
32.8
39.4
42.4
44.1
49.4
54.5
53.2
59.8
62
63.5
55.6
47.1
38.6
37.3
30.5
27.1
15.1
13.4
17.1
15.4
13.7
13.7
10.3
10.3
10
12
13.5
17.1
13.7
17.1
18.7
19.5
20.3
22
22.2
22.2
23.7
25.4
27.1
