"x"
53.1625
46.1375
37.3125
34.825
22.9875
21.775
19.8375
21.25
18.975
15.6
16.31875
18.759375
23.3375
24.925
23.4875
12.8375
11.9125
18.425
14.0875
18.325
28.275
41.4375
38.925
51.425
37.7125
34.2625
24.5625
20.625
19.85
15.4875
18.425
25.25
41.2375
39.8125
43.075
41.975
37.175
57.4875
34.9875
19.35
13.925
14.8875
17.425
20.3
39.6375
34.7875
33.78125
29.546875
27.0125
26.0625
30.25
42.0125
34.95
36.05
37.4125
38.7375
49.35
62
44.84375
37.003125
33.3125
31.725
26.9875
34.475
42.2
31.3
34.95
31.875
32.8
26.0625
28.85625
28.334375
37.7875
55.15
45.025
26.95
24.8125
24.575
48.75
83.9
63.3875
26.9625
21.46875
22.615625
34.5125
52.15
31.65
22.8875
17.8125
13.7375
25.475
57.5875
92.35
95.15
123.35625
110.834375
66.0875
60.3625
38.7875
25.4
18.8375
25.6875
28.0875
63.9
70.2
72.8375
80.825
87.95
83.275
87.9375
52.3875
31.9
36.9375
39.35
48.6375
49.4125
53.6125
71.8
34.1875
24.05
50.9625
60.8375
30.6
25.75
27.6125
39.5875
49.3875
39.025
38.325
30.475
29.84375
33.434375
49.575
58.125
52.325
27.5125
24.775
33.125
75.675
102.875
110.875
84.95
65.0625
46.4875
70.1375
43.6
47.3
47.1125
34.95
33.1
65.75
79.1
53.6125
43.525
33.525
39.25625
40.45
59.775
49.1875
47.55
43.89765625
34.6375
53.7625
73.2125
73.1
70.9875
76.11875
77.771875
72.6375
60
62.7875
40.0875
21.625
19.55
23.2625
41.25
57.475
64.925
69.0875
69.4
68.675
76.25
51.75
31.95
26.1125
22
24.575
23.2875
25.4
40.725
39.425
38.63125
29.4125
27.5375
27.2625
29.475
31.3625
35.675
35.4875
37.6125
42.925
23.725
17.1
13.2125
30.975
45.7875
52.9375
37.3375
40.0625
34.7375
28.0375
23.15
17.7375
9.7625
8.1
10.16875
17.7875
28.225
31.1875
42.3125
46.825
47.3125
55.15
54.7875
26.425
12.375
8.49375
10.759375
12.075
16.0125
17.2625
20.6375
23.3625
36.5625
63.675
37.525
36.6125
26.4625
31.55
35.9375
37.2125
40.85
41.7625
45.0875
35.8875
34.475
36.975
34.2375
42.75
35.025
39.54375
51.659375
44.925
47.0375
64.4
44.5875
33.1125
30.625
24.8375
25.8125
22.15
19.4125
9.09375
8.403125
15.675
15.7125
24.3125
27.7125
23.3875
21.825
15.1
16.6625
9.9
6.15
8.94375
9.571875
14.4625
26.1625
37.7625
21.8625
22.8
21.825
26.0625
24.3375
18.525
9.275
16.4875
18.7125
21.2625
33.275
36.6375
33.825
38.5625
36.975
35.4625
37.9875
18.45
11.125
14.1875
22.475
29.4
36.05
44.1875
42.225
43.575
44.2375
45.4125
63.05
51.5875
28.9375
15.40625
24.115625
61.95
64.75
62.325
59.6875
46.1625
37.6875
46.4875
31.7
22.4625
17.825
16.775
14.225
40.9875
45.65
41.6125
38.9875
41.625
41.6
46.8625
47.1
47.2125
49.45
51.94375
56.109375
49.9
50.6125
57.775
66.2125
67.6125
68.05
62.0625
56.6625
47.825
47.1875
55.54375
63.778125
63.5125
64.3625
66.3875
69.15
65.1
60.2375
56.3
60.1
65.1
59.85
61.1125
57.00625
56.9
63.475
73.8
74.45
40.3859375
52.975
68.25
67.8
59.6875
32.1
27.9375
59.61875
63.5375
58.1375
62.2
59.075
46.4
47.825
50.425
52.1625
47.5
31.125
26.6375
33.225
39.7875
40.0125
42.2375
42.675
41.6375
39.2625
41.0625
40.3875
38.925
31.6
33.40625
34.515625
41.0625
44.825
48.725
49.0375
50.625
51.5125
47.625
48.7
52.425
54.575
57.19375
56.753125
60.6
64.3125
64.7625
60.2375
54.3625
53.225
54.1875
58.725
54.2375
53.7875
54.5125
55.46875
56.5
57.3875
57.8375
56.2875
57.1625
53.9375
54.2125
56.775
57.125
54.275
55.6875
55.73125
59.2125
57.75
52.2
51.6625
54.05
57.6625
58.0875
57.35
58.9
60.775
63.1
64.44375
66.15
68.9125
67.375
65.3125
60.6
55.2625
51.5125
54.2625
57.55
53.8125
54.6625
57.84375
59.8
54.075
53.25
53.1625
52.2625
47.2875
46.9
45.2125
44.175
28.6375
30.70625
38.103125
47
53.3
63.1625
57.3625
56.475
47.0875
45.175
51.8125
46.65
39.45
44.8875
39.23125
43
38.4875
35.1875
33.325
33.075
36.15
36.1625
33.8
25.5125
18.3875
16.69375
19.365625
23.025
26.4625
30.45
27.375
27.7
35.75
40.35
36.375
29.2125
15.275
15.45625
28.334375
30.2125
31.4625
35.775
43.0875
40.25
39.6375
35.95
43.675
37.425
31.875
40.14375
43.978125
51.2125
54.8125
60.925
62.7
53.6125
49.0875
50.3
57.85
56.1375
35.85
31.99375
41.540625
52.3125
59.975
63.1625
64.3625
61.525
65.65
52.5125
55.575
47.725
42.55
51.7375
57.2875
66
67.3625
69.825
73.225
74.4
71.275
66.371875
62.5453125
46.05
17.925
13.06875
17.415625
33.65
44.925
58.2875
58.375
42.725
36.05
44.5125
45.8375
25.1875
3.475
-1.40625
0.078125
7.2625
14.1625
22.0375
22.9625
24.5125
32.3625
15.725
13.85
4.4
1.5625
4.86875
11.428125
20.15
27.0625
43.675
46.975
43.6375
45.925
44.7
41.1
42.625
39.5625
50.78125
47.584375
50.3375
49.225
46.9875
63.2625
63.0875
57.6625
62.7625
60.35
62.0625
32.075
22.84375
33.715625
39.95
58.575
67.3375
50.125
40.2875
33.7625
29.025
44.2875
33.6
11.35
8.2
17.78125
22.65
31.2875
28.85
40.9375
30.8875
22.75
26.8625
26.875
17.8875
9.1375
6.925
16.7
33.2625
42.3125
56.0375
66.2
46.5625
41.6125
78.0625
73.0125
52.75
54.7625
55.8625
57.45
59.525
56.55
50.6125
53.025
52.4625
46.3875
51.4375
49.275
44.25
41.575
50.5875
43.46875
57.8125
60.55
55
63.9
44.5125
43.45
25.05
23.225
49.075
20.45
20.8
22.80625
32.65
34.8625
32.9875
35.525
29.8125
25.625
28.4625
50.55
37.35
25.4625
24.725
13.61875
14.8125
34.6125
37.075
64.5875
41.9625
35.125
32.1625
48.2625
33.6
8.8125
7.10625
19.446875
52.4125
59.6125
57.7625
50.0875
51.6625
34.6875
43.49375
50.475
52.35
43.2875
41.03125
56.359375
53.3625
48.75
50.1125
49.85
47.4625
41.525
34.8125
40.9
41.2
24.8875
25.61875
35.153125
51.5875
58.2375
66.125
45.8875
47.2375
39.8125
49.9625
56.525
48
45.175
46.15625
47.359375
52.275
56.7375
60.8
67.9
71.9
97.4625
118.2625
94.9
58.1875
47.9875
51.06875
60.415625
61.775
56.2875
51.6875
48.275
42.7875
47.525
49.475
51.2375
50.6875
44.25
45.4125
47.4125
49.8375
51.15
51.6125
60.2875
73.4625
69.4
59.8875
56.2625
47.375
50.9
50.825
56.28125
59
57.775
68.025
67.875
64.9125
50.1875
54.7375
64.9125
53.8625
32.25
31.39375
44.446875
78.375
61.3875
62.675
44.9375
46.8
43.8875
38
40.475
17.3625
12.825
36.01875
28.840625
26.1875
36.4625
66.9125
69.4625
50.7125
34.075
51.4375
66.325
56.2875
48.9125
29.64375
28.478125
43.55
53.05
66.8625
64.6375
49.2625
53.275
32.1625
35.45
34.425
21.675
18.45625
27.621875
32.8625
51.0125
62.0625
61.55
34.8
27.8125
37.575
50.1
43.65
19.8375
23.7875
51.16875
57.4
46.55
56.75
53.35
43.85
37.6625
41.3
25.5875
23.1875
29.55
36.71875
32.296875
62.625
73.3875
75.85
71.1
49.6875
41.0625
41.7625
48.55
45.675
26.225
27
31.55625
46.5375
46.45
40.0875
35.85
35.025
46
45.3125
57.2625
51.7375
36.2875
41.50625
61.659375
67.175
69.2375
69.4625
61.325
43.0375
38.7125
30.45
57.475
63.6
40.2625
38.7125
32.06875
43.55
60.0875
69
75.95
57.325
68.2
52.675
39.675
24.9875
12.5375
14.66875
18.290625
27.1375
36.825
49.325
62.6
55.725
57.8375
61.8375
73.975
71.2
64.55
68.65
73.23125
83.3125
96.4
116.725
94.2
57.3875
36.325
53.83125
58.4875
61.7875
34.675
41.05
53.8375
54.2
62.2875
53.3
50.3125
22.2875
19.775
25.2
21.325
18.675
14.5
16.3
16.15
24.65
27.9625
32.175
48.5625
41.475
48.775
59.7125
57.05
46.7375
29.875
26.73125
31.728125
33.1375
39.175
50.5625
48.15
48
44.5875
49.9375
58.1
52.0625
44.2625
54.3375
60.85
71.4625
75.675
76.325
77.9125
76.1375
72.5375
74.675
76.0125
57.5375
49.4125
49.6375
51.50625
61.7875
73.2875
73.9375
65.8875
58.4375
57.85
56.2875
49.9125
45.2125
29.7625
35.85
45.94375
42.7
53.725
54.35
56.0375
50.2
47.85
43
58.3
76.2
57.675
55.7875
58.15
85.475
90.8375
90.8875
67.6375
52.475
50.1625
53.2875
62
49.7
20.525
21.26875
23.315625
34.7125
40.425
41.2875
30.1375
21.3375
14.4375
11.4875
9.05
8.1375
6.0125
11.00625
12.603125
17.5125
50.85
55.95
48.6625
26.7875
23.9375
25.4375
24.2875
20.5
14.5
10.9
12.4
14.8
19.3125
28.075
40.6375
30.35
30.675
27.825
34.625
39.85
23.8
23.68125
29.715625
39.0625
45.1125
60.475
72.725
37.1625
41.775
49.65
80.05
71.7375
44.975
27.35
30.275
38.3
44.9
46.6875
52.8875
38.3125
34.0875
33.675
41.225
52.2125
28.375
22.3
19.4375
33.375
47.7875
49.925
57.3
50.75
40.8875
42.2125
40.925
43.5375
21.125
13.45
14.275
21.45
44.2625
52.0875
51.0875
46.375
41.4125
55.6
75.2125
69.3375
54.0625
49.24375
49.890625
43.7875
39.6125
59.975
50.625
57.7125
61.5125
67.4625
69.825
65.6
67.8625
72.6625
71.7875
74.6
81
87.375
62.075
35.9375
36.025
48.9125
59.7375
52.525
51.2125
58.73125
65.915625
67.9
73.0125
77.3375
64.75
41.9
47.475
66.6
69.475
60.3375
46.9625
45.75625
49.334375
63.6375
69.375
70.075
59.9125
45.35
36.5
49.95
56.475
54.0875
45.5125
36.86875
34.253125
40.1125
39.7375
41.7875
40.575
34.2625
33.425
40.4375
36.025
43.3875
33.8875
23.65
19.8
19.525
24.625
22.1625
23.9875
32.6
57.8875
60.875
64.0125
63.2625
42.8625
42.975
47.0875
56.6125
62.775
60.125
61.425
51.4
44.6625
42.675
49.8125
49.45
30.8125
28.8375
23.3875
23.1125
33.8875
45.2625
42.5625
32.2875
52.7625
61.725
59.9
55.7875
54.1
57.3
62.15625
70.3625
74.7625
80.1625
50.65
34.4125
39.825
52.3875
58.55
57.5625
53.5
53.70625
53.840625
65.25
72.8
71.9375
63.825
57.7
48.35
39.7375
46.3875
49.2375
40.45
35.76875
38.503125
44.8625
48.2625
46.5
48
45.575
39.15
39.4
39.95
42.4
37.5
33.01875
36.259375
52.3875
64.65
61.7375
57.2
46.0375
43.675
41.575
45.45
55.8125
55.5375
53.53125
53.384375
54.5
55.1
65.8375
57.2375
35.7125
31.825
33.1375
53.175
66.525
62.7375
64.38125
66.840625
67.6
69.8375
82.6375
76.95
65.0125
51.59375
71.746875
88.5453125
72.2625
57.725
57.6125
59.15625
54.3
48.0125
38.5125
28.5875
15.4
13.575
12.95
14.4375
15.15
11.025
10.8
16.35
26.6375
28.35
52.0625
44.4125
29.5375
32.8375
48.8125
51.825
41.525
44.7625
53.6
63
76.625
79.5875
79.2125
56.8375
29.725
36.975
80.8625
82.625
57.1125
51.2375
54.70625
57.528125
64.6125
76.575
76.3625
52.15
28.3375
26.2125
33.8375
58.75
56.475
31.325
20.8625
27.575
44.325
71.925
68.625
53.75
41.175
53.775
66.6375
80.0375
75.625
73.3875
84.08125
87.321875
87.725
76.6625
99.1125
95.7
62.55
67.05
94.5875
94.65
79.45
65.95
72.6125
80.73125
86.0875
87.7375
81.5625
64.1
46.275
39.075
45.81875
79.975
81.975
62.525
62.6
68.01875
78.4375
79.3875
58.55
23.15
17.2125
18.1125
32
60.5625
52.5
53.875
57.23125
64.540625
73.475
68.525
68.7875
42.0375
26.3125
45.725
55.9375
86.3375
64.65
62.45
68.75625
75.978125
79.6625
80.0375
71.0875
53.9
40.6625
45.1625
52.5375
63.7875
64.9
54.8875
64.6
73.3125
83
76.275
71.6875
43.4375
27.5375
22.175
21.8625
33.3125
62.4
42.7875
33.61875
30.403125
39.0625
51.575
59.3875
47.7625
36.275
32.3625
44.56875
62.425
69.575
55.5875
50.38125
57.121875
61.4875
68.8625
66.6125
36.7625
31.8625
29.5125
26.5625
33.5875
62.85
49.7
33.25
38.0125
47.75
46.8875
37.8875
23.5625
25.15
23
21.5125
28.8875
44.05
31.2
16.8625
17.125
24.5375
24.2125
32.95
18.4
18.0125
18.3375
20.7125
22.3
21.4
20.7625
26.29375
58.403125
98.9125
99.5125
82.575
31.875
22.8125
23.7625
26.2125
45.9125
60.9625
61.775
65.95625
80.340625
90.6
73.4875
49.3
35.0625
28.2
29.175
36.35
54.3375
56.6125
41.375
25.5
34.38125
50.65
73.8625
68.0375
54.5375
38.1125
30.8125
36.225
35.775
49.9
38.25
21.45625
18.271875
31.875
52.65
66.7125
48.9875
41.175
32.4375
38.7125
36.7875
59.1
49.0625
23.98125
23.865625
40.425
46.475
49.125
63.4
44.45
43.4625
33.8375
41.325
62.9375
61.9875
52.5
23.21875
18.35
25.25
36.2375
38.75
31.0875
25.625
27.7625
45.0375
77.975
66.7625
45.23125
31.484375
28.775
26.25
29.2875
24.5125
17.825
17.4375
19.3625
16.675
19.2
16.525
12.1
12.2375
20.35
21.175
23.65
24.2
22.1625
23.7
26.45
25.425
46.1875
21.65
17.4625
22.26875
27.875
41.7625
47.475
44.025
37.1375
37.5875
42.575
41.8125
47.6625
40.0875
24.275
27.7
42.0125
41.9875
40.5
37.15
42.1375
38.5375
48.9375
49.1875
55.4625
58.6125
46.025
45.4625
29.075
27.4125
34.8375
34.375
36.8
32.6625
36.625
72.8375
67.1125
61.8625
64.03125
68.671875
71.725
65.4375
55.725
42.15
28.2625
31.2625
39.4203125
52.80859375
53.4375
39.9125
27.3
27.975
33.4875
24.7
27.225
37.675
61.8
53.175
48.325
44.325
50.0125
50.775
51.875
56
50.3375
46.6625
29.325
22.075
20.325
15.9375
24.4
31.325
35.525
39.3125
44.4375
41.0625
35.0625
36.7375
29.2375
21.1875
20.575
22.8875
25.5875
37.3125
33.6875
16.4
19.73125
19.503125
23.3375
23.8
31.825
30.3875
26.625
26.175
31.175
32.6375
41.775
19.2
15.11875
16.321875
27.8375
36.225
37.7875
32.9125
33.4625
36.675
47.7
62.1
65.3125
57.3625
67.1375
73.875
84.6125
87.2125
58.7875
49.5
53.3875
50.2
50.1625
72.6625
66.4125
61.5375
69.65
72.075
75.3625
78.8125
71.2125
57.7375
34.85
38.1375
46.375
56.925
53.2875
43.625
26.60625
27.409375
36.975
41.6375
43.6
31.5375
28.8375
25.9375
31.375
53.8625
61.2375
56.7
63.1875
70.0625
69.5125
54.6875
36.025
21.8375
15.225
14.15
18.1375
26.925
28.1625
32.5125
30.8
32.4625
31.4625
37.125
29.9875
21.025
15.425
16.1125
16.325
16.0875
19.7875
21.9375
23.26875
24.471875
20.125
25.95
26.475
22.8875
19.3125
24.4875
27.9625
31.75625
35.775
20.975
16.7875
25.31875
38.65
42.6375
45.95
41.075
31.7125
30.575
38.625
45.85625
42.5875
48.85
67
86.7
97.1375
101
72.275
30.1
26.878125
25.15
26.325
41.39375
66.7875
48.225
26.15625
32.646875
44.1125
53.4875
29.425
28.2
29.3125
29.05
34.375
34.2375
38.775
21.1625
15.00625
11.171875
15.55
16.0875
20.35
18.35
17.675
19.1625
20.2375
17.2375
16.675
14.475
12.275
12.3875
19.575
20.125
18.2125
14.15625
13.5375
17.4625
19.9125
20.5875
24.5125
33.925
34.01875
44.559375
56.325
46.675
46.3625
23.825
19.975
15.8625
24.925
42.2625
41.9125
48.65
57.98125
64.190625
67.6625
73.05
57.35
41.675
39.875
34.9375
46.275
52.4875
53.0375
42.6375
36.625
44.6
58.75
49.4375
44.5
41.4
44.2125
32.1625
58.175
64.6375
60.3375
49.0625
49.7
53.78125
46.7625
56.2625
59.1
24.275
19.8125
20.6
21.3875
27.325
33.05
30.15
25.8875
23.26875
42.7625
56.5625
58.4
55.05
44.475
43.4375
38.5
45.4875
38.6
23
19.65
20.79375
36.35
33.9
23.2875
26.425
21.325
24.425
34.1125
35.45
46.2875
41.75
42.36875
45.234375
45.5625
43.325
33.75
21.725
27.025
26.9625
28.75
30.1125
19.6875
43.4
45.05
50.25625
37.8
35.3875
34.525
21.7625
14.425
13.96875
20.4125
64.6875
72.2625
74.625
57.8875
65.9
26.3125
35.9
31.2625
57
81.4875
61.475
56.4875
53.75
42.4125
28.725
22.19375
26.890625
38.675
38.925
42.9625
54.6875
63.075
92.7625
112.625
94.4375
77.7375
50.225
46.06875
54.034375
88.5625
74.2375
108.4374975
44.15
40.55
50.5375
39.075
53.8625
59.975
50.4875
52.7
66.3875
58.2625
40.0375
23.725
32.7625
31.2
25.0375
26.2125
29.0375
43.3125
59.675
47.0125
61.425
62.2375
48.5125
21.325
19.325
15.4625
17.05
17.5
17.45
23.025
20.15
23.55625
28.240625
34.7625
38.8625
34.9625
30.6875
25.8125
25.975
28.9625
27.6625
25.4
23.35
23.61875
28.684375
35.7125
35.2875
34.475
27.3875
25.225
21.75
26.94267578125
38.6375
40.175
35.15
25.93125
23.209375
33.375
29.2625
33.2
33.85
31.6375
26.8125
26.5875
24.6625
26.7625
20.1
14.93125
14.565625
41.3375
33.3625
26.825
25.825
24.525
23.05
18.8
22.0625
30.3875
23.125
21.03125
27.640625
34.3625
37.7875
34.85
31.05
26.925
26.875
37.225
54.5375
60.7125
56.6375
57.6375
58.75
58.65
54.525
30.2
19.7625
19.5375
16.9
16.925
14.675
14.8125
21.625
24.60625
25.828125
28.55
24.4875
23.3875
20.5
19.75
22.7625
47.875
60.35
55.1125
40.525
33.5
35.2875
25.4
26.925
21.9125
27.55
33.625
27.4375
41.4625
48.1
48.8375
48.05
44.65
46.18125
55.825
39.6
42.0875
38.9
36.6125
23.8375
26.8125
27.7125
43.8125
32.75
31.80625
36.209375
40.425
39.65
28.9625
31.875
30.375
29.675
28.175
34.05
36.3
36.825
28.76875
28.728125
67.7625
79.0125
54.2625
26.3875
27.6875
28.5625
40.45
65.4125
91.775
89.0375
89.125
85.3625
84.8
93.075
89.0625
42.4875
28.55
20.3625
25.8
53.7375
91.275
80.5125
77.46875
72.359375
61.7
62.275
42.1875
13.9
12.15
13.3875
16.5375
27.65
37.05
54.7625
67.0625
78.04375
76.9125
50.3875
24.1875
14.5
12.5375
13.3875
18.75
29.5
35.9
38.2
54.36875
62.109375
62.9125
63.15
54.575
53.5125
45.9125
39.9875
33.175
36.4
46.9
35.0875
27.375
29.875
33.15
39.7375
27.4625
30.1
25.4625
18.1625
20.3375
23.15
26.8875
21.3875
20.0125
21.26875
26.975
27.425
26.65
31.6875
32.1625
36.625
39.05
26.2375
32.175
22.45
16.025
18.6375
27.7125
25.4625
19.65
22.875
23.25
27.3
30.975
30.825
32.925
22.0875
12.83125
17.134375
19.125
25.6
26.45
28.4125
28.2375
26.25
26.7375
30.45
25.9125
14.8125
8
8.6625
14.9
24.3875
21.21875
15.8375
17.7875
20.6
20.925
13.45
14.9625
14.8625
20.30625
24.328125
31.275
30.6875
28.2
27.8375
28.725
31.3125
22.3625
24.2375
26.6375
20.08125
14.09375
12.665625
40.63125
52.5375
49.775
37.1125
31
38.6625
38.3625
35.2125
34.55
17.1625
14.54375
17.984375
19.55
24.5125
22.7
33.6375
29.8875
27.0625
28.775
27.9
32
26.35
22.88125
34.071875
54.7375
64.4875
62.9125
40.625
37.75
28.1375
23.875
30.2375
31.05
22.1
14.075
13.01875
19.025
28
23.45
28.8
19
18.1625
16.34296875
19.975
18.8625
13.0375
8.09375
8.815625
17.125
16.275
19.275
28.7125
18.05
14.6625
19.7
34.8875
33.6875
10.525
6.2875
4.7
10.15
16.69375
12.9375
10.3625
11.8875
11.4375
10.55
13.95
16.55
22.575
30.15
34.55
42.825
34.4125
21.3375
21.125
20.95
23
22.0125
22.4
25.7125
24.5125
30.78125
37.034375
43.775
38.8625
23.8
25.4375
26.0375
20.6
19.575
22.8375
29.9
22.1375
15.2
16.95
28.3625
23.725
19.55
21.3125
19.4625
20.9875
20.9125
20.8125
20.625
16.8375
11.25
13.625
28.025
49.95
33.7375
30.3125
29.7625
24.85
29.1125
43.7125
51.1875
43.9875
56.26875
66.659375
67.125
52.9625
46.1375
44.7875
40.875
35.2
42
55.3625
53.125
41.775
40.6375
39.7125
40.1
44.575
30.125
31.0125
28.4875
30.175
35.2875
43.025
46.2125
30.8
17.875
19.1875
32.2625
29.8125
22.375
20.5875
17.8
18.7375
18.25
18.5125
17.7875
17.0375
22.38125
22.846875
22.8375
20.4
19.8875
21.0125
17.425
15.65
13.6
14.4
14.025
15.45
21.3375
26.8125
38.475
26.1875
34.525
28.0625
27.79375
23.175
22.1375
29.925
50.1375
28.9625
24.41875
30.709375
36.4
44.1125
35.1
34.3125
34.6875
32.525
55.525
59.9125
61.15
36.225
28.21875
39.165625
37.775
37.3125
26.3625
25.55
20.5875
23.4625
23.7125
38
43.7
29.8
34.29375
29.003125
33.9625
32.5375
27.1375
22.825
21.825
26.2875
59
66.0875
44.775
30.4
33.4125
44.1375
42.7125
30.8875
19.3
23.0375
26.35
21.4
26.9125
29.625
36.9375
29.5
15.01875
9.721875
17.55
28.2
25.5625
22.6875
17.95
16.3125
18.7875
14.025
13.3125
17.6
21.275
13.58125
23.1375
24.15
17.575
16.4375
13.4375
11.0375
14.475
12.275
12.025
12.125
10.875
12.7625
18.625
22.3625
33.4125
29.2
33.3875
25.35
23.7625
24.2625
24.3875
16.3875
9.96875
10.903125
18.3375
23.125
28.7125
27.975
16.2125
21.8125
34.9125
45.9875
49.9875
32.8375
13.61875
13.315625
21.2875
27.1375
23.25
26.65
22.675
26.4
30.75
39.1375
40.3
41.1125
36.4
33.69375
30.6375
27.225
26.9875
27.1625
20.1625
17.6875
16.7875
19.475
25.7
25.4
17.30625
15.259375
21.925
27.3375
24.5
21.3625
24.4375
20.4375
16.675
16.15
20.35
12.6
15.06875
15.315625
19.525
32.4125
27.08125
15.275
11.9
14.325
12.375
16.3
12.2125
10.475
16.49375
22.415625
34.5
51.1375
30.0125
28.3
21.8125
20.75
27.325
37.0875
46.8625
47.875
51.54375
40.734375
33.9375
32.95
35.375
43.6125
33.8625
33.85
41.6625
40.5375
32.1375
25.0375
16.8875
23.83125
39.15
59.35
52.9875
56.3125
52.225
39.26875
46.749609375
44.275
37.9625
34.60625
28.98125
20.840625
22.7
30.525
44.3625
45.23125
46.3
38.0625
34.5
34.5
40
31.425
25.05625
30.046875
43.0875
58.0875
49.4375
25.7875
16
16.6375
13.1
15.3
22.2375
17.95625
13.11875
16.271875
22.05
24.3625
22.125
15.15625
13.4125
15.425
13.975
15.78125
17.5375
12.4625
18.625
34.99375
26.55
49.625
34.3375
13.7625
11.4375
13.1375
34.3875
39.5875
46.5
51.5375
61.25
61.84375
71.0125
52.75
40.6625
23.1
22.85
25.0375
16.05
20.65
38.5375
55.925
61.5125
72.8625
71.9125
67.65
38.475
32.1375
27.175
25.6
26.5
32.4
40.5625
24.8125
16.2
22.95
37.4375
37.15
43.625
38.3375
20.9625
23.4625
24.6125
23.95
32.675
27.3125
10.80625
14.990625
28.7125
38.31875
30.075
29.6875
18.725
19.8125
16.4125
15.9875
20.05
11.325
9.45625
13.684375
26.8875
34.3375
25.825
27.375
33.7
23.35
25.5875
25.3125
30.3125
22.575
17.21875
21.434375
40.0125
40.6875
30.825
33.2
33.5625
24.4625
36.625
53.35
70.2375
51.65
47.025
30.3375
42.7
36.0375
27.375
17.4125
22.4875
18.9625
19.9125
12.8875
12.3375
61.7875
5.4
4.98125
17.3
17.225
19.9125
19.2125
14.15
11.9125
12.775
8.675
8.6125
7.675
8.3
7.225
11.2625
13.3375
19.3375
24.225
17.75625
10.66640625
12.4375
22.5
26.85
8.95
5.5125
9.38125
20.375
25.8
21.35
18.6125
21.725
28.675
19.1125
21.5125
23.6875
22.65
11.925
11.09375
20.9625
21.725
25.4625
24.325
19.55
20.075
21.35
25.125
24.25
10.05
5.24375
5.453125
14.7125
28.025
34.0625
34.5125
25.9625
27.3125
34.2375
34.9875
33.1625
25.55
9.75
9.8125
23.1375
33.875
30.2625
26.7375
31.7125
32.6
26.7375
33.3625
41.15
24.3125
14.00625
15.046875
20.8625
25.65
24.5375
17.0375
15.5125
19.4
17.425
13.775
14.2625
13.4375
16.79375
15.621875
23.925
25.925
25.55
20.6625
17.0375
21.5375
22.575
31.675
29.1125
17.9125
21.16875
60.003125
56.2875
46.0625
44.95
52.9125
53.5
58.7125
77.5625
96.1625
87.36953125
84.15
82.4125
78.96875
109.5375
94.3125
96.8
105.975
86.575
53.0625
33.16220703125
29.9127429962158
29.900049777329
29.9000001944427
29.9000000007595
29.900000000003
29.9
29.9
29.9
29.9
29.9
29.9
29.9
29.9
29.9
29.9
29.9
29.9
29.9
29.9
29.9
29.9
29.9
29.9
27.1578125
35.38671875
58.0081756591797
58.2988600611687
58.2999955471139
58.2999999826059
58.2999999999321
58.2999999999997
58.3
58.3
58.3
58.3
58.3
58.3
58.3
58.3
58.3
58.3
58.3
58.3
58.3
58.3
58.3
58.3
58.3
58.3
58.3
58.3
58.3
58.3
58.3
58.3
58.3
58.3
58.3
58.3
58.3
58.3
58.3
58.3
58.3
58.3
58.3
58.3
58.3
58.3
58.3
58.3
58.3
58.3
58.3
58.3
58.3
58.3
58.3
58.3
58.3
58.3
58.3
58.3
58.3
58.3
58.3
58.3
58.3
58.3
58.3
58.3
58.3
58.3
58.3
58.3
58.3
58.3
58.3
58.3
58.3
60.775
63.7875
77.9
59.4875
61.825
37.97734375
35.730078125
49.025
49.1625
53.3625
35.875
26.96875
25.253125
37.7625
49.0375
39.775
23.9
18.925
21.075
26.7625
22.15
21.9125
21.525
14.2375
15.1875
21.75
22.075
23.075
19.95
17.4625
19.2
20.6
17.025
20.8875
21.475
27.21875
45.428125
47.2875
40.95
25.825
18.5125
16.0875
17.7625
21.2875
22.6375
36.925
41.6875
34.775
27.7125
48.825
69.675
34.125
42.8125
39.375
33.85
40.1625
51.125
52.75
51.3375
46.11875
62.984375
94.875
60.7125
53.075
55.225
31.625
22.2625
28.8375
52.775
64.925
62.9375
66.05625
72.390625
64.6125
53.575
42.875
35.3125
21.1875
17.3875
19.75
27.65
33.775
20.3125
15.46875
21.778125
21.25
32.4875
41.325
66.2125
35.1125
25.5375
25.8375
29.2125
27.7875
18.2375
13.8125
13.58125
18.4625
25.5875
19.125
26.8875
21.725
27.4625
29.475
26.35
27.7
9.775
6.84375
6.759375
11.4
22.475
21.0875
20.7375
16.3
12.225
14.2375
11.5375
12.175
11.7875
9.75
8.23125
13.7625
28.4625
27.4
19.325
13.9375
19.5625
25.5125
24.5125
25.075
21.4875
24.64375
26.209375
35.425
44
32.2875
30.8375
32.70234375
32.29482421875
39.9625
44.5375
45.9375
18.55
17.7
41.85
76.1
55.975
49.0125
35.325
25.975
25.6
23.2375
31.1625
44.3625
35.575
29.80625
36.659375
50.825
55.775
47.775
41.025
54.25
53.9375
58.1875
57.7125
46.7375
45.85
51.23125
45.621875
67.4375
68.6375
52.5625
53.35
49.275
49.4375
68.5
62.2375
57.8375
45.925
39
38.91875
48.075
37.4625
40.6875
36.8875
37.175
32.2875
26.35
44.8
74.2375
46.9
35.0125
33.675
51.5125
54.825
31.95
22.6
22.6
21.55
25.4625
31.725
49.05
41.55
32.61875
48.509375
50.575
49.6
42.625
38.275
28.9875
32.1875
35.35
62.025
65.275
52.35
63.60625
79.421875
80.7875
84.225
60.3375
40.525
34.5875
26.0125
51.9875
62.45
59.7875
48.325
36.19375
45.503125
64.5375
81.6375
78.8625
45.975
36.325
19.275
18.6
38.1375
49.5125
28.85
19.99375
24.759375
38.3875
40.6875
41.9875
34.625
33.5
29.9125
33.8125
54.5625
73.9375
54.9125
53.71875
49.265625
51.725
50.3625
46.0375
46.2875
36.0125
39.4875
67.8125
108.125
80.375
60.95
65.3875
72.4
79.775
81.8625
59.575
50.13125
35.675
30.9375
39.1
48.625
50.5875
40.6375
38.4625
51.9125
72.2
64.9375
50.85
35.0125
34.6375
22.825
24.4
34.6375
43.6375
47.425
42.51875
55.559375
54.4625
37.15
31.9
22.3375
14.775
19.95
23.2
24.45625
32.8875
27.9
21.6375
18.675
25.5375
28.625
27.1375
28.4
32.925
30.6
26.2625
39.2625
55.275
47.3125
27.20625
38.553125
53.525
52.0125
43.2875
27.5125
31.0875
30.3
32.95625
32.7140625
44.8375
35.65
20.35
18.25
22.0125
27.6
31.2125
22.9625
27.1375
23.9125
29.45
34.5625
37.8625
23.6875
13.09375
15.146875
20.1
23.725
25.35
26.9375
31.1125
33.05
25.6
30.4625
62.0625
60.925
38.125
32.0625
51.1125
69.35
56.325
43.8625
27.625
28.2125
27.2
29.4875
37.9
31.325
15.5625
16.34375
18.7
25.5125
24.2
17.3
17.95
19.175
21.5125
18.925
21.2
19.025
18.5375
18.29375
22.2875
23.925
27.8375
24.525
19.9875
26.9875
29.5375
30.5
40.2625
40.45
29.66875
37.190625
53.075
66.275
75.275
64.425
52
55.225
55.2
53.7
52.7625
51.3125
51.35
52.575
75.9
96.5875
92.025
61.7
53.175
47.225
50.625
57.875
62.7125
69.3625
85.5
100.24375
115.0875
117.575
108.4375
95.15
71.95
34.5875
38.3375
77.1
93.3875
73.1125
72.48125
81.490625
87.6875
89.0375
49.55
45.2875
52.225
54.275
58.35
81.475
77.8125
52.2625
22.03125
32.753125
53.3625
50.1625
37.3625
26.2125
22.3125
21.35
19.45
25.1875
24.95
18.9
16.6875
16.35625
25.5875
33.5125
39.2875
31.675
24.3125
23.325
25.9
26.825
32.925
37.4625
76.98125
61.634375
77.375
79.4125
55.5875
36.1875
26.3
29.75
69.9125
88.55
86.7875
92.5375
106.225
100.825
92.1375
82.1125
92.95
83.025
58.1625
64.0375
63.825
73.6625
68.8
64.2125
66.20625
73.178125
81.65
96.4
92.5375
68.375
50.0125
58.45
59.625
70.3625
56.6625
53.1625
57.7125
60.31875
72.775
73.8
64.4
46.175
37.575
43
38.075
51.575
63.45
63.4375
62.15625
61.471875
70.9
73.0125
48.425
32.7375
27.325
26.35
27.15
35.7875
44.875
24.0375
31.15
51.71875
86.85
90.675
94.575
62.0875
39.6875
39.875
52.8375
75.925
69.1625
66.7125
50.4375
52.325
56.625
54.7375
75.7125
56.55
18.7625
18.4
18.05
28.3125
50.7875
58.225
56.55625
39.640625
47.625
44.5
34.5125
31.925
26.2
33.175
40.55
38.15
44.4625
21.7625
23.7625
31.775
53.5125
69.175
63.9625
43.61875
30.2375
30.328515625
40.4
55.8625
53.9625
30.4
25.36875
45.228125
57.28125
61.1125
61.7125
47.225
40.25
36.4625
39.36875
42.25
43.89375
19.1
16.59375
23.296875
36.175
33.6625
46.15
69.3625
40.5625
29.5
39.715625
51.68125
49.7125
22.45
16.9125
20.6375
29.9125
65.9625
68.275
53.6
57.825
35.4
35.3375
56.1625
51.6
19.525
18.1125
27.1375
35.5125
30.575
26.425
28.3875
25.025
32.4375
40.9
41.7375
31.1375
20.05
15.24375
18.878125
26.175
20.5875
30.0125
22.5
18.4875
20.925
25.6875
36.96875
42.2625
58.45
60.86875
63.240625
70.175
74.675
81.7375
57.2375
34.6875
27.575
33.3375
40.0875
34.55
29.775
46.49375
63.246875
54.8
56.2375
49.6375
36.125
33.3
38.625
42.75
42.0375
41.3125
35.05
39.69375
48.99375
43.575
47.4625
50.5625
51.275
49.4125
40.9875
42.5875
41.525
38.8375
18.5125
14.9625
22.6875
30.6625
32.7125
38.80625
41.1625
48.6625
43.0625
39.021875
43.825
28.85625
13.4125
11.6
17.7
39.25
52.5125
59.35
48.0125
54.4125
58.475
52.425
56.975
59.8
57.6625
62.95
50.7625
50.45
73.7125
69.4
50.9875
42.5375
35.6875
34.9
61.6125
51.1875
18.7875
12.91875
8.190625
12.4125
18.4
21.1625
17
14.8
18.8625
15.8375
13.4625
16.8
24.375
34.11875
32.365625
36.725
35.175
36.9875
24.6875
12.8875
11.4625
16.7875
45.875
44.7125
22.7625
14.19375
15.828125
22.45
29.5
45.05
44.1875
24.0125
27.9375
41.425
56.9625
62.325
52.45
73.7
79.71875
81.6375
73.4125
70.0625
41.125
24.55
22.5375
25.5
45.3125
42.8875
13.4875
11.35
14.95
24.15
33.725
44.6
46.325
47.2625
35.825
32.8
39.3625
30.075
13.7
16.70625
42.484375
64.8125
76.075
59.1875
55.5125
44.825
46.1125
63.725
58.7375
61.1375
63.5125
69.19375
50.096875
50.3375
57.05
59.7875
51.025
42.7625
36.6
45.5375
45.2
49
32.0625
38.275
30.86875
61.75
62.0125
65.825
48.4625
34.05
34.6
33.8
37.45
47.5875
52.9
57.9375
63.05625
68.0625
53.0875
55.175
42.625
29.4375
20.3625
29.5375
44.3875
48.725
46.6875
46.61875
62.209375
68.65
68.0375
53.225
41.55
47.1875
53.9375
37.3125
41.1375
51.825
58.2
61.88125
64.971875
71.5
74.75
68.4875
51.175
45.6375
20.2125
28.8390625
43.525
39.0875
10.25
10.775
12.0875
20.3375
27.975
43.8625
48.3
33.25
18.575
19.0375
30.60625
29.0375
10.2
9.4
14.3
21.2375
26.35
47.525
43.4
30.3
20.8375
22.4
23.575
16.3
5.6625
6.90625
9.584375
18.6
24.8375
30.45
29.9125
29.525
24.25
29.85
37.75
36.125
17.0125
15.475
16.7875
25.6125
32.8625
42.7875
57.1375
38.4375
24.75
30.0875
43.8875
38.35
28.2625
33.190625
22.5296875
24.4875
40.5375
50.175
38.2625
20.3375
20.65
26.6875
25.675
21.6375
14.375
17
23.6125
36.6625
34.675
45.9375
45.15
36.3625
33.09375
31.525
35.3875
26.8625
10.575
10.41875
14.159375
19.85
31.0375
44.375
48.4
35.7
47.2625
61.275
63.6875
61.6625
37.1875
18.20625
18.303125
20.675
37.2125
34.5875
30.2125
35.975
29.2375
44.9875
43.2625
41.8125
16.05
12.3375
13.7125
17.15
23.725
36.15
42.9125
45.9375
45.625
50.875
54.575
37.025
18.325
12.65
21.5
38.5
60.0375
67.925
54.175
34.6875
31.0875
32.2625
57.575
63.95
42.975
50.90625
48.228125
54.9
61.45
68.85
57.5
50.05
56.8125
59.85
51.7625
49.525
55.2875
56.8
54.5
59.8
63.3625
61.1875
50.95
24.9375
26.525
29.4
58.7125
60.7125
65.9125
65.5875
58.79375
58.4625
63.6375
69.5625
58.65
42.3625
36.35
56.2625
71.4875
69.3375
54.0125
59.60625
53.640625
61.8375
55.1
56.1125
39.1875
25.975
23.125
27.078125
43.275
45.2125
27
18.9375
21.30625
26.4875
26.6875
36.8375
47.7875
41.075
40.6
54.875
62.1625
58.4
43.2
33.05625
40.021875
41.7375
50
56.525
54.7875
33.55
24.55
27.725
41.875
33.475
11.1125
9.3875
10.23125
16.8125
21.35
23.8625
27.175
27.725
27.1375
28.025
27.3625
17.875
8.575
8.34375
8.596875
14.25
19.25
22.6375
23.2125
26.225
19.325
25.9375
25.5125
22.825
13.725
12.86875
15.146875
18.1
21.6
31.9625
32.425
23.2125
23.075
22.5125
23.8875
13.9125
8.55
10.5
11.99375
18.2
24.825
31.9125
43.7375
38.125
43.725
52.9625
59.125
40.0875
17.7
20.7
28.15
36.5375
42.6125
47.2375
44.5875
35.075
42.5875
53.975
67.0125
64.05
57.7
55.7
63.525
54.025
51.4125
53.325
41.675
34.2625
27.3
31.9875
59.3875
56.5
20.5625
15.575
19.8875
29.85
37.375
43.2625
45.35
30.8375
21.375
26.6375
46.275
37.0625
20.3375
17.125
15.44375
16.8375
22.15
22.275
24.75
26.9
26.4875
37.95
59.9
56.15
20.3625
17.83125
15.953125
36.875
32.45
50.05
47.625
45.5875
33.6375
21
18.925
11.7125
11.0125
14.80625
21.146875
24.125
20.2625
21.775
25.7
22.4
25.5375
24.6875
27.5875
18.3125
12.475
14.75625
13.578125
16.1125
16.35
20.8625
20.85
20.3625
26.4125
27.425
33.4125
24.3375
11.95
17.68125
19.371875
34.1125
24.05
18.9875
25.025
33.2
31.325
42.1375
52.7
44.1875
14.6375
9.41875
13.503125
22.4
35.975
31.6625
39.4125
30.5625
22.525
30.0125
36.125
32.85
16.675
18.65
31.65
42.85
39.0875
35.275
33.4875
27.625
32.85625
51.57890625
47.50625
32.9625
9.325
8.1125
11.25625
20.1375
27.7625
33.475
29.775
20.175
17.375
21.5125
22.975
21.625
7.525
5.3375
5.29375
11.5125
19.4875
18.5125
19.0125
20.825
59.75
48.8625
48.7625
29.8
19.7375
21.1375
19.5625
22.125
23.3625
24.525
28.3125
24.625
17.85
23.9
25.975
16.8875
6.925
6.45
8.15625
11.5125
26.7375
21.275
31.925
37.7
42.025
41.7875
64.1875
66.7875
56.625
62.2375
65.4
57.7375
42.35
43.875
51.8625
33.175
31.875
50.2125
44.7375
26.2875
11.5375
11.5
10.68125
9.5875
14.55
26.25
32.4125
31.1125
33.9375
33.275
37.1
20.9875
8
7.6625
11.275
21.8125
37
44.0875
52.275
22.6375
17.9875
27.1125
40.5375
27.0375
9.9375
16.675
18.225
21.925
27.1375
30.4375
38.975
37.0625
33.85
26.4625
35.1
20.275
6.5125
4.9875
9.9375
20.5375
31.3875
26.275
21.325
18.7125
18.9125
15.6125
17.9625
12.5375
19.1625
16.99375
24.553125
33.95
50.9375
49.5375
39.35
28.15
24.525
24.7625
32.975
23.3875
13.1625
17.1
21.5875
28.0125
30
43.6875
50.575
52.4625
63.4625
74.7875
73.775
62.0625
54.95
60.98125
70.096875
69.7875
73.725
78.0125
64.2875
50.2625
45.6
49.3875
53.4625
42.875
16.7375
16.2875
29.3875
42.15625
58.55
70.3
74.275
62.9375
60.65
77.275
72.44375
62.2875
55.4875
63.69375
68.165625
71
75.7625
75.2375
61.725
57.2125
53.0125
64.725
63.3875
52.9375
28.525
27.8125
31.9125
38.825
40.7125
41.1875
55.5
50.8625
49.6
47.1095703125
49.9875
46.1875
31.0125
26.54375
36.728125
50.675
59.05
55.6875
52.2125
43.95
48.3
41.9375
36.175
22.85
19.725
20.8875
19.80625
21.7875
24.25
35.1875
38.825
35.1625
44.175
56.375
64.3375
51.05
45.55
49.625
52.075
63.475
65.1125
62.9375
69.725
59.3875
51.69375
46.925
51.4125
49.125
49.1875
49.1
58.0125
65.8
58.775
59.4125
59.4875
56.8375
52.6125
59.5125
68.1625
63.8
60.9875
60.725
62.8625
70.025
76.075
70.26875
74.7625
74.4375
69.5
63.6125
61.95
66.95
50.8
52.025
51.5875
57.7125
60.1125
58.0375
62.925
58.0625
53.2
53.125
64.8375
58.8875
52.1
59.96875
64.096875
68.9375
63.375
59.225
53.325
57.7625
60.675
63.4875
74.2875
66.85
41
46.075
58.69375
64.5625
66
72.5
75.3375
72.4625
64.65
57.0375
52.6625
44.9875
41.1875
43.10625
45.503125
51.6125
52.5375
55.6125
56.0875
48.5
45.175
46.075
47.4
45.6
45.725
48.66875
50.121875
51.925
55.825
56.6125
51.475
48.225
43.1875
66.653125
66.8
57.875
54.075
58.15
62.53125
62.925
60.325
59.0125
60.975
56.7375
54.725
51.2375
57.3
60.8
56.925
58.8
57.06875
65.6875
66.3
65.225
64.6
66.2
59.175
63.575
61.0875
57.8
49.15
52.60625
64.115625
71.7375
71.325
66.8875
74.925
78.475
72.2
78.2375
70.7875
66.325
60.9625
64.29375
69.115625
