"x"
82.7375
59.775
47.8
45.175
40.1625
33.2125
26.0625
27.025
45.6625
44.475
38.39375
52.659375
71.4625
39.425
27.0125
19.5875
20.5625
45.175
41.5875
48.5125
59.525
53.775
57.15625
73.990625
72.1875
46.8625
34.9
39.6875
40.175
38.7375
45.9125
60
87.9875
79.375
64.8875
75.38125
54.0125
59.4875
50.4625
71.225
76.25
74.3375
66.2
69.3
71.7125
71.7125
55.83125
67.934375
73.15
68.6375
103.525
99.675
106.12500125
104.225
97.43125
103.181713867187
103.299537944794
103.299998195097
103.29999999295
103.299999999972
103.3
103.3
103.3
103.3
103.3
103.3
103.3
103.3
103.3
103.3
103.3
103.3
103.3
103.3
103.3
103.3
103.3
103.3
103.3
103.3
103.3
103.3
103.3
103.3
103.3
103.3
103.3
103.3
103.3
103.3
103.3
103.3
103.3
103.3
103.3
103.3
103.3
103.3
103.3
103.3
103.3
103.3
103.3
103.3
103.3
103.3
103.3
103.3
103.3
103.3
103.3
103.3
103.3
103.3
103.3
103.3
103.3
103.3
103.3
103.3
103.3
103.3
103.3
103.3
103.3
103.3
103.3
103.3
103.3
103.3
103.3
103.3
103.3
103.3
103.3
103.3
103.3
103.3
119.54999875
147.9749975
128.3875
93.475
81.3
57.61875
73.625
61.9125
99.2
80.7875
60.7125
60.9375
88.225
96.8125
74.5875
67.1625
49.2375
40.4
52.1125
68.85
83.425
73.85
71.9625
58.715234375
62.875
83.9375
82.7375
67.65
69.66875
74.778125
85.5875
78.8875
62.875
59.2875
66.7
52.35
54.25
57.85
71.95
87.2625
92.1625
107.7625
122.63750125
135.062505
124.56250125
88.925
58.1
56.175
53.7875
62.6125
78.4125
70.05
61.9125
61.2
50.2125
41.85
43.525
45.1875
42.325
37.0625
42.8
56.175
46.3625
22.4875
11.38125
10.834375
39.2125
56.6625
65.95
59.7625
77.2125
70.025
61.675
53.325
41.3625
24.6375
21.15
30.8
44.2375
62.4
56.9
65.7375
79.8375
84.15
84.15
72.2125
49.0125
37.525
31.9125
38.9125
35.1375
29.175
27.9875
32.5
41.1375
68.125
85.575
49.975
47.35
43.025
47.40625
58.046875
61.9
70.5125
71.25
70.9875
58.55
54.4875
54.9875
54.2625
56.4375
56.875
62.63125
71.378125
74.35
72.425
75.0625
54.7375
37.5375
33.925
25.8375
33.4875
23.9125
9.575
8.6
19.8375
27.5125
25.3625
25.6
26.3125
22.9625
19.575
17.4375
14.35
12.2125
7.425
9.33125
11.478125
19.35
32.975
47.35
32.525
35.875
36.5875
31.0875
31.8
22.7125
13.1625
20.09375
20.184375
34.6625
49.9625
48.05
44.4625
35.85
32.05
34.4125
35.15
23.925
21.525
17.225
29.05625
37.075
42.8125
48.7625
51.125
52.8125
57.375
62.1625
86.0625
65.9875
37.325
23.43125
34.071875
73.8625
91.0875
80.35
77.925
65.25
53.7875
70.7375
52.6
43.5125
21.05
17.9125
16.25
47.1
60.9625
59.7625
57.8625
63.3375
66.2125
73.4
82.0125
87.7375
80.0875
92.875
101.55
88.2125
80.325
94.175
114.2875
118.82500125
121.6875
117.8749975
111.4125
89.4
68.6
79.625
99.58125
106.375
90.1375
87.2625
91.5625
86.5625
79.0359375
84.1625
82.2375
81.525
69.075
76.01875
79.721875
74.3625
80.5625
83.4375
88.225
68.125
69.575
92.75
99.2
80.0875
49.9625
58.6875
82.1875
92.2875
87.025
84.3875
80.3125
76.975
72.2125
70.5125
62.3875
54.25
38.975
40.8875
50.30625
56.175
49.4625
48.0375
48.05
49.95
47.325
47.8
44
48.75
30.85
32.025
33.09375
38.025
44.2375
48.75
52.3375
51.8625
50.8875
47.5625
45.9
47.325
47.0875
49.4625
48.15625
53.7625
54.975
54.75
54.0125
45.1875
46.85
48.275
50.4125
46.85
45.425
51.9875
56.94375
48.275
51.3625
49.4625
51.85
60.25
48.275
48.9875
50.425
53.8
45.6625
45.9
49.95
50.675
54.025
47.8
59.7625
74.1
58.1
60.25
55.2375
59.3
51.8375
54.4875
56.80625
58.5875
60.4875
61.2
63.3375
64.2875
54.25
45.6625
46.375
51.6125
46.1375
47.8
50.53125
50.65
47.0875
50.8875
63.825
60.225
50.8875
43.525
36.575
37.5375
29.4125
29.8875
39.45
48.75
51.8875
70.2875
77.2
64.325
49.95
42.575
45.1875
40.15
30.125
26.91875
33.984375
32.025
30.125
29.8875
30.6
28.7
35.1375
33.7
43.2875
35.125
28.9375
35.03125
45.721875
53.5375
50.9125
56.1875
55.2
56.4125
62.625
70.275
65.475
54.2625
29.175
36.825
49.225
54.75
72.6875
60.725
69.3125
87.725
73.6375
71.95
72.6625
65.75
45.425
49.1125
63.63125
75.55
84.4
84.3875
100.65
109.7125
89.1625
87.4875
94.9125
101.125
62.15
48.5125
54.61875
71.725
76.0375
80.075
78.4
85.825
98.725
65.9875
60.2375
61.4375
51.625
61.775
72.26875
79.375
84.4125
81.525
98.0125
118.58750125
97.2875
96.93125
95.8375
77.7125
49.2375
35.13125
43.509375
59.275
68.6
84.8875
90.1375
79.6125
68.6
74.1125
74.125
67.6625
46.1375
31.775
24.625
25.85
31.325
56.425
72.6875
68.85
67.4125
36.3375
20.3125
22.475
12.925
22.1125
25.625
41.125
47.5625
61.2
59.0625
54.4875
57.3875
59.0625
61.2125
71.7125
63.575
70.39375
71.309375
74.1125
81.275
76.0125
83.2
122.39999625
98.4875
95.3875
96.1125
91.075
61.9125
51.03125
58.034375
67.4125
86.5375
89.4125
59.75
44.4625
39.6875
40.875
57.125
58.325
32.7625
23.91875
26.303125
40.175
37.5375
41.15
47.8
37.775
34.175
29.65
33.7
26.7875
15.7875
13.04375
23.721875
40.4125
47.8
60.9625
82.7125
56.175
55.9375
109.7125
102.0875
71.25
61.4375
64.2875
68.94375
75.3125
74.1125
73.4
77.6875
92.0375
95.125
145.8249975
94.9
78.65
62.3875
74.1125
67.88125
79.3875
80.1
71.225
92.2875
77.6875
71
45.875
42.3125
64.8
38.0125
45.7875
51.6875
46.1375
51.8625
58.1
63.1
49.475
39.2125
37.0375
56.8875
38.275
26.55
46.025
37.23125
36.35
62.625
60.2375
81.7625
63.825
56.6625
39.675
57.85
55.45
22.475
18.41875
29.403125
62.875
67.1875
79.6125
70.5
65.3359375
43.7625
47.8125
46.3875
51.4
41.125
40.74375
56.459375
55.45
44.475
53.3
61.2125
52.8375
43.05
39.4375
46.375
48.2875
23.1875
26.89375
39.840625
54.725
65.9875
74.3625
66.2125
63.35
64.55
68.6
83.6875
68.375
51.85
50.4125
57.6
66.2
75.55
88.4375
118.5749975
119.54999875
165.43749375
243.100005
174.77499875
100.8875
85.1125
76.375
106.93125
102.0875
87.9875
83.2
77.95
78.175
74.35
78.6625
66.425
60.7125
49.475
54.35625
60.546875
70.5125
73.8875
76.5
86.775
91.775
101.1125
96.575
84.85
62.1375
61.675
73.01875
88.984375
80.5875
70.9875
66.95
86.5625
75.3
53.3
58.8
67.1875
48.775
25.3625
26.18125
44.403125
97.9875
77.2125
71.225
57.1125
58.325
50.2125
34.175
35.3625
17.45
14.6
42.55
38.14375
35.1375
47.325
68.1125
89.175
70.2875
71.7125
86.5375
86.325
66.4375
57.35
40.025
36.15
66.925
65.475
73.3875
85.8375
69.0875
61.4375
36.35
39.2
42.55
15.7875
16.50625
21.765625
38.7125
54.2625
70.525
66.9375
69.5625
68.3625
73.15
82.2375
67.4125
52.125
52.8375
69.44375
81.025
75.7625
71.725
73.175
65.5125
58.575
53.8
34.9125
31.3375
38.725
47.5625
39.58125
68.8375
91.5625
103.275
98.9625
85.35
84.15
77.95
78.4
78.175
59.775
65.84375
57.528125
51.875
60.2375
71.0125
72.4375
60.9625
45.6625
50.1875
72.425
68.375
47.0875
57.96875
74.146875
75.55
78.875
87.275
110.92499875
92.2875
86.0625
68.125
88.6875
90.6
52.35
50.0875
54.0625
62.3875
78.4125
87.75
104.475
133.87500125
114.5125
68.8375
36.825
24.875
10.075
12.56875
17.971875
26.325
40.6375
55.2375
65.75
56.1625
56.4
65.975
76.7375
82.7
81.275
77.925
79.96875
106.3875
127.91250375
158.03750375
147.01250125
98.540625
81.2875
80.35
84.4
82.25
47.0875
49.00625
55.809375
71.475
71.25
81.0375
92.75
63.1125
50.425
46.375
40.4125
39.925
55.95
40.64375
33.834375
25.6125
29.9
40.8875
47.8125
43.5125
48.05
66.4625
68.35
68.85
50.45
52.70625
57.671875
59.0375
62.1375
63.8125
54.975
47.575
41.1375
46.8625
55
55.475
46.1375
59.89375
70.940625
82
85.375
93.7
105.675
96.5625
88.95
89.1625
97.775
81.75
59.775
58.3375
63.46875
78.4125
88.2125
98.7375
110.925
114.275
83.6875
71.9625
74.325
66.4625
43.2875
43.38125
52.621875
56.9
57.8625
66.925
73.8625
67.6625
47.3375
43.75
51.875
82.7125
57.35
66.58125
76.796875
99.45
96.325
101.35
98.2625
102.55
93
87.9875
90.6125
80.5625
48.3
46.1375
51.1625
66.45
63.5875
62.625
45.9125
33.7
28.7
23.9375
21.5125
15.3125
6.7
8.26875
8.934375
24.625
49.0125
66.4625
61.675
62.8625
53.3
46.6125
45.1875
53.0625
43.0375
39.44375
42.671875
42.55
45.4375
48.775
68.85
61.9125
48.2875
31.7875
36.5875
37.5375
20.575
23.79375
32.346875
50.925
50.9125
57.6
61.6875
46.1375
44.4875
70.05
106.3625
97.325
59.775
56.05625
52.278125
73.85
74.325
83.9125
81.7625
72.425
65.5
61.4375
65.75
77.9375
53.05
28.58125
30.790625
40.65
58.7875
67.425
62.4
42.55
37.5125
40.1625
36.8125
43.025
27.0375
14.35
18.4125
33.7125
62.625
65.025
52.3625
47.01328125
44.037109375
56.175
109.5
93.9625
64.0625
49.58125
52.621875
49.725
47.8
51.8625
52.3625
68.15
68.3875
79.8375
81.0375
86.8
101.1125
99.4375
89.76875
88.6875
95.85
107.825
102.7875
67.8875
71.2375
81.9875
89.4
76.0125
72.2
70.15625
85.409375
93.7
98.2375
107.575
101.8375
111.8625
97.7625
109.0125
118.1
102.0875
68.8375
55.9375
67.175
81.775
88.95
93.7
106.85000125
108.7625
79.375
86.5375
91.325
96.35
73.3875
52.46875
52.871875
63.3375
65.2375
79.8375
74.1
79.3625
70.275
70.7625
73.4
71.7125
52.0875
30.13125
24.640625
28.7
26.075
20.5625
28.4625
39.225
68.5875
71.2375
76.725
76.0375
48.75
45.55
57.68125
77.925
87.75
91.0875
101.6
87.75
71
69.5625
71
68.1125
48.0375
35.28125
33.059375
25.8375
35.1625
43.05
48.275
44.7
60.9625
71.95
73.1625
73.8625
66.45
64.1875
73.675
86.8
88.95
98.4875
79.8375
60.225
64.3
67.875
80.5625
63.3375
57.6375
57.1625
59.5375
75.7875
86.55
76.5
83.9
85.1125
55.9375
46.85
51.8625
61.45
55.925
46.96875
52.896875
62.1625
64.05
76.25
96.325
83.6875
64.0625
50.2
55.95
62.8625
46.6125
39.9625
52.35
70.7625
75.775
66.2
80.8125
78.2
51.375
52.8125
62.3875
69.3125
60.4875
55.475
56.2
58.825
57.8625
69.7875
70.05
49.95
37.5375
38.75
66.45
88.45
76.975
76.15625
75.253125
82.225
79.3625
95.15
130.775
103.3453125
99.45
86.075
106.6125
92.525
75.55
65.11875
71.771875
71.95
65.475
57.1375
62.875
62.3875
56.9
44.95
35.8625
38.75
33.7125
37.16875
39.521875
45.6625
48.7625
70.0375
67.4
59.5
54.7375
63.825
71.725
57.8625
50.4125
62.0375
74.2875
90.1375
95.1375
102.075
86.7875
84.6375
82.95
92.7625
105.1875
77.6875
68.6125
66.91875
70.046875
83.9
98.9625
96.0875
103.275
98.5
79.1125
80.8
86.55
86.3125
46.8625
27.39375
31.740625
51.6375
73.625
78.1875
92.7625
80.325
60.9625
72.425
90.85
104.475
87.5
88.225
92.39375
97.7625
97.7625
120.73750125
133.1625
97.525
80.325
114.7625
120.2625
111.9
87.25
85.95625
99.365625
107.8125
99.1875
89.8875
76.975
54.7375
44.225
60.225
109.23750125
116.17500125
76.725
65.71875
74.834375
85.35
87.275
61.9125
31.3375
20.7875
24.1625
33.925
59.7375
56.8625
59.7625
62.3875
71.725
86.8
77.925
76.25
55.225
40.65
74.325
76.725
107.0875
97.0625
78.65
82.85625
87.809375
92.0375
88.95
85.35
99.45
109.25
83.2
80.8
91.5625
90.5875
81.7625
84.76875
92.834375
114.5125
109.0125
107.5875
101.8375
88.7125
76.9875
68.8375
71.95
80.575
61.925
41.25625
49.309375
81.2625
90.625
108.54999875
97.775
102.075
100.4125
84.875
95.85
97.0625
83.4375
62.8625
71.13125
83.4375
89.65
98.25
104.6875
94.175
79.8625
61.9125
75.55
90.85
65.9625
49.225
54.63125
64.525
77.9375
79.825
87.25
95.3875
76.2625
68.884375
65.66796875
72.6875
60.9625
39.94375
41.253125
56.4125
64.525
67.6375
53.075
62.6375
55.725
56.4125
51.875
54.5125
45.675
51.15
77.7
107.1125
117.375
108.3
96.1
82.4625
81.0375
84.6375
90.3625
81.2875
69.55
76.50625
97.653125
113.3125
105.4125
99.45
108.55
127.175
105.675
74.6125
98.2625
96.3375
77.2125
53.675
64.2375
73.6375
89.6625
96.8125
93.25
120.9750025
112.3625
101.63154296875
103.293482589722
103.299974541366
103.299999900552
103.299999999612
103.299999999998
103.3
103.3
103.3
103.3
103.3
103.3
103.3
103.3
103.3
103.3
103.3
103.3
103.3
103.3
103.3
103.3
103.3
103.3
103.3
103.3
103.3
103.3
103.3
103.3
103.3
103.3
103.3
103.3
104.9625
92.275
91.1
78.4125
90.85
82.2375
54.63125
65.796875
74.5875
76.025
71.95
76.5
74.6
66.4375
61.4375
51.15
45.675
42.325
38.60625
42.278125
52.1125
52.825
63.1125
69.8125
73.15
71.725
87.5
79.125
67.8875
46.6125
41.23125
58.740625
66.675
69.55
87.275
73.875
74.825
64.3125
57.5875
66.6875
70.0375
61.4375
48.1625
64.225
74.575
82.95
79.8375
72.9125
67.3875
85.125
83.2
70.9875
73.1625
67.175
50.56875
38.321875
59.5375
68.1375
69.3375
79.6125
86.325
83.4375
79.6
98.275
88.7125
78.4
71.1125
73.80625
83.4125
72.1875
75.075
94.1875
68.132421875
61.4212890625
60.9625
82.475
72.2
51.375
33.825
34.84375
40.4125
32.025
38.5
47.325
70.2875
76.5125
69.3125
66.1875
73.6125
57.375
55.83125
58.040625
64.775
58.325
38
25.3625
24.6375
23.4375
25.5625
36.35
33.9625
40.65
50.575
43.44375
37.05
38.5125
31.3125
31.075
25.5875
25.125
41.3625
49.025
69.5625
39.6875
23.53125
14.528125
26.5375
23.2
28.9375
25.1125
29.65
22.25
28.475
35.6125
49
29.65
18.98125
20.609375
40.65
48.5375
64.0625
75.3125
77.2
76.9625
70.525
72.9
68.3625
59.75
67.9
74.5875
95.8625
86.05
98.25
75.775
114.03750125
109
96.3375
100.425
77.45
70.05
66.6875
73.175
86.55
95.3875
90.8375
84.1375
92.2875
75.3125
64.775
69.55
74.8375
58.7875
46.96875
48.465625
63.1
74.1
68.8375
59.525
55.6875
49.25
52.1125
77.6875
78.175
67.1875
66.3125
79.5625
84.65
78.65
65.7375
49.0125
50.925
55.4625
47.1
49.725
48.0375
48.9875
52.325
55.9375
63.1
69.075
72.4375
68.85
65.25
57.85
54.025
48.5125
47.5625
41.125
37.29375
50.896875
31.0875
26.8
27.0375
25.8375
28.1953125
27.0125
27.75
30.6
42.0875
27.025
19.84375
29.065625
41.8625
49.9375
51.15
50.7
47.825
43.7375
45.1875
58.5375
54.025
55.7
65.9875
89.6375
109.25
113.325
116.9
103.9875
100.275
90.375
84.3875
91.0875
95.6375
82.2375
61.78125
66.271875
81.7625
89.9
78.6625
86.2875
85.125
85.6
78.425
75.075
67.6375
48.0625
28.4625
30.49375
48.2875
44.95
48.75
46.6125
43.2875
38.5
41.6125
35.875
36.1
23.6875
18.51875
29.828125
44.7
45.425
50.45
48.05
56.6625
54.4875
47.35
36.0875
31.7875
36.1125
47.69375
59.215625
69.3125
71.2375
83.9125
78.175
65.5
55.225
52.5875
60.2375
58.3375
57.8625
68.25
73.4375
85.1375
87.2625
87.9875
91.5625
96.8375
92.275
91.3125
84.625
63.6
47.325
34.28125
47.146875
70.9875
85.1125
45.2
45.4125
87.0125
78.875
83.2
81.275
85.825
60.475
54.625
61.375
70.0375
79.375
94.175
83.9125
81.0375
87.025
81.0625
81.7625
75.3125
55.925
47.3375
51.8875
69.1
73.4
82.2125
85.125
92.2875
96.5875
85.1125
67.65
45.6625
34.7
20.08125
22.478125
49.725
54.0375
34.175
28.7125
37.3125
35.875
47.325
66.6875
63.3375
49.475
56.05625
54.084375
59.525
48.7625
49.2375
52.8125
49.725
42.0875
53.0625
44.225
45.675
54.2625
60.25
65.75
77.9375
66.9375
51.875
36.125
21.05
20.5625
20.55
76.75
82.25
77.7
82.59375
90.434375
35.625
35.375
26.3
65.4875
115.25
110.6875
97.0625
97.05
101.1375
68.8375
56.525
61.96875
62.4
57.1375
83.1875
109.97500125
106.38750125
132.925
141.050005
125.2750025
106.8625
85.575
77.91875
92.140625
104.45
119.0625
112.3875
51.875
77.2
79.125
98.975
103.025
90.125
72.9125
65.48125
81.759375
95.375
95.15
97.775
121.2
101.10000375
72.9
66
51.3875
53.3
65.0125
59.1875
61.11875
74.1125
56.8875
44
29.1875
20.5625
23.675
28.2125
30.3625
26.075
24.375
33.94375
44.828125
48.0375
35.375
45.4125
61.2
55.475
45.9
43.05
34.9
33.7
32.75
31.31875
40.434375
48.275
49.475
50.425
52.0875
59.0375
46.375
49.2375
55.95
65.2375
53.05
42.9125
41.29375
54.7375
57.3625
65.7125
76.725
67.4
71
61.675
61.425
60.4875
49.7125
25.34375
27.865625
46.6125
50.6625
48.0625
38.4875
38.7375
35.6125
27.5125
31.55
34.175
31.075
33.95625
44.471875
56.6625
60.9625
69.5625
78.4
67.4125
65.025
65.025
72.675
77.2125
63.5875
57.7375
58.625
63.575
64.2875
55.925
55.9375
59.7625
51.15
43.025
38.7625
34.425
33.4625
38.975
45.33125
58.575
69.55
70.0375
66.6875
65.75
64.3125
81.75
67.175
68.85
52.6
39.7
43.39375
35.3875
36.35
28.4625
40.175
50.925
48.0375
49.95
52.1
64.0625
55.2
50.9375
45.54375
63.1
49.4875
56.4125
59.7625
86.0375
94.675
87.9875
67.4
69.3125
51.15
41.9625
55.4
68.6125
66.9125
93
104.225
88.2125
71.996875
63.998046875
62.3875
62.625
58.5625
48.05
52.35
87.0125
98.4875
91.575
89.6375
87.5125
82.475
88.2125
92.9875
101.825
89.1875
87.05
85.71875
88.2375
89.8875
94.175
70.0375
98.725
88.2375
87.7375
101.8375
103.275
86.3
82.4625
80.8
83.4375
84.4
81.75
78.875
68.6
64.5375
62.8625
54.2625
59.7625
63.5875
76.38125
88.509375
97.275
94.425
88.7125
71.9375
63.5875
64.05
60.7125
58.1
60.725
59.0625
63.475
74.28125
81.0375
80.825
67.4
72.4125
104.7125
69.8125
38.25
50.1875
61.9
53.0625
33.58125
35.921875
46.625
45.6625
54.975
82.2625
36.6
34.4375
40.6625
41.375
45.425
44.2375
40.51875
38.784375
46.8375
38.5
43.9875
46.15
51.3875
35.3875
43.5125
33.95
36.1
34.425
22.73125
20.328125
35.8625
46.15
47.575
44.84375
37.05
35.1375
33.45
32.975
33.2125
27.5
24.9
25.49375
32.025
33.925
34.875
35.125
38.2625
34.4
33.2125
36.3375
33.6875
22.475
16.4875
19.1
27.2625
38.725
40.9125
36.6
35.875
40.675
38.9875
37.075
37.7875
35.1375
53.2
60.16875
62.15
66.7
76.025
77.45
71.725
75.075
65.475
58.825
56.175
45.425
41.85625
40.415625
52.8375
64.775
65.4875
54.7375
48.0375
44.95
45.425
46.85
52.8125
36.8125
25.25625
29.484375
39.7
42.575
53.7875
74.1
75.4171875
63.630859375
63.5875
65.0125
68.35
60.2375
39.68125
45.671875
64.775
75.8
82.9875
68.5875
64.7875
65.7375
64.0625
54.5
39.9375
18.2
11.5
15.0625
27.975
29.4125
28.45
29.175
34.4375
33.25
36.1125
35.875
40.4125
24.8625
14.46875
16.440625
34.175
42.575
44.95
45.6625
31.325
37.3
48.2875
38.4875
38.7375
20.5625
10.90625
10.846875
24.1625
32.9875
29.175
20.5625
20.3
22
25.1125
27.2625
30.8375
37.0875
47.56875
57.859375
60.725
59.05
67.15
58.5625
51.875
48.55
55.475
60.475
61.1875
50.1875
59.29375
74.715625
81.0375
79.125
73.1375
83.1875
96.5875
73.625
70.5375
67.6375
69.075
57.125
36.475
38.9125
59.7625
67.15
62.625
66.9375
71.225
63.1125
64.7875
55.45
58.325
46.375
30.6
28.81875
51.625
67.6375
71.95
74.35
71.9625
60.0125
60.0125
68.6125
62.1625
58.0875
65.73125
75.7840576171875
76.4972033500671
76.4999890755862
76.4999999573265
76.4999999998333
76.4999999999993
76.5
76.5
77.9375
70.9875
65.725
58.7
54.075
62.15
75.075
77.2125
79.3625
89.6375
72.425
72.4375
70.0375
72.675
65.95
52.59375
49.965625
64.525
68.6
66.4375
65.275
51.6125
52.1125
48.05
40.9
38.025
37.2875
46.375
45.54375
53.05
49.725
38.25
33.0125
33.95
30.35
36.1
34.1875
21.9875
20.575
19.35625
26.796875
45.675
38.25
49.725
38.725
31.5625
31.325
35.58125
41.5875
70.7625
59.75
42.66875
53.253125
62.6375
40.4125
37.775
40.9
55.925
52.575
73.6125
79.8625
78.1625
50.1875
32.8875
53
63.5875
62.625
84.875
67.1625
65.7375
73.4
51.4
64.3
85.825
74.575
58.075
52.35
60.225
54.75
72.425
70.75
88.45
79.6
74.35
88.4625
74.3375
54.7625
47.33125
61.196875
65.7125
47.5625
45.65
46.6125
31.075
36.35
45.4125
42.575
51.1375
47.3375
27.475
19.95625
34.4375
45.1875
34.4375
25.8375
21.75
20.075
22.9875
20.8
18.15
12.6875
15.9125
24.33125
29.65
32.2875
38.025
30.8625
25.5875
23.2
30.8375
33.95
42.5625
31.3375
30.8625
39.83125
46.375
49.975
45.675
40.425
50.175
32.7625
27.7375
28.4625
33.9375
29.65
26.18125
28.284375
32.75
31.325
59.7625
85.825
63.6
71.4625
80.8125
86.7875
89.175
59.5375
26.3125
30.1375
48.3
57.85
53.075
68.625
81.775
78.6625
84.625
88.7
91.325
80.0875
61.675
53.66875
62.875
52.6125
32.775
31.5625
58.0875
66
51.4
72.2
67.175
58.325
42.075
26.20625
46.8625
56.1875
37.3125
49.25
55.4625
45.675
44.475
41.625
37.7875
27.2625
17.31875
17.853125
29.4125
48.525
75.7875
28.225
27.5
22.9625
17.925
19.3625
15.5375
18.65
28.2125
34.1875
44.475
47.325
39.9125
62.6375
40.1625
33.4625
40.15
62.1375
69.8
75.3
76.71875
77.090625
55.45
61.1875
46.1375
46.3875
46.6125
37.075
51.1625
51.8625
48.5125
41.35
27.4
39.74375
54.7375
82.9625
91.1
93.9375
122.63750125
98.7609375
97.525
97.7625
84.8625
64.7625
53.29375
60.115625
68.6125
74.3625
85.8375
103.525
118.825
117.61250125
94.675
75.3
80.5875
64.0625
58.925
63.28125
78.8875
85.1
76.25
72.9
38.25
60.9625
66.7
29.1875
31.8
55.4375
45.05625
55.153125
68.3625
44.6875
30.8375
33.95
35.3625
42.5625
41.6
37.3125
43.7625
48.0375
47.8125
54.0375
55.4625
81.7375
61.6875
30.825
27.2625
27.025
50.2125
58.1
58.575
60.7375
62.88125
60.584375
76.75
75.55
58.5625
44.2375
45.8875
44.225
30.6
32.5125
58.8125
75.8
79.375
91.8125
87.5125
105.925
105.9125
101.5625
94.675
91.8
80.325
77.45
77.4625
53.7875
57.61875
50.559375
58.1
56.4125
62.625
44.6875
44.475
45.425
32.0375
29.65
38.725
30.8375
24.15
22.10625
42.3125
61.9125
56.8875
50.675
56.4125
65.9625
50.6625
52.5875
51.6375
28.4625
12.8
9.28125
24.875
30.125
24.65
32.7625
41.85
22.95
22.225
22.475
29.8875
32.275
27.9875
32.15625
37.075
38.2625
38.025
40.6375
59.0375
47.825
63.8125
71.7
92.025
76.4875
51.8625
45.06875
59.05
68.125
38.2375
29.6375
35.15
35.625
19.3875
11.5
14.5875
12.6875
8.73125
10.728125
21.7625
23.6625
17.45
17.225
11.975
16.2625
21.75
34.425
31.0875
18.3875
17.31875
21.796875
26.075
25.85
30.6125
41.85
49.975
34.9125
31.06640625
27.5
30.3625
19.3625
16.9625
12.80625
22.2375
26.325
20.7875
24.6375
42.5625
49.4625
43.9875
32.525
26.075
18.6625
9.6
8.99375
20.0875
26.0625
24.6125
25.125
22.7125
18.4
18.3875
21.2625
31.825
25.8125
16.125
8.30625
20.3375
35.625
44.475
43.75
28.4625
23.4375
28.9375
30.125
39.225
25.8125
13.1625
13.1625
33.7125
43.525
32.5125
29.625
30.5875
26.075
24.65
28.225
43.25
37.2875
21.04375
19.365625
27.75
24.1375
24.875
22.6875
19.125
19.35
19.8625
23.2125
22
15.7875
19.59375
24.378125
35.85
32.275
50.675
35.8625
36.575
46.8625
44.95
28.2125
24.875
18.8875
18.1875
58.81875
56.4125
49.2375
63.8375
63.3625
86.7875
78.1625
81.9875
99.2125
88.45
70.7375
57.14375
60.096875
85.825
81.9875
98.72500125
127.425
117.6125025
73.8625
71.95
101.6125
109.7375
84.1375
76.3875
65.69375
61.2125
47.3375
34.175
37.2625
45.2
42.7875
34.425
35.1375
38
34.925
21.025
27.9625
42.325
45.6625
47.35
49.975
54.9875
38.7125
48.525
52.8375
45.4375
25.575
14.46875
14.659375
38.025
55.7
55.4625
52.3625
50.675
37.775
38.475
35.125
38.0125
32.5125
29.65
35.74375
35.85
46.125
42.075
30.1375
36.5625
43.0125
66.45
80.35
77.4375
70.7625
84.28125
88.034375
73.625
69.3125
103.525
88.6875
78.175
83.4375
89.1625
85.1125
82.9625
72.425
69.08125
81.153125
108.775
119.05
124.5625025
134.1125
137.47500125
124.7875025
122.8875025
96.8125
92.0375
69.5625
51.85625
66.446875
83.6625
84.8625
99.45
127.41249875
133.8750025
111.175
111.175
110.7
113.7875
75.775
41.25
45.125
71.2375
61.9125
79.1125
98.725
116.90000125
94.1875
93.7125
96.35
92.9875
73.85
64.525
78.9
99.225
88.45
78.65
88.4375
67.4125
51.1375
73.2046875
91.8
98.975
67.4
48.74375
54.759375
68.125
73.8625
66.4625
48.05
33.9625
31.075
43.05
41.375
46.375
40.8875
40.3
39.75
75.075
77.225
67.175
60.4875
60.25
66.4625
64.7875
49.0125
51.6375
63.3375
70.1625
93.04375
91.7875
87.2625
70.2875
69.325
61.4375
69.8125
73.1625
69.8125
76.5
69.575
72.075
73.5625
94.65
99.2125
92.5125
110.45000125
129.58750125
94.66250125
91.075
92.5125
101.125
89.65
64.425
87.425
122.41250125
116.9125
110.925
132.9124975
128.37500125
100.65
93.7
110.43750125
110.9375
91.325
81.2625
83.54375
96.8
86.5375
57.6125
47.1125
57.1125
48.3
55.7125
63.5875
69.8
46.625
17.79375
21.559375
34.9125
45.425
49.25
86.0625
55.70000125
29.1875
23.1875
27.025
28.4625
22.475
14.825
19.35
35.85
56.9
56.8875
58.575
55.475
57.1375
70.5125
63.35
65.975
29.1625
12.2125
12.33125
43.2625
49
60.7
46.8625
40.65
37.3
42.075
26.05
19.5875
25.575
15.43125
10.003125
17.4375
30.825
42.3
54.75
44.95
56.675
60.9625
56.9
57.15
53.525
56.04375
55.746875
58.5625
66.2125
64.3
93.725
98.025
66.225
44.4515625
45.4125
47.0875
32.7625
35.01875
65.315625
98.475
106.87500125
102.075
120.2500025
124.0875025
105.9
84.4
88.45
94.1875
65.9625
45.0625
54.91875
67.175
68.5875
60.9375
102.8
106.6125025
73.85
80.325
94.425
81.0375
70.275
68.36875
73.496875
83.9125
94.65
98.0125
128.13749875
106.1375025
80.325
88.9375
100.6375
101.3625
75.3
62.975
54.8
65.975
63.3375
73.875
90.125
92.525
81.05
76.9875
82
91.3125
59.525
40.425
50.10625
74.5875
63.5875
38.25
27.0375
28.9375
27.025
26.3125
32.05
61.2
54.4875
41.7125
77.03125
80.825
69.1
53.7875
41.85
47.3375
56.175
56.1625
81.275
98.0125
81.275
89.40625
112.728125
121.2125
115.00000125
99.675
98.0125
109.5
81.75
96.1
99.45
99.2
85.1
56.29375
67.671875
84.1625
93.9375
98.7375
94.1875
46.625
44.47314453125
56.4138916015625
76.025
85.1
61.45
50.56875
50.853125
47.5625
48.05
46.3875
40.9
46.625
49.25
53.075
92.7375
109.9875
77.2
75.5375
86.0625
77.7
77
63.5875
77.4375
84.875
77.9375
126.6999975
145.58749875
122.16249875
82.475
78.28125
87.071875
99.925
102.7875
99.1875
113.325
104.2375
82.9625
90.375
92.2875
94.9125
75.5375
62.49375
71.784375
99.6625
93.95
90.125
91.8
106.62500125
99.9375
81.0375
67.6375
77.45
78.9
71.13125
85.290625
92.75
83.925
86.7875
82.2375
70.775
67.875
70.525
63.1125
66.9125
53.775
58.81875
66.584375
73.875
78.1625
88.925
93.475
109.7375
101.375
96.35
103.0375
114.98750125
93.9625
74.10625
80.809375
101.1375
105.175
106.3875
119.5125025
101.79375
99.215625
80.0875
74.825
93.6875
74.3375
45.54375
47.515625
66.7
77.2375
95.85
89.65
89.65
78.675
70.75
83.675
89.4125
59.0375
30.98125
31.503125
53.0625
57.8375
58.0875
75.3125
82.9625
87.9625
84.6125
92.2875
87.75
82.975
62.4
56.54375
87.25
89.6625
79.85
88
99.6875
89.6625
91.325
79.6
94.675
71.975
40.0375
44.7375
72.9125
65.775
70.2625
58.5625
53.775
47.7875
32.0375
37.2875
42.3125
38.0125
45.29375
55.628125
55
60.95
60.2375
45.8875
36.1
35.375
38.5
37.3
40.6625
36.0875
38.0125
43.9875
73.8875
97.05
94.175
78.425
69.575
71.4625
64.7625
69.075
75.7875
66.925
62.26875
69.384375
94.425
95.8625
106.875
91.55
69.8
94.425
82.475
86.55
82.9625
85.1125
93.09375
105.009375
133.89999875
134.8499975
122.65
115.2375025
85.5875
59.2875
54.025
95.1375
111.8875
90.35
80.91875
78.609375
92.0375
97.9875
79.6125
60.2375
60.9625
65.75
66.225
96.825
97.275
79.125
42.44375
68.209375
67.9
61.4375
41.85
30.8375
22.9625
19.6
22.725
26.0875
35.625
20.0875
14.23125
16.190625
28.925
37.2875
39.4625
43.2875
47.8125
39.45
29.9
28.6875
53.575
62.3875
74.1
77
80.0875
83.9125
64.3
40.1625
39.675
36.8125
84.8625
121.43750125
120.97500125
131.7250025
140.112499375
127.0500046875
131.275005
91.5625
112.85
96.1
80.8125
84.625
78.6625
86.7625
95.15
81.525
86.41875
97.121875
105.9
107.0875
109
100.875
92.5
88.6875
80.5625
102.7875
103.9875
83.2125
79.6
89.51875
88.4375
86.7625
101.1125
87.0375
87.475
79.3625
65.2625
101.83750125
112.85
100.4
87.1375
94.475
91.3125
104.4625
119.775
126.95000125
99.2
87.2625
84.353125
83.74453125
81.2625
48.0625
47.4625
66.0375
115.725
136.0375
130.0375
134.5875025
94.425
82.25
80.325
99.2
98.975
89.425
73.75
78.4625
71.7125
77.6875
93.4875
72.925
51.15
34.6625
27.275
32.75
76.7375
82.25
85.95625
62.221875
77.2125
76.975
58.325
61.425
56.875
61.4375
62.625
59.05
54.9875
40.1625
36.95
50.8625
59.7625
93.2375
108.5375
116.1875
89.6375
82.975
84.6375
95.15
90.6
57.8375
54.9625
68.8375
77.2
82
91.575
118.5875025
92.0375
87.9625
87.725
84.3875
82.2375
50.45
43.5
53.3
54.7375
61.675
68.125
86.075
65.0375
70.5125
93.95
92.75
85.35
54.9875
50.55
55.39375
47.5875
74.3625
72.4125
76.2625
103.0125
93.7125
93.225
98.475
92.9875
69.8125
54.6375
67.71875
65.75
63.1
67.6375
57.35
37.775
32.0375
41.85
43.0125
42.8
27.975
21.75
24.85
32.5
35.1625
42.325
33.95
23.1875
20.55
23.1875
39.6875
47.8
67.15
73.28125
80.515625
86.7875
88.2375
95.1375
65.5125
29.65
31.075
36.5625
49.4875
42.3125
37.7625
57.3875
83.2125
87.525
92.5125
87.0375
74.575
79.15
61.4375
57.8625
53.0625
49.95
37.5375
41.39375
55.009375
48.5125
50.9
57.8625
72.675
82
56.6625
47.3375
48.275
43.9875
24.625
20.175
31.25
47.0875
57.6125
72.9125
74.35
75.803125
71.725
80.8125
79.8625
67.8875
40.4125
44.825
56.58125
62.375
56.6875
63.825
87.275
101.825
85.125
70.5125
86.3125
81.0375
78.875
87.625
72.59375
65.9625
83.45
83.4
46.375
38.525
34.675
38.0125
74.35
66.2125
25.8125
18.1625
22.80625
33.25
22.475
25.1125
21.75
19.1125
19.3625
19.825
16.5
29.1625
31.325
44.1125
59.58125
63.3375
65.0125
63.5875
42.8125
36.3375
35.3625
27.5125
45.1875
58.8
58.0875
41.46875
44.521875
34.1875
41.3625
51.875
55.2125
57.35
47.575
46.6125
62.1625
67.2
59.0375
84.3875
93.475
95.6
95.85
93.2375
109.725
100.65
87.975
69.325
65.725
70.275
42.575
44.7125
52.1125
61.4375
65.25
79.85
85.5875
98.9625
79.125
73.1625
71.25
71.95
50.9
47.93125
67.840625
78.1875
83.7
82
87.975
80.5625
80.8125
89.175
89.1875
85.825
75.55
77.3375
74.50625
79.375
75.5375
76.7375
91.0875
80.325
62.375
72.9125
80.5625
80.075
57.85
65.5
72.6875
79.35
74.3625
74.6
71.4875
62.8625
65.9875
57.15
55.95
59.5
65.2375
63.9375
72.625
77.2125
75.55
77.225
70.05
64.3
65.7125
68.6125
71.95
64.0625
61.4375
72.43125
71.228125
78.6625
85.35
86.3125
90.375
98.4875
78.65
71.95
71.725
81.525
79.85
77.70625
79.009375
78.4125
81.0375
80.5625
72.9
89.946875
66.2125
57.1375
70.5125
75.3125
33.6875
22.95
25.6
31.8
42.575
60.2375
95.15
75.3
55.4625
44.6875
52.3375
62.15
39.45
44.35
50.25
54.975
59.3
68.6125
80.55
62.4
59.0375
58.325
55.4625
50.925
18.65
11.7375
13.75625
26.5375
36.325
43.5375
38.025
37.775
33.6875
44.7125
55.7
63.575
47.8125
50.9125
62.74375
67.875
75.3125
75.075
72.6875
50.1875
45.675
62.3875
69.55
67.875
54.725
51.85625
41.946875
40.175
59.9875
67.175
59.275
43.525
43.525
43.275
49.9625
44.4875
39.6875
44.4625
51.15
61.6625
60.4625
74.1
55.6875
67.8875
63.1125
63.5875
67.8875
57.625
38.025
33.24375
26.896875
30.3625
32.7375
40.1625
50.9125
55.2125
68.1375
90.8375
85.825
84.3875
58.075
49.7
46.48125
46.625
57.85
62.6375
49.25
57.6125
53.075
65.5125
66.9375
54.75
33.9625
29.5375
41.075
45.6625
47.325
50.2125
74.6
83.2125
77.225
68.3625
74.3625
71
48.0375
32.75
43.39375
61.6625
73.1375
86.575
90.85
73.85
60.0125
61.2
79.3625
82.2125
49.225
54.9625
55.10625
57.875
63.3375
72.6875
69.8125
59.775
77.925
82.4625
75.3
66.2125
67.4
67.29375
71.546875
73.15
72.7
74.1125
72.9125
70.5375
69.825
63.8125
83.45
78.9125
73.375
76.7375
79.24375
82.9625
89.6625
96.325
91.55
83.2125
76.025
95.1375
105.4125
88.925
74.8375
73.025
77.51875
79.15
82
90.15
98.725
69.603125
67.8875
57.85
66.45
60.25
41.125
33.58125
39.734375
49.25
56.4125
74.125
89.65
80.5625
79.35
84.8625
84.1625
74.35
60.225
53.89375
64.715625
65.0125
69.5625
74.3375
79.85
76.5
70.2875
71.725
74.35
72.1875
44.225
41.15
38.25
40.1625
42.55
33.45
40.175
40.65
40.1875
38.25
35.6125
26.525
14.35
13.4
19.6
23.425
30.6
38.0125
40.175
35.6125
40.65
57.375
55.925
46.1375
33.9375
41.85
40.26875
43.7375
50.6625
64.7875
63.575
54.975
61.675
50.2
57.825
25.1
16.25
18.03125
21.928125
28.9375
36.3375
42.3375
49.7
53.05
49.7125
60.2375
72.45
59.5125
46.8375
59.61875
65.296875
59.525
63.8125
59.7625
56.6625
43.75
41.625
60.95
82.95
77.2125
71.925
68.1125
72.425
81.525
77.6875
75.3125
76.7375
69.55
71.7125
61.45
82.4875
83.6625
64.7625
44.10625
31.990625
49.4625
46.6125
48.3
50.9
45.6625
36.575
46.6125
55.7
40.1625
17.6875
14.5875
18.6375
22.725
22.225
28.9375
29.175
30.3625
28.225
41.35
72.6625
80.575
32.2625
27.96875
33.109375
70.0375
53.3
69.8125
61.6625
53.0625
39.6875
26.3
20.0625
20.7875
19.35
24.8625
32.9875
31.7875
26.0875
27.5125
33.45
27.025
28.9375
23.7
23.4375
16.0125
12.45
11.85625
12.271875
15.5375
17.4375
21.275
27.275
28.225
25.8375
28.4625
31.7875
30.825
17.6875
26.88125
36.884375
64.05
46.6125
25.3625
32.2625
32.2625
34.9
49.975
75.7625
70.525
45.1875
37.06875
34.059375
38.5
65.5
47.8125
49.2375
41.85
36.825
36.825
42.3375
39.45
23.425
23.90625
42.690625
55.2
53.3
49.2375
45.6625
45.1875
45.9
56.9
70.2875
54.9875
31.075
27.275
38.5
38
42.1
50.925
46.6125
63.35
60.225
62.1375
50.45
43.2875
26.55
9.95625
12.271875
18.625
27.75
36.1
43.05
44.2375
74.1
62.625
66.45
57.6
58.0875
67.5375
60.3125
39.2
38.4875
37.525
40.1625
59.2875
25.3375
20.5375
20.775
20.775
15.5375
28.1
40.35
28.6875
23.1875
25.6
38
42.325
47.8
46.6125
79.375
85.5875
71.0125
80.0875
77.09375
82.475
74.35
71
90.125
92.75
93.725
69.8
80.0875
70.275
37.05
32.5125
28.79375
24.875
27.5
32.2625
35.375
32.025
35.8375
39.9375
44.7
33.4875
19.125
13.1625
15.89375
27.0125
40.6625
54.275
68.3625
80.325
56.175
62.375
72.1875
56.1875
37.775
23.78125
19.303125
33.475
36.8125
43.0375
49.725
42.8125
37.3
38.9875
48.275
34.9125
15.775
16.3875
22.775
33.2375
51.8875
55.7
36.1125
29.175
24.8875
21.7625
21.25
19.1
20.5375
31.19375
37.346875
47.1
65.9625
70.275
71.7
61.8875
64.775
58.8125
56.4125
46.8625
27.975
34.1875
38.025
32.2875
32.2625
48.7625
53.3
51.3875
65.7125
81.5375
83.9125
73.1375
65.4875
71.4625
76.63125
85.8375
86.325
95.15
85.1125
56.553125
46.451953125
43.05
51.1375
43.975
22.225
28.69375
38.134375
54.4875
61.1875
74.6
75.8
87.5125
77.45
85.5875
81.9875
71.7
61.675
69.45
83.15
79.8375
89.4125
100.875
109.95000125
105.175
121.93749875
101.11250125
81.05
69.0875
43.9875
44.5875
60.05625
51.3875
45.9
46.8625
62.375
56.8875
62.15
65.9875
58.825
50.9125
37.2875
37.19375
45.246875
56.4
69.8125
67.1625
60.0125
52.575
55.2125
46.1375
37.2875
29.65
23.9375
31.33125
30.128125
30.3625
33.925
42.325
47.5625
45.1875
51.375
59.75
81.975
60.4875
54.2625
46.1375
52.825
67.65
72.45
76.0375
89.6625
78.175
72.4375
70.5125
78.15
73.15
60.0125
58.925
69.38125
70.05
65.5
63.1
67.1625
62.375
58.5625
70.05
92.75
72.6625
63.575
63
65.0625
73.8875
84.1625
86.0625
95.15
102.0875
92.525
79.375
83.4375
88.7
61.2
59.2875
58.825
65
62.625
65.25
70.75
73.1625
65.275
68.1375
84.8625
66.4625
57.8375
65.11875
70.821875
73.4
70.775
69.5625
76.7375
79.6125
77.7
99.925
96.8375
86.05
60.0125
51.51875
65.178125
70.0375
75.075
82.9625
82.9625
78.4125
67.8875
61.9125
60.25
55.4625
54.0125
49.9375
51.73125
57.6375
61.6625
63.1
62.15
53.5375
51.375
54.75
85.5625
51.1375
53.05
59.18125
57.565625
59.3
67.15
68.8375
63.1
61.425
73.70078125
90.3625
94.175
73.1375
64.7625
67.75625
72.878125
75.8
69.3125
71.7375
70.0625
69.325
75.075
70.2625
74.0875
69.3125
62.8625
67.0375
65.89375
74.125
72.2125
74.8375
77.6875
80.5625
82
88.225
81.775
68.375
58.825
61.68125
83.671875
81.275
87.975
81.975
92.5125
92.275
87.0125
94.9125
92.9875
79.6125
83.4125
84.03125
89.128125
