"x"
70.9875
67.6375
66.9375
61.925
48.5375
47.1
42.55
42.325
49.2375
53.0875
44.35625
70.559375
62.375
46.1625
37.05
37.775
35.625
40.15
51.625
55.7
66.6875
50.4375
52.11875
60.840625
44.9375
37.075
51.3875
54.75
55.225
52.825
59.05
61.925
75.0625
70.2875
54.3875
60.88125
38.25
35.6375
80.1
90.125
87.0125
72.211328125
73.640087890625
70.7375
81.775
65.2625
36.21875
42.134375
51.3875
53.3125
64.5375
71.475
75.0625
75.775
68.8375
82.25
73.875
48.2875
56.4
42.44375
69.3375
86.7875
77.9375
69.3
85.1125
78.8875
83.925
88.925
103.275
64.0625
43.51875
49.953125
81.0375
88.22500125
62.1625
49
50.675
51.15
56.9
92.2875
94.1875
56.4125
38.24375
44.703125
61.6625
76.725
72.925
43.5125
24.8875
30.375
41.8375
43.275
85.5875
87.2625
97.99375
106.85937625
77.9375
43.2625
44.9375
35.15
37.05
36.35
41.6
51.6375
54.025
55.4625
41.825
64.18125
81.525
96.825
117.86250125
91.075
112.12500125
104.94999875
101.85
92.2875
94.9125
63.1
45.6625
76.14375
92.0375
89.9
117.375
117.6125
112.3500025
92.775
85.1
73.3875
86.5375
64.075
39.1125
61.73125
104.45
107.1
98.7375
59.275
61.175
45.4375
64.5375
98.5
130.77500125
105.65
63.125
46.1625
66.6875
68.3625
82.9375
81.9875
90.1125
97.05
93.475
94.425
87.7375
72.675
54.975
60.35625
88.2125
91.35000125
134.8249975
130.02500375
102.0875
82.475
77.95
95.3625
89.9
90.8375
81.04375
76.134375
84.175
88.4625
71.2375
55.225
43.5125
41.3625
59.05
42.55
64.3
66.95
75.0375
91.8
104.475
84.1625
60.25
39.4625
38.9875
41.6125
33
55.2125
59.2875
47.8125
42.43125
35.553125
36.8125
35.375
29.65
33.475
35.625
35.3875
46.85
54.4875
58.0875
29.8875
10.05
8.3875
40.175
60.25
71.2625
69.075
71
65.5
58.325
50.63515625
43.7375
26.8
21.875
28.4125
45.4375
53.075
57.1375
68.85
72.1875
87.75
88
74.6
31.55
11.2625
8.8625
13.4
17.4375
16.7375
19.35
22.5125
23.95
30.3625
69.1
70.7625
52.35
29.8875
24.4125
26.20625
38
33.6875
43.7625
54.7375
62.875
57.6
56.925
59.3
44.4625
29.175
40.1625
47.0875
47.8
48.0375
64.2875
46.6125
35.15
31.55
27.75
27.9875
18.4125
7.65
4.89375
8.328125
36.575
19.1375
16.5
17.4375
19.125
14.825
12.45
9.6
7.1875
8.6125
9.00625
13.934375
25.825
31.7875
37.525
33.225
23.9125
20.7875
28.95
30.375
20.5625
8.65
17.35
15.73125
31.5625
43.5
44
40.875
33.6875
27.75
27.275
31.3125
20.55
11.7375
15.3
22.475
27.025
43.5125
52.825
52.0875
48.9875
56.1625
64.05
56.6625
55.7
35.3875
22.5875
40.1125
57.375
65.9625
72.4375
75.3125
59.5
59.0375
42.0875
31.325
23.675
12.2125
14.4875
27.075
43.5125
57.1375
61.4125
60.0125
60.25
73.1375
74.3375
76.025
75.775
84.8625
85.24375
82.084375
70.0375
75.775
78.425
72.1625
70.975
77.6875
90.1125
77.7
67.875
57.15
64.90625
84.684375
90.375
84.4125
84.4
89.1625
99.7
70.7625
64.8
78.4
81.3
65.5
69.91875
74.896875
76.025
75.3125
89.1625
90.375
81.75
76.9875
86.7625
97.525
85.5875
63.8125
63.1125
88.56875
90.375
86.075
84.425
88.9125
89.6203125
77.225
97.2875
77.4625
65.525
40.1625
40.175
52.45625
63.8375
56.8875
56.8875
69.8125
90.8375
81.05
67.4125
58.8125
53.55
40.4125
37.05625
39.109375
46.6125
52.3375
62.15
68.8375
63.8125
70.0125
62.15
57.1625
57.6375
55.9625
57.15
62.26875
65.2375
71.95
70.275
67.15
63.3375
66.45
65.0125
63.1
56.875
54.25
56.06875
59.121875
64.05
64.7625
65.475
72.425
81.0625
74.825
76.5125
78.4
73.875
56.4125
55.59375
60.071875
59.5375
68.6
73.85
76.9875
79.1375
78.8875
77.95
70.525
67.1625
61.4375
63.45625
67.209375
73.175
77.9375
79.1125
79.3625
82.475
77.7
71.225
68.825
68.3625
61.9125
60.725
63.45625
67.4
63.8125
66.2125
70.275
81.75
75.0625
65.025
55.9375
52.325
36.575
36.3625
48.18125
60.4875
65.75
80.575
77.2125
81.9875
70.5375
60.25
54.5
60.95
47.0875
36.68125
46.671875
38.7625
42.575
45.425
47.8
46.8625
54.9875
48.5125
47.8
38.025
27.9875
35.625
50.2125
49.9375
49.7125
57.1375
57.4
61.2
75.55
72.2125
68.85
49.2375
29.6625
33.36875
64.371875
65.5
60.475
63.3375
71.25
82.25
80.3125
77.9375
77.2375
55.95
43.775
42.8125
57.24375
74.1125
77.95
86.5375
104.95
110.2
104.9375
101.625
109.25
97.3
63.3375
56.29375
64.003125
79.3625
79.3625
85.6125
96.1125
106.375
109.975
69.575
72.6625
69.3125
54.975
52.33125
61.565625
82.975
79.6125
95.1375
90.8375
82.5
78.1625
74.312890625
75.775
68.15
25.5875
15.3
21.16875
32.975
43.7625
57.6125
70.0375
81.7625
72.4375
68.8625
60.0125
41.6
10.7625
3.7125
6.18125
11.025
17.925
27.0375
36.3375
37.55
40.4125
28.2125
27.275
21.05
7.4375
17.5875
25.04375
35.625
41.1375
67.4
61.675
48.05
49
56.8875
52.3375
52.825
55.7
61.1875
64.43125
63.575
74.6
79.3625
87.975
87.025
82.7375
92.9875
75.55
79.8625
61.4375
44.11875
57.434375
68.125
83.2
87.025
67.6375
54.25
43.025
44.225
62.6375
71.225
25.8125
17.4375
24.375
38.475
57.125
60.0125
60.4875
54.4875
50.4125
51.375
55.7
43.275
19.3875
16.4875
30.00625
53.7875
62.625
85.5875
100.6375
60.7125
42.325
60.475
122.6250025
91.075
56.9
55.2125
59.65625
60.4875
68.5875
77.225
83.1875
87.75
91.1
83.925
79.6125
66.925
61.4375
62.7625
71.2875
78.175
78.425
84.85
82.225
79.1375
60.0125
41.8375
77.2375
88.2125
69.35
68.83125
69.790625
69.8125
71.975
80.325
86.3
51.3875
49
55.4375
50.6625
38.7375
37.775
41
33.43125
32.75
65.0375
59.2875
94.6625
79.35
58.825
50.2
85.1
77
30.1375
22.60625
29.590625
50.2125
85.35
97.05
66.2125
70.275
77.4625
66.2125
68.6125
43.2625
30.1125
28.70625
47.453125
44.2375
45.1875
54.4875
63.3375
66.225
54.2625
51.15
44.95
41.1375
22.4875
13.875
30.6
58.5875
66.6625
71.95
61.44375
45.148828125
33.95
37.075
69.8125
69.3375
48.75
48.04375
57.396875
63.35
65.25
79.6125
95.8625
76.7375
105.425
154.925
138.67499875
110.2125025
59.2625
55.20625
64.903125
78.4
76.7375
67.15
62.8625
64.05
69.0875
62.1625
60.25
55.45
49.9375
53.5375
60.4875
69.55
69.55
85.3625
98.2375
87.2625
87.9875
74.575
70.0375
56.9125
54.5125
62.15
64.3
74.3625
77
89.425
99.1875
82
52.1125
66.45
91.5625
78.6625
49.475
36.21875
69.621875
77.225
74.0875
78.8875
63.8125
58.575
48.5375
44.7125
47.0875
17.2125
8.125
9.45625
13.934375
24.1625
40.8875
71
85.3375
77.6875
50.2
56.8875
79.1125
70.75
70.0375
21.3875
42.2625
72.1875
66.7
72.9125
88.9125
69.325
65.975
41.125
49.475
52.35
13.8875
13.05625
10.121875
19.8375
44.6875
53.775
64.0625
50.225
46.375
44.475
54.2625
47.8125
18.65
17.10625
40.221875
71.2375
74.8375
67.425
49.725
40.9125
33.7125
50.45
43.2625
31.3125
28.9625
43.05
47.3375
67.1875
89.4
88.95
86.0875
80.0875
83.45
81.7625
78.1875
61.65
48.0625
51.6375
49.34375
46.85
39.475
35.125
35.3625
37.0625
48.275
54.2625
72.4375
60
30.8625
38.2625
54.025
63.8375
80.1
86.55
93.9375
110.92499875
92.9875
75.0625
95.6375
81.5125
39.4375
35.01875
55.271875
65.0125
75.525
88.7125
105.675
124.3531284375
109.059765898438
82.2375
48.75
22.9625
8.875
10.55
13.4
26.7875
30.3875
44.95
55.225
62.1625
63.575
65.0125
90.8375
93.725
70.9875
64.16875
76.665625
101.825
104.95
116.425
124.3250025
100.6375
89.6375
87.5
86.0875
82.95
36.1
38.975
45.675
52.1
60.7125
64.05
59.7625
31.55
24.1875
31.0875
21.05
15.3125
8.8875
16.975
25.1
17.2
26.0625
50.675
57.3625
61.1875
70.7625
65.975
69.8
60.225
30.5875
26.20625
25.540625
28.2375
32.2875
44.7
49.7375
41.8625
38.5
46.375
62.1375
55.2125
34.6625
47.93125
62.090625
66.6875
84.175
81.275
85.3625
75.0625
77.2125
87.275
91.55
75.3125
59.3
64.1875
66.2625
85.1375
88.7125
87.5125
91.1
92.7625
80.3375
77.225
82.2625
68.15
49.725
50.20625
43.528125
39.9625
45.6625
60.0125
69.5625
66.45
49.475
59.75
57.85
60.475
48.05
40.875
79.23125
101.3625
102.325
111.4
98.975
65.4875
67.8875
66.225
64.3
66.2125
32.275
19.74375
20.265625
28.9375
42.5625
55.6875
49
33.225
23.675
14.8375
6.925
3.325
3.0875
4.9875
5.84375
21.2875
62.3875
72.2
63.3375
34.175
38.5125
42.075
28.7
18.4125
9.0875
8.84375
7.653125
10.7625
13.175
28.4625
40.1625
38.025
41.35
37.075
43.05
42.775
15.55
15.78125
34.196875
66.7
65.4875
78.4
81.7625
67.1875
66.6875
75.525
110.6875
133.8625
66.2125
30.13125
24.259375
40.8875
41.3875
50.675
62.375
52.35
47.8
55.7
56.65
61.6875
32.7625
20.8
23.9375
33.2125
43.975
47.8125
54.975
51.1337890625
43.7625
44
44.7
48.2625
33
12.5625
18.34375
45.425
64.775
79.8375
54.7375
59.275
40.4125
52.1125
69.575
89.425
66.7
49.10625
44.415625
45.9
44
48.525
69.3125
72.1875
73.4
74.8375
74.6
86.0875
77.225
77.2125
87.8625
92.5125
97.5375
107.325
91.075
54.0125
47.8125
52.125
62.375
61.2
54.25
60.6
71.4125
79.8375
93.45
106.1375
109.7375
106.1375
108.0625
113.325
104.01249875
73.625
54.7375
46.49375
48.334375
60.7125
79.125
86.3
80.8125
73.625
73.6375
69.8
79.85
82.9375
65.7375
57.99375
56.234375
65.7375
60.25
67.425
78.6625
89.8875
87.9625
89.6375
75.75
69.0625
43.025
22.95625
18.046875
19.125
22.9625
20.575
25.35
48.3
59.05
54.25
71.4625
75.5375
50.675
51.75625
59.003125
69.325
82
82.0125
80.0875
73.625
70.05
74.3625
61.9125
66.425
43.5125
33.35625
42.609375
24.8625
32.5
43.7625
39.9125
38.7375
58.8
72.6875
75.55
81.0625
53.525
54.725
63.5875
77.7
84.8875
87.7375
71.4875
61.2
58.55
65.9625
73.15
60.4875
53.7875
52.2125
54.91875
76.4875
77.925
80.55
88.7
79.375
57.6
55.7125
51.6375
65.0125
55.45
52.7
56
64.775
68.8375
70.0375
75.5375
72.1875
68.5875
66.925
62.875
63.825
52.3375
49.24375
55.096875
73.4
77.2125
73.65
75.8
72.9375
69.0875
57.375
51.65
70.05
64.05
58.21875
57.103125
61.9125
61.9125
69.325
49.0125
43.690625
48.1205078125
39.2125
51.625
84.4125
73.3875
59.53125
54.978125
63.8125
71.925
90.8625
85.825
60.7125
61.1875
61.4375
85.825
92.2875
70.775
62.15
72.9375
68.6125
59.2875
49
56.8875
66.4625
63.35
55.6875
51.125
51.625
28.725
31.56875
39.559375
55.9125
46.3875
63.825
62.1625
54.275
52.125
50.6625
45.9
47.5625
47.325
54.025
61.55625
79.3875
94.9
107.35
86.5625
82.0125
80.8125
102.8
85.1
76.2625
58.8125
59.775
65.25
82.9625
98.7375
102.5375
96.3375
82.7125
80.1
84.375
82.0125
82.725
39.7
21.85625
22.415625
43.025
71.0125
79.85
68.35
55.7
65.4875
76.725
85.3375
101.5875
84.1625
75.775
81.025
101.85
107.0875
127.6625025
125.2749975
91.087890625
86.7875
98.9875
137.46249875
113.32500125
87.0125
80.35
89.1875
110.9125
107.1125
108.2875
88.6875
60.725
53.5375
54.2875
99.45
119.75000125
103.525
73.28125
85.646875
100.175
84.1375
85.3625
50.2125
36.3375
31.3125
31.8
66.578125
73.19453125
64.5375
66.1875
73.3875
87.75
86.3125
89.175
51.175
32.5125
41.8625
56.15
75.3125
85.3375
55.925
59.28125
77.934375
83.175
82.2375
85.5875
92.75
84.875
101.825
98.95
76.025
78.425
61.9125
62.15
74.20625
91.075
100.4
106.4
104.4875
101.85
80.025390625
72.7743179321289
79.6251457214355
83.2
53.7875
33.34375
44.165625
65.9625
84.8875
89.8875
89.175
79.85
83.4375
98.975
92.05
81.05
73.3875
65.59375
73.328125
83.675
92.9875
104.2125
96.1
104.00234375
74.3375
65.475
81.9875
100.6375
68.6125
46.01875
46.553125
67.875
70.9875
74.6
82.0125
99.2
92.7625
68.85
64.2875
78.425
63.3375
31.90625
33.665625
51.15
63.1125
77.9375
73.875
74.8125
64.55
68.5875
57.1375
53.2875
44.475
52.4625
80.2625
99.6875
116.67500125
107.575
95.375
89.6625
88.7
87.9875
88.4375
82.725
74.8375
85.46875
96.978125
90.8375
88.95
83.45
83.4375
81.525
60.0125
75.2875
78.9
85.35
62.875
58.93125
52.884375
76.05
89.6625
82.4875
80.1
69.075
73.4125
78.6625
79.6125
85.6125
62.8625
43.5125
48.775
68.1375
75.3125
70.775
69.1
70.7625
82.475
76.5
82.4875
85.85
70.775
40.05
48.1125
62.875
67.1625
81.775
90.1375
88.225
82.9625
76.0125
95.875
99.2
77.2125
74.95625
48.115625
57.375
69.3375
84.1375
95.15
98.725
93.2375
106.6125
92.5125
102.0875
92.7375
60.7
59.64375
61.6875
63.5875
73.4
78.1625
72.425
81.775
73.4
60.2375
52.35
39.4375
34.90625
50.203125
87.75
58.3375
69.5625
91.7875
77.4625
93.2375
82.7125
88.2125
76.9875
46.85
42.8125
54.38125
62.15
69.0875
80.0625
75.3
81.0625
79.1375
76.2625
67.8875
78.4375
65.025
52.79375
64.071875
73.4
72.675
69.0875
65.75
55.45
79.825
69.3375
67.65
74.6
58.325
21.2875
47.575
66.4375
64.55
78.925
102.32500125
111.41250125
108.2875
90.6125
113.3125
75.7875
54.5125
49.2375
55.56875
68.5875
75.8125
82.0125
56.65
43.275
43.525
56.4125
61.024609375
72.675
51.3875
39.70625
41.603125
40.175
21.025
25.3625
68.1375
75.775
102.5625
98.4875
91.5625
76.975
66.9125
56.65
59.41875
67.425
62.8625
55.9375
26.775
30.3625
31.075
31.575
40.1625
46.6125
44.475
47.5625
49.58125
51.625
33.9375
30.1375
27.5125
21.9875
18.8875
27.25
38.25
33.7125
17.225
11.4875
9.94375
18.1625
14.1125
23.2125
19.5875
24.4125
22.7375
31.0875
35.6375
45.425
17.2125
8.60625
11.715625
23.9125
33.225
48.7625
46.8625
50.9125
42.7875
51.4
54.75
67.175
58.575
68.48125
84.090625
86.7875
82.4875
73.8625
54.9875
66.4375
78.875
113.56250125
109.0125
82.225
57.375
69.075
80.8125
94.175
98.7125
107.1
81.525
91.78750125
82.475
68.3625
71.2375
67.15
59.775
59.525
58.1125
65.4875
63.1
67.1625
52.825
36.825
36.1
51.1625
70.2875
75.075
64.7875
74.58125
73.746875
87.2625
75.05
62.875
41.1375
32.2875
34.2
40.875
49.9375
52.5875
52.8
55.95
62.74375
64.3
62.1375
62.15
65.0125
60.9625
61.2125
55.2
48.7875
42.325
42.3375
31.06875
24.984375
24.3875
19.1
22.2375
21.525
23.2125
24.65
26.5625
26.3
37.3
23.9
15.0625
19.25625
36.0875
39.2125
48.275
38.025
33.2375
27.275
36.1
34.1625
39.4625
42.3125
55.6875
72.65
85.125
93.7125
91.325
91.5625
86.7875
90.125
82.9625
91.325
102.0875
66.4625
45.425
65.13125
77.2125
82.9625
84.6375
78.2359375
88.6716796875
94.4375
93.2375
72.925
70.7625
49.225
27.14375
33.521875
45.9125
56.675
49.2375
52.825
50.65
47.0875
46.6125
43.05
43.7625
34.1875
27.51875
35.528125
45.8875
46.85
53.525
61.4375
65.5
57.8625
52.8125
44
36.8125
38.2375
50.33125
56.734375
77.225
75.5625
73.4
46.6375
78.4125
59.275
63.6
60.0125
54.975
57.1375
65
70.15625
83.4375
84.8875
74.825
56.4125
75.55
74.575
80.3375
73.6375
55.9375
50.925
34.675
31.5625
59.525
62.6375
42.5375
48.5375
49.4875
49.475
51.875
71.2375
69.3125
65.2375
62.98125
63.646875
69.325
86.0375
94.65
98.4875
102.55
94.675
84.2
84.9125
84.4
62.3875
46.6125
52.45625
70.7375
77.7
77.925
90.1375
96.825
94.9125
69.5625
48.05
48.05
28.225
12.09375
14.290625
28.4625
32.275
32.275
26.3
32.7375
36.5875
45.4375
53.55
46.375
35.8625
32.86875
34.484375
42.8125
41.3625
38.975
33.4625
30.6125
32.9875
32.9875
40.9125
48.0375
37.2875
37.3125
42.44375
38.2625
39.45
54.975
37.55
28.225
36.8375
38.0125
52.575
76.5
89.175
76.14375
78.471875
39.7125
37.0625
34.4125
66.225
112.8375
91.575
90.6
104.225
102.590625
66.4625
44.21875
43.290625
48.9875
52.35
65.0125
60.9625
78.8875
85.1125
124.07499875
128.40000125
97.55
87.5
90.4875
97.3625
112.3625
82.7125
53.7875
55.45
65.4875
75.55
124.325
126.73750125
101.1125
67.6375
64.54375
66.940625
76.2625
72.9
75.3
66.9375
53.7875
63.6
68.3875
61.9
55.7125
52.0875
52.10625
52.115625
66.6875
55.225
41.6
24.3875
25.1125
22.725
28.225
24.65
24.4
17.4375
18.65
28.95
37.0625
32.2625
35.85
34.425
39.925
37.05
34.9
33.475
31.55
23.6875
22.48125
24.521875
36.35
39.6875
35.3875
32.0375
35.125
31.8
37.3
42.8
50.425
41.8625
34.0625
42.275
58.8125
53.5375
64.0625
49
56.9
68.6125
74.5875
79.1375
76.975
55.925
22.21875
33.246875
52.85
33.95
29.8875
27.9875
26.0875
26.8
23.4625
24.9
32.0375
25.1125
17.9125
19.125
26.775
44.475
44.7
40.65
42.55
42.0875
52.3625
63.1125
68.6125
55.45
56.8875
61.4375
70.525
74.825
66.7
63.8125
53.0625
61.2125
52.1
41.8375
38.25
35.1375
34.7875
40.7
50.6625
56.4
60.475
51.625
50.9
57.375
66.9375
43.5
67.175
66.6625
54.00625
43.040625
56.6625
58.3375
47.575
40.8875
39.675
44.7
40.4125
42.5625
46.125
53.8
30.85
32.5125
50.9375
71.7375
73.4
60.7125
82.9375
89.65
65.7375
74.8
73.3875
58.075
56.91875
54.859375
66.4375
69.3375
76.025
89.1625
96.325
81.2875
81.7625
69.325
66.6875
65.7375
43.40625
47.053125
68.375
92.2625
83.4375
77.7
87.7375
108.775
105.1875
103.703125
89.9
77.225
72.4375
79.6
85.1125
92.5
89.65
78.425
108.06250125
111.65
120.9875025
135.06250125
112.61250125
70.55
66.79375
63.290625
81.7875
84.3875
89.1625
76.4875
68.825
77.9375
72.6625
72.9125
75.8
62.8625
75.29375
98.365625
98.0125
88.4625
84.875
74.1
61.6625
78.1875
69.8
70.7625
63.1
55.925
60.84375
69.371875
72.425
74.8375
72.1875
83.2
66.225
54.4875
55.4625
57.6
64.55
53.0625
44.2375
39.7
41.6
38.725
32.75
32.5375
27.7375
20.7875
26.55
26.3
32.5125
24.4125
15.0625
22.36875
32.0375
33
28.2125
21.7625
45.6625
28.9375
37.5375
30.1375
32.5125
37.775
15.7875
12.925
30.6125
28.4625
25.6
27.9875
19.8375
24.65
32.7625
41.3625
49
32.275
23.30625
27.928125
36.8375
34.65
32.2625
26.7875
26.075
19.8125
19.8375
22.95
21.2625
10.275
3.9375
4.23125
9.125
14.125
18.3875
17.2125
15.3
19.8375
25.6125
19.8375
18.1625
10.7875
20.81875
24.984375
37.775
32.7625
45.4125
40.9
58.1
68.35
48.775
77.2125
66.4375
50.2
36.825
39.7
54.0375
48.0375
53.0625
53.55
30.6125
31.0875
34.9125
32.2875
43.025
22.4875
8.15
10.7875
17.2
18.6375
24.3875
28.7
32.7375
35.1375
51.4
60
64.3125
51.15
36.09375
42.196875
57.3875
61.925
72.1875
72.9
69.325
77.2125
79.3625
60.4875
37.775
18.425
11.73125
19.009375
36.0875
29.175
28.6875
27.7375
27.4875
24.4
27.725
23.78125
25.70390625
17.45
10.19375
10.728125
18.8875
22.9625
22.2375
27.7375
24.65
27.75
32.7625
34.675
34.4375
16.75
10.3125
7.81875
10.55
15.3
16.725
13.6375
15.5375
14.1125
19.5875
17.2125
22.2375
18.3875
22.225
32.63125
39.2125
53.0875
35.3875
31.55
28.925
28.2375
32.5125
41.6
43.05
49.725
55.79375
71.771875
80.0875
62.1625
68.85
71.7125
74.6
76.5
83.6625
74.0875
60.4875
43.975
29.53125
31.871875
56.425
49.725
61.9125
69.7875
67.6375
67.4
67.4
63.825
67.425
40.9
23.3125
36.05
50.6875
46.3875
37.3125
43.975
42.3125
34.9125
37.075
39.675
44.95
36.8375
33.825
49.175
59.5375
48.2875
47.325
61.45
71.2375
66.925
60.0125
64.7875
53.3125
36.1
22.8375
25.64375
45.4125
48.05
38.0375
38.2625
42.0875
45.9125
45.9
50.425
49.975
38.9625
36.7
38.675
54.2625
58.55
40.4125
31.8125
29.1875
30.6
31.5625
21.75
16.4875
12.45
21.7625
23.7
22.7
19.3875
22.95
23.4375
21.025
22.225
21.2625
18.3875
14.5875
11.5
9.3625
17.2
32.7625
30.6125
37.2875
27.025
23.925
23.6875
28.7
33.95625
47.825
34.9
20.44375
31.634375
39.2125
27.9875
32.525
32.5125
38.725
32.3
47.8125
63.8375
60.2375
37.525
30.6125
30.375
42.325
34.2
52.1125
43.9875
48.775
43.2625
56.675
40.65
47.1
36.575
17.3375
25.64375
33.9375
29.9
35.1375
39.6875
48.0375
45.1875
55.4625
73.375
60.925390625
43.025
29.775
34.125
36.575
37.0625
19.125
22.2375
22.95
27.75
30.625
25.6
36.8375
43.9875
25.4625
20.875
27.5
43.05
26.775
15.3
13.4
12.45
14.1125
13.4
9.35
1.9
4.075
21.05
24.625
14.825
21.75
19.8375
10.55
10.7875
13.875
16.9625
12.45
8.4
8.875
11.025
16.725
23.9375
34.1875
46.1375
46.1375
43.75
23.2
20.325
26.075
18.9
8.64375
8.153125
16.4875
19.575
32.75
52.575
45.1875
35.4
46.125
57.6125
50.6625
38.4875
12.2
9.23125
24.15
28.4625
30.6
32.7375
31.8
39.925
38.9625
53.075
61.675
50.925
21.40625
24.803125
39.675
39.2125
20.0875
18.4
24.875
24.3875
32.05
37.775
30.6
22
15.18125
10.015625
19.5875
25.3625
22.9625
20.3125
28.45
25.1125
24.9
25.8375
22.0125
11.475
4.53125
3.934375
10.3125
25.125
33.95
22.4625
21.075
17.2
11.5
10.0625
7.925
8.1625
9.94375
23.734375
35.875
31.5625
32.275
33.7
24.85
32.7625
34.2
40.1625
59.275
68.1125
66.68125
64.659375
59.525
50.9
41.1375
33.9375
29.8875
27.975
37.16484375
52.35
39.675
30.6125
26.3125
30.71875
38.75
61.4375
65.0125
63.8
79.1375
72.6875
88.2125
79.1125
73.8625
59.2875
42.44375
38.928125
49.725
56.425
76.7375
67.4
84.1625
84.1625
88.2
81.05
81.3
63.8125
46.75625
65.559375
69.55
71
42.0875
33.95
26.3
28.225
25.825
18.8875
18.6625
17.4625
10.19375
12.746875
30.3625
26.075
14.1125
18.8875
14.825
20.3375
20.3125
22.725
18.4125
16.5125
17.4625
31.3375
39.4625
57.8375
40.4
32.05
27.0375
32.2875
27.0375
43.7625
52.0875
66.45
67.7625
78.93125
79.6
96.3375
81.75
61.9125
52.5875
32.0375
28.925
33.2375
39.9375
59.3
61.55625
72.140625
73.3875
69.8
68.6
56.9
70.5125
67.6375
57.375
64.7875
53.775
28.2375
18.89375
15.421875
39.925
40.1625
51.875
36.6
25.85
28.225
22.0125
26.325
32.05
21.5125
9.70625
12.034375
28.9375
43.2875
34.6625
28.7
26.075
31.5625
30.3625
25.3625
25.1
14.8375
6.1125
6.40625
14.35
18.6375
22.2375
20.7875
37.05
42.0875
37.05
39.95
53.075
39.45
18.39375
28.234375
37.7625
35.8625
33.225
29.1875
31.1
33.4875
41.125
55.6875
71.7
60.9625
55.46875
42.553125
47.825
43.2625
28.7125
39.2125
25.35
18.65
15.0625
15.0625
14.825
12.6875
12.9125
19.375
27.025
21.3
16.25
13.6375
12.925
15.775
16.725
17.2
13.875
9.35
7.2
9.8375
15.0625
15.5375
20.075
21.5125
22.9375
19.35
21.0375
23.4375
30.8375
19.125
13.04375
12.390625
20.575
21.5375
20.325
17.4375
21.275
30.125
27.975
25.1
20.7875
13.4
5.375
8.08125
16.2875
22.475
19.1125
18.6375
16.9625
16.9625
18.625
18.625
27.975
17.9375
13.51875
14.884375
21.5125
32.2875
41.1125
55.2
43.2625
29.8875
26.0875
25.3625
28.45
24.375
18.3875
17.675
25.35
27.0375
28.7
31.7875
30.6
27.5125
27.0375
26.8
39.45
39.925
24.275
23.975
22
22.475
20.3125
18.15
16.4875
17.6875
18.1625
17.6875
14.5875
11.4875
11.85625
12.390625
18.1625
16.4875
26.075
22.9375
24.4
27.0125
24.65
29.175
26.3125
21.7375
20.90625
51.696875
72.425
59.75
78.925
83.2125
80.3125
81.5125
91.325
95.3625
101.5875
84.15
62.03125
59.240625
81.7625
96.575
86.78750125
41.125
48.525
48.3
44.475
68.85
90.1375
75.0625
55.1125
42.125
54.25
46.1125
29.9
28.225
33.7
28.225
29.175
27.9875
31.3125
22.2375
13.875
12.2125
19.35
25.825
30.6
30.125
31.075
27.0375
29.8875
30.35
31.075
16.7375
10.65
11.3
22.475
35.3875
46.1375
55.9375
57.6125
55.7125
51.875
51.625
51.15
38
34.41875
26.884375
40.875
57.5875
45.1625
38.975
40.8875
40.4125
55.925
75.775
79.6125
73.1625
76.9625
82.9625
79.125
79.6
83.2
76.2625
81.525
91.575
88.925
89.8875
72.6875
51.8625
52.23125
69.23828125
86.525
102.8
102.55
93.95
94.1875
103.275
103.5125
85.825
79.375
56.425
40.75625
53.609375
69.775
70.0375
86.7875
104.475
113.8
117.8875
124.08750125
134.5999975
111.39999875
65.975
35.3875
44.7125
66.2
69.075
82.475
97.55
108.05
109.4875
108.5375
99.925
91.8
75.8
70.26875
71.240625
90.6
106.375
104.0125
77.8125
46.6828125
56.6375
69.8
85.8375
85.3625
66.225
47.9375
51.9375
62.4
69.0875
64.075
57.3625
43.75
31.7875
46.8625
49.7125
58.5625
51.875
30.01875
24.578125
51.65
55.7
65.5
73.15
67.6625
69.8
72.9125
65.5
50.425
49.7125
54.8625
76.4625
88.9375
77.9375
84.1625
72.9
65
72.45
77.4625
76.7375
88.4375
65.975
60.6875
58.6625
93.95
85.5875
78.4125
95.625
122.63749875
109.72499875
110.6875
92.275
88.95
73.8625
60.4875
76.25
110.45
101.8375
111.15
70.525
98.475
110.74091796875
112.598571777344
108.2875
95.6125
68.125
58.5625
61.54375
65.4875
63.0875
48.3125
31.325
38.95
44.4625
32.75
40.4125
40.1875
21.75
6.3375
8.4125
13.1625
22.9625
25.8375
55.0125
43.75
20.525
16.725
17.2
19.825
13.4
5.2625
5.975
14.825
22.9375
25.6125
33
38.0125
44.6875
47.5625
38.0125
30.125
11.2125
1.78125
2.434375
7.2
20.8
23.2
22.7125
18.4125
14.5875
17.925
10.3
8.625
5.975
2.86875
1.428125
5.75
13.875
25.8125
20.7875
21.0375
27.7375
32.9875
27.9875
22.4875
15.5375
17.45625
18.509375
37.075
47.325
53.3125
77.7
80.5625
44.225
26.3
28.4625
36.0875
19.85
12.56875
24.328125
75.55
99.6875
93.225
73.875
84.8625
82.2375
76.7375
88.225
82.7125
54.75
23.80625
27.678125
44.7125
50.1875
44.475
53.3125
56.6375
55.4625
54.7375
66.925
59.525
45.6375
33.71875
34.534375
51.4
65.0375
68.6125
75.55
64.775
47.1
50.45
81.8236328125
74.125
40.4125
38.11875
42.384375
51.6
51.3875
44.95
39.9375
51.1625
47.8
36.3375
40.625
64.2875
71.25
41.61875
48.515625
59.3
64.3125
35.1625
18.8625
19.5875
22.2375
23.2125
24.8875
50.9125
48.525
37.91875
65.571875
76.9625
58.5875
50.6625
35.125
38.75
41.125
39.2125
53.7625
94.1875
64.0625
67.99375
79.921875
100.625
104.4625
109.5
108.3
114.5125
103.75
97.7875
79.8625
63.575
47.5625
31.44375
30.803125
54.2625
95.1375
82.725
90.6125
44.7125
30.85
31.8125
48.525
55.45
43.5125
25.00625
24.721875
36.5875
39.925
44.7125
36.35
32.0375
30.85
38.0125
54.75
84.8625
78.6625
46.01875
39.759375
65.0125
78.175
42.8
44.4625
60.25
73.4
65.5125
102.8
90.625
69.8
63.8375
69.5625
93.7
118.825
94.425
93.475
88.45
90.6
96.35
84.8625
85.35
75.7875
69.90625
80.134375
90.6125
95.125
82.475
71.2375
57.8375
69.325
76.2625
62.1375
67.65
76.0125
85.21875
94.603125
99.2125
76.5125
85.6
75.0625
78.175
71.7125
80.3125
76.5125
76.975
66.45
53.55625
51.496875
71.25
74.5875
92.2875
91.325
109
106.875
87.9875
113.31249875
116.9
98.25
64.05
77.56875
103.9875
90.6125
85.375
83.925
89.175
74.825
61.9125
70.275
98.25
78.3875
46.375
44.95
65.2625
72.675
79.3875
86.325
81.525
91.075
74.35
94.4375
91.55
61.925
27.39375
32.928125
64.525
72.925
76.9875
81.2625
87.5125
85.825
84.1625
96.672265625
96.325
88.9375
59.16875
52.871875
78.175
90.85
89.9
74.3375
72.4375
75.3125
71.2125
69.35
80.0875
63.5875
32.5
35.85
47.8125
51.15
58.0875
51.3875
44.9625
46.1375
46.3875
40.1875
51.375
47.0875
45.06875
51.196875
57.15
52.8125
58.575
47.325
42.325
45.6625
41.3625
46.6125
50.425
48.0375
43.0125
51.6375
69.3375
83.925
89.9
88.2375
77.4625
87.525
79.85
74.1125
69.0875
65.4875
61.68125
78.065625
97.5375
106.85
109.4875
66.45
72.4375
87.7375
90.85
90.6
85.3625
77.6875
93.11875
120.78437625
135.07499875
128.362505
132.65
52.3625
38.9875
41.3625
47.1
70.05
104.95
88.2
37.54375
32.634375
75.3
49.2375
42.1
41.1375
39.2125
48.0625
59.7625
78.1875
95.15
63.1125
50.06875
54.084375
64.0625
54
29.4125
21.2625
17.4375
19.8375
26.2875
40.65
43.0375
17.9125
10.425
8.2
12.925
17.4375
22.75
19.1
16.4875
16.725
12.45
12.2125
22.4875
30.375
60.35
57.56875
44.7
65.275
56.2
25.3375
21.5125
23.9
49.4875
95.16250125
101.85
79.125
86.275
98.2125
93.2375
73.4
65.725
48.5375
40.9
54.2625
63.3625
76.975
75.7875
64.525
69.18125
78.578125
92.5125
104.4875
103.275
80.55
74.35
62.2125
16.906201171875
15.3062742233276
15.3000245086849
15.3000000957371
15.300000000374
15.3000000000015
15.3
15.3
15.3
15.3
15.3
15.3
15.3
15.3
15.3
15.3
15.3
15.3
15.3
15.3
15.3
15.3
15.3
15.3
15.3
15.3
15.5375
13.875
18.8875
32.88125
39.45
55.925
49.725
48.9875
37.05
30.6
28.7
33.45
28.2125
35.6125
37.43125
39.403125
56.425
54.5125
39.7
26.7875
21.75
16.5
14.5875
16.25
32.3
34.175
42.69375
43.571875
41.125
35.1375
54.5
46.625
35.15
21.525
21.5
26.0875
30.375
31.5625
35.15
42.3125
42.1
26.311328125
35.8625
45.1875
43.7625
40.425
36.5875
40.2
37.55
27.2625
17.675
26.86875
33.2125
33.9375
39.4625
45.425
42.325
34.9125
31.3125
27.025
29.65
7.65
6.23125
5.846875
13.1625
12.45
19.125
35.6125
31.575
26.0625
24.625
28.225
32.0375
12.6875
5.14375
8.446875
11.7375
33.975
38.2375
29.4
43.9875
43.275
28.4625
38.0375
33.475
9.575
4.275
8.6
17.2
14.825
15.5375
16.0125
11.025
11.975
34.9125
32.0625
35.8875
14.1125
8.375
9.19375
15.5375
26.3375
36.35
13.6375
6.4625
4.7625
6.4625
20.1
35.1375
27.75
32.50625
48.046875
54.9875
50.425
59.775
50.45
27.0125
22.75
23.925
32.5125
26.3125
12.2125
20.5625
57.63154296875
59.2934825897217
59.2999745413661
59.2999999005522
59.2999999996115
59.2999999999985
59.3
59.3
59.3
59.3
59.3
59.3
59.3
59.3
59.3
59.3
59.3
59.3
59.3
59.3
59.3
51.6375
21.7625
16.25
24.98125
38.725
50.2
52.8
59.9875
54.7375
65.25
62.4
63.8125
54.025
28.2
20.6875
31.1375
52.125
61.425
72.45
78.9
78.6625
80.075
66.76484375
81.9875
77.45
68.5875
61.425
59.7625
56.65
71.975
73.175
36.1125
22.25
19.375
22.4625
57.375
58.0875
9.5625
4.89375
4.096875
9.8
6.95
10.075
7.925
6.4625
6.9375
6.95
5.2625
24.6375
27.025
20.4375
35.23125
27.275
29.9
34.1875
40.1625
22
11.9625
13.1625
32.0375
58.0875
31.3125
41
17.64375
12.925
18.875
33.2375
35.15
28.925
24.1625
27.0375
49.4875
74.1125
52.3375
67.51875
77.271875
86.3125
90.85
98
100.8625
84.1625
67.65
63.575
62.875
40.3875
10.525
5.00625
7.546875
12.925
21.275
33.925
41.6
32.275
29.4125
31.55
31.55
27.025
6.4375
6.81875
22.415625
44.95
61.675
70.7625
72.4375
69.575
67.1875
80.8125
64.3125
68.85
56.675
61.675
67.4125
74.8375
73.4125
70.525
81.05
56.175
43.7375
48.0375
59.0375
79.125
51.3875
40.64375
62.159375
74.3625
75.075
74.6
68.1375
66.45
47.1
49.25
50.9125
54.7375
44.7125
55.34375
65.928125
63.8125
65.0125
71.95
69.075
63.8375
65.9625
73.4
76.75
75.775
57.3875
56.29375
74.278125
77.6875
75.55
72.9125
64.3
81.2875
59.2875
66.7
105.2
96.5625
62.6125
58.575
63.93125
75.775
75.7875
67.175
66.45
72.425
28.45
38.25
52.1
50.6875
11.2625
8.875
9.95625
16.725
25.6
39.4625
60.4875
66.9375
27.025
22.95
32.525
30.85
10.5375
9.23125
13.128125
15.0625
19.1125
35.15
39.9125
32.525
30.6125
25.796875
28.041796875
19.85
6.225
4.76875
4.884375
11.7375
16.9625
23.2
23.925
23.95
22.0125
26.3
33.925
33.225
13.6375
10.66875
11.678125
16.25
24.4125
28.9375
44.925
43.7375
29.8875
27.75
34.4125
32.75
15.5375
30.49375
42.146875
43.525
44.475
56.65
45.65
52.35
42.0875
36.825
34.175
20.8
11.4875
13.40625
24.290625
30.1375
37.775
44.2375
63.35
54.4875
42.075
39.9375
31.3125
24.4
11.5
11.5
13.28125
14.35
16.9625
28.2125
38.7375
38.4875
50.425
64.7875
79.375
87.025
54.9625
38
35.74375
37.55
56.6625
51.4
60.7125
43.2875
51.875
56.9125
61.6625
51.3875
11.9875
6.0875
4.21875
5.9625
11.7375
23.1875
34.8875
43.9875
49.9375
52.1
53.2875
32.025
7.425
5.01875
7.771875
23.45
38.2375
60.725
75.7875
69.5625
57.6125
64.7875
77.45
82.975
51.1625
35.14375
29.890625
35.8625
47.325
57.3625
55.925
37.0625
46.1375
55.95
53.3
55.95
52.8
77.3375
71.6375
73.1375
72.2
71.475
72.4375
65.725
68.6125
59.5125
73.6125
74.6
60.9625
56.8875
62.74375
70.275
75.3125
85.8375
89.6625
74.35
68.3625
84.4
107.0875
93.2375
60.725
42.1
49.38125
63.825
55.2125
81.525
82.475
66.4625
52.3375
58.3125
77
69.0875
37.5375
24.29375
34.721875
46.6125
47.8
65.25
74.5875
79.125
83.4375
79.85
76.4875
63.5875
29.2
25.48125
27.690625
33.6875
33.2375
47.575
54.025
42.7875
28.223828125
36.8375
34.9
28.225
4.3
3.68125
2.671875
7.1875
9.6
13.875
19.825
19.58984375
20.3
21.275
18.3875
11.975
2.85
3.34375
1.665625
7.9125
12.925
16.0125
19.825
19.1125
19.5875
22
20.7875
20.075
7.9125
6.70625
7.059375
12.925
12.45
24.3625
39.9125
27.7125
28.9375
21.75
25.3375
9.35
4.05
6.2
6.58125
6.7
14.6
24.65
26.7875
28.9375
27.975
41.8375
64.2875
32.275
11.0125
10.41875
12.996875
22.475
26.5625
28.2125
30.8375
21.7625
24.15
42.7875
71.225
88.7
44.9375
36.825
53.5375
71.725
75.0625
68.35
65.9625
66.675
56.175
54.5
63.8125
48.7625
12.45
6.19375
7.403125
19.6
22.4875
29.175
32.9875
21.5375
14.35
21.275
32.5125
22.7375
3.3375
3.20625
2.078125
4.7625
5.475
13.6375
14.35
13.4
14.825
23.675
51.875
63.825
24.625
9.925
7.11875
27.4875
53.3125
65.4875
60.475
38.0125
26.0875
16.5125
8.6375
6.6875
10.075
22.25
24.375
19.3625
14.1125
11.725
19.1
12.925
12.2125
11.5
9.5875
4.3
0.95
1.425
1.06875
2.6125
4.0375
5.7375
9.5875
11.7375
11.2625
13.4
17.675
17.225
5
13.49375
16.071875
22.725
15.075
10.3125
13.1625
13.4
15.0625
32.3
50.925
47.8125
9.8
3.325
5.38125
18.65
31.3125
26.075
27.9875
23.45
16.25
17.2
23.1875
24.1625
9.8125
8.73125
25.765625
31.8125
26.55
25.6125
27.5
25.85
24.8875
38.025
41.6
30.3625
5.4875
4.65
3.74375
12.925
20.325
27.0375
27.2625
25.125
25.8375
35.375
24.1625
21.0625
7.6625
3.7
2.79375
5.0125
8.625
14.35
16.725
16.975
54.7375
60
50.925
28.45
12.45
13.99375
24.184375
14.8375
16.975
19.5875
20.8
17.2125
10.3125
12.6875
11.2625
5.9625
4.05
5.00625
8.009375
6.4375
10.3
16.7375
23.175
27.75
54.5125
63.6
76.7375
84.1625
52.6
45.30625
53.834375
78.8875
71.4875
75.55
77.95
71.25
54.2625
57.6
43.05
32.2875
9.3375
11.975
7.29375
9.5875
14.1125
20.8
25.6
25.6125
27.275
27.0375
35.8625
31.8
6.45
6.3375
5.5625
13.1625
23.2
29.1625
44
32.9875
28.9375
26.5375
42.325
26.3
8.1625
9.81875
9.090625
22.2375
24.1625
48.0375
39.4625
22.95
15.3
21.5125
25.825
19.3875
4.2875
5.71875
4.159375
10.7875
17.675
16.725
15.5375
10.55
9.125
6.7125
6.225
5
3.325
7.28125
11.665625
17.675
26.8
36.5875
37.7875
27.975
27.5
20.8
22.2375
13.6375
5.725
8.475
9.3875
9.1125
11.5
24.4
30.3625
32.275
45.1875
80.8
86.05
58.0625
43.2875
47.8125
46.475
57.1375
65.95
70.7625
46.375
25.6125
19.1
20.0625
26.775
26.3
5.9625
9.31875
12.915625
28.4625
37.3
53.7875
62.625
44.475
44
61.675
81.775
69.0875
45.425
51.39375
53.790625
64.5375
69.8125
73.15
75.775
76.0375
54.9875
48.9875
58.3
40.65
14.6125
15.9125
21.21875
18.6375
19.3375
23.45
29.4125
32.16796875
24.1625
35.3625
42.075
42.3125
20.075
21.99375
23.784375
27.5125
57.6125
51.8625
45.1875
29.6625
28.225
25.1125
23.45
12.675
8.125
18.99375
17.996875
27.275
27.9875
39.675
36.8125
31.7875
41.1375
44.4625
75.5375
72.9125
39.925
34.18125
29.771875
50.2125
60.25
79.825
94.175
61.2
55.9375
47.5625
47.575
49.4625
42.7875
48.40625
51.659375
51.3625
51.8375
51.6125
57.125
70.75
36.825
55.925
75.7875
69.825
46.8625
44.925
52.125
64.05
69.3125
66.9125
68.6
67.65
81.0375
67.1875
55.7125
78.1625
52.825
48.5125
45.9
50.9
56.6625
57.3875
58.825
52.825
48.9875
47.8125
70.025
58.3375
54.7375
60.375
57.81875
61.4375
61.675
60.7
63.825
72.925
70.7375
65.9625
79.3625
66.2375
48.3
45.8875
39.225
53.075
51.3625
53.7625
54.2625
51.625
46.85
52.3125
44.475
37.775
31.7875
35.7375
38.19375
43.7625
52.35
51.85
56.8875
48.0375
44.225
47.8
48.275
45.1875
37.7875
42.44375
46.790625
55.95
78.8875
69.3125
68.8625
57.375
48.7625
69.5625
87.5125
78.65
67.625
66.69375
73.628125
84.175
80.8
73.4125
71
71.25
66.1875
66.2125
79.1125
79.85
66.925
69.9125
72.975
81.0375
83.2
86.8125
85.6
54.0125
44.50234375
65.0125
81.9875
76.5
55.45
61.925
87.9875
119.5125025
117.375
95.8625
90.1125
66.925
85.075
82.475
92.7625
81.5125
67.1375
70.01875
73.984375
