"x"
34.2
34.2
34.2
34.2
34.2
34.2
34.2
34.2
34.2
34.2
34.2
34.2
34.2
34.2
34.2
34.2
34.2
34.2
34.2
34.2
34.2
34.2
34.2
34.2
34.2
34.2
34.2
34.2
34.2
34.2
34.2
34.2
34.2
34.2
34.2
34.2
34.2
34.2
34.2
34.2
34.2
34.2
34.2
34.2
34.2
34.2
34.2
34.2
34.2
34.2
34.2
34.2
34.2
34.2
34.2
34.2
34.2
34.2
34.2
34.2
34.2
34.2
34.2
34.2
34.2
34.2
34.2
34.2
34.2
34.2
34.2
34.2
34.2
34.2
34.2
34.2
34.2
34.2
34.2
34.2
34.2
34.2
34.2
34.2
34.2
34.2
34.2
34.2
34.2
34.2
34.2
34.2
34.2
34.2
34.2
34.2
34.2
34.2
34.2
34.2
34.2
34.2
34.2
34.2
34.2
34.2
34.2
34.2
34.2
34.2
34.2
34.2
34.2
34.2
34.2
34.2
34.2
34.2
34.2
34.2
34.2
34.2
34.2
34.2
34.2
34.2
34.2
34.2
34.2
34.2
34.2
34.2
34.2
34.2
34.2
34.2
34.2
34.2
34.2
34.2
34.2
34.2
34.2
34.2
34.2
34.2
34.2
34.2
34.2
34.2
34.2
34.2
34.2
34.2
34.2
34.2
34.2
34.2
34.2
34.2
34.2
34.2
34.2
34.2
34.2
34.2
34.2
34.2
34.2
34.2
34.2
34.2
34.2
34.2
34.2
34.2
34.2
34.2
34.2
34.2
34.2
34.2
34.2
34.2
34.2
34.2
34.2
34.2
34.2
34.2
34.2
34.2
34.2
34.2
34.2
34.2
34.2
34.2
34.2
34.2
34.2
34.2
34.2
34.2
38.5
56.4375
59.125
52.7
39.4625
32.0375
31.5375
27.025
23.2375
15.3125
10.125
13.575
23.2625
29.125
31.1625
42.6875
49.925
49
53.775
71.9
44.625
21.9875
12.4625
12.7
16.0875
25.4
31.775
28.5875
32.675
58.225
64.25
45.6375
50.125
54.475
50.6625
45.48125
57.525
55.2375
56.6125
49.02734375
32.0875
27.0375
36.3375
37.7625
45.4875
41.9125
49.4625
58.834375
52.2
63.6
59.5375
53.8375
42.2
36.95
29.675
38.8125
32.6625
18.025
12.3375
18.153125
34.2875
29.2625
29.25
28.5875
23.8
21.2625
18.525
17.175
18.3125
13.25
13.025
17.69375
27.9375
39.85
52.95
35.775
40.1375
33.95
34.4125
40.3875
25.0125
21.1
20.9125
26.425
43.1875
64.2875
52.625
45.2875
41.4
34.475
35.6375
45.5375
32.9125
17.725
21.65
36
41.9125
47.15
56.8875
47.8625
50.5875
10.725
10.7375
11.925
12.3875
4.1125
2.5125
3.484375
8.4625
8.475
6.4125
6.2
4.6
4.375
7.6
5.05
4.15
4.6125
4.5875
7.321875
17.3375
21.525
23.6125
20.6125
18.5
18.225
22.9875
24.5875
20.925
21.3875
19.9
16.08125
24.6
25.7125
36.9625
52.925
61.3125
59.3125
59.275
57.275
43.6625
36.225
42.9875
53.653125
58.825
59.5375
56.5
54.5375
38.8375
36.9375
49.475
56.475
61.5875
49.6125
46.3375
44.6875
45.6875
41.725
47.9875
34.2625
22.6375
33.575
45.25
55.275
46.525
27.8125
18.6875
30.096875
32.5
31.1
37.6625
35.3
21.05
19.8875
21.525
26.675
19.6625
10.3
9.3625
10.075
11.7125
11.925
12.625
11.925
13.7875
10.525
15.225
22.7
18.9875
12.45
11.775
11.834375
14.1125
17.6125
14.5375
11.7625
15.2875
21.1625
23.7875
22.3625
29.45
31.3125
29.225
26.28125
29.4875
34.4125
31.3625
26.65
20.075
25.0125
24.5125
19.3375
18.6625
18.9
20.5625
22.559375
20.0875
28.3625
33.275
25.225
25.4875
26.975
35.6625
34.7125
34.7625
26.7375
32.2
27.746875
28.875
36
48.3125
48.4875
47.325
46.6875
46.6875
50.4875
44.8
40.375
44.4125
51.596875
52.9625
52.725
52.725
48.475
45.875
39.225
37.375
38.3375
47.8375
40.475
40
46.4125
49.775
47.1625
48.625
46.5
42.4375
37.1625
30.025
34.35
29.55
24.8
17.4375
17.971875
38.9125
41.5625
54.4625
43.025
35.85
23.20078125
32.7000122070312
36.375
31.8
18.375
26.475
28.78125
35.7
31.8625
27.375
29.0125
25.8
31.025
32.8875
23.875
19.9
10.7625
8.15
11.221875
14.8875
17.775
23.0125
22.175
19.5625
19.0375
22.675
23.6375
17.4375
7.325
2.6875
10.39375
11.7375
15.3375
18.4125
19.7625
15.8375
11.175
11.975
14.6
13.4875
8.3375
13.1875
16.253125
22.3
20.175
22.375
22.1
14.1875
12.6625
27.6375
44.825
40.6
24.325
18.1625
21.6625
23.7625
29.1375
33.9625
29.2375
28.2875
32.625
34.95
35.1875
37.875
33.775
35.5375
46.153125
53.6875
48.025
50.6375
58.5125
48.375
59.65
75.06953125
74.9875
63.975
44.225
37.875
42.603125
51
58.0375
65.6125
58.7
32.0125
18.7
28.2375
36.5125
30.6875
18.85
11.6
13.6
19.85
24.6
32.0875
38.85
21.8125
25.325
31.075
27.5
19.75
14.5
15.5
25.753125
40.9
49.625
65.525
64.3
61.3875
62.1625
61.9375
59.075
45.7375
38.7125
55.6125
55.434375
60.2875
57.15
56.5625
69.3375
61.55
50.8125
66.975
81.9875
97.1875
65.0875
61.9625
72.26875
74.925
96.8375
93.5875
66.3375
55.7875
45.6125
43.9
66.55
67.775
32.3875
21.55
30.984375
44.85
47.7875
46.525
50.6875
43.1
36.0125
39.6875
41.5875
33.9375
18.8
14.35
27.828125
50.5125
68.65
79.2125
89
61.125
43.1
98.55
92.9375
68.1375
66.0875
70.45
65.78125
59.6125
63.975
67.925
58.8375
57.3125
50.025
55.775
63.7875
51.1375
43.65
45.075
54.565625
64.0125
73.55
77.375
78.6625
69.3625
50.4625
32.8625
51.4
64.375
54.1625
56.4
62.30625
62.625
73.15
72.475
67.9125
49.9
40.1
39.35
58.2875
52.1875
37.6
45.4125
32.121875
32.775
66.275
62.7625
87.85
63.5875
54.85
47.16875
64.1625
62.825
26.5
16.3125
21.16875
54.9875
84.275
86.475
67.3625
63.7375
44.075
51.2875
49.825
46.325
38.45
36.975
52.03125
49.7375
49.75
54.3125
56.0375
50.3875
44.825
38.375
45.0875
44.7
24.9375
24.9375
31.71875
58.6125
57.9
61.925
49.7125
46.8625
42.6125
38.5875
72.45
52.0875
43.3875
37.9375
39.903125
48.2375
61.6875
74.9375
82.5625
84.7
99.8875
176.33750125
120.1499975
87.3375
76.85
77.325
71.034375
75.8625
64.7875
54.975
48.375
43.6125
45.075
51.7125
44.7375
44.6875
39.45
42.375
45.315625
44.3625
51.5875
53.375
57.0875
60.55
49.775
64.25
56.5625
46.05
46.65
48.675
62.61875
67.7
71.9125
78.9625
85.3625
70.675
48.775
51.125
74.5875
65.4875
47.5625
28.375
56.56875
82.6125
69.5625
71.9875
58.75
53.0875
38.9875
36.8375
37.5375
20.775
15.775
28.65
34.6375
36.3
46.6125
75.5125
82.7625
65.775
37.85
46.2
71.95
67.3875
40.4
36.8125
53.290625
70.575
70
73.425
75.3
55.5875
52.4625
37.35
46.0375
56.325
22.2375
19.1125
26.23125
40.2
52.4375
55.075
62.8
45.55
29.775
41.1375
55.375
57.1625
29.2
30.6375
56.38125
60.925
41.45
50.125
50.6125
37.4375
43.1125
56.625
32.925
27.85
37.9
41.7625
39.459375
69.2875
88.475
91.325
74.225
39.5875
33.4
39.475
45.3375
43.75
21.825
20.65
22.265625
33.4
44.925
50.2125
43.9625
44.9625
51.275
52.7625
69.125
63.575
44.4875
50
56.665625
59
60.9125
66
58.8
30.0984375
21.95
19.6
47.425
60.0875
35.85
21.7
22.175
33.25
56.65
72.8
77.725
56.4125
63.4125
57.4625
44.8875
37.4375
17.975
17.025
23.91875
29.275
47.8375
61.0625
75.5875
61.3375
61.9
65.3
111.71249875
91.0125
67.125
83.675
106.80625
133.07500125
166.89999875
151.27500125
106.51249875
47.7625
26.8875
29.5875
49.6625
59.2125
36.6375
35.6875
53.2375
66.8875
69.5375
68.7875
63.55
25.0125
22.9125
29.8625
23.15
23.6
17.1875
13.3875
19.1
30.825
38.8
52.975
61.825
59.9125
50.825
72.05
65.225
56.825
50.0125
33.5375
36.15
46.2
49.3125
56.775
54.72890625
64.275
52.0625
53.8328125
61.775
68.4
55
61.15
68.8125
75.1
80.975
83.5625
80.5625
74.7125
71.225
68.9875
73.3
65.2
46.225
44.2875
47.475
54.35
69.6
71.5625
63.75
55.4375
54.6125
47.5875
42.0375
41.525
27.1875
29.325
46.775
53.1625
59.15
66.125
67.3375
61.5375
49.4625
47.7875
54.0125
84.725
73.575
74.225
87.515625
100.4625
99.4375
101.0375
75.2875
40.1875
39.275
38.6125
67.5625
68.3375
43.0625
25.9625
26.378125
39.2625
39.5125
25.1125
16.8
10.475
9.3
9.5375
9.0625
6.45
5.025
10.0125
12.74375
24.0125
71.05
79.0375
56.45
28.8
18.2
17.2375
20.325
29.2875
22.9125
14.625
14.209375
16.7625
23.9125
37.6125
54.6125
37.1625
40.925
34.375
42.2
53.975
29.875
32.4625
41.234375
55.2625
59.9375
70.0875
65.3375
48.85
42.275
51.1375
99.4625
104.9
71.4625
42.225
41.075
41.3
42.725
64.4
48.175
27
17.8625
18.5875
30.6125
46.1
23.5
11.5375
12.571875
16.95
42.1375
64.2375
68.2625
47.825
48.775
52.325
54.225
57.4875
40.3125
17.9875
20.175
52.0875
71.65
77.025
69.025
51.1875
44.8875
60.55
95.0875
65.2125
51.9375
43.4625
40.484375
43.9375
42.5375
30.375
44.2125
49.15
56.7625
64.6625
69.5125
67.925
67.6
71.075
82.9875
101.25
106.1125
99.925
82.175
40.3375
25.1375
50.1125
65.4625
74.8125
62.6375
57.075
64.659375
70.525
74.675
80.425
66.4
39.975
42.85
59.9375
65.8125
65.9125
52
50.3
58.965625
70.525
72.475
74.825
64.825
35.3875
31.925
35.2875
47.0875
55.3375
45.975
39.825
34.65625
42.6875
46.2
48.3375
40.6
34.325
24.55
29.6875
35.2875
42.2875
25.725
13.375
14.903125
24.5875
31.1125
28.575
33
49.7625
52.6375
52.125
58.7125
62.7125
39.6
37.9875
43.78125
55.425
79.1
67.55
58.725
50.1375
36.625
36.8375
40.5875
46.6125
26.8625
25.7125
25.215625
24.3375
31.8
35.7625
34.8
47.1375
59.2625
61.6625
62.075
52.4125
51.725
58.025
62.353125
66.6
80.0625
80.25
47.1875
26.825
35.8875
48.95
55.2
54.7125
52.375
52.3625
58.753125
64.45
67.9125
65.8125
51.9
41.5
38.3
30.2125
35.075
43.6125
42.7
30.4375
38.5125
43.425
45.275
52.2125
41.8125
34.875
29.85
29.1625
35.4125
42.55
40.475
31.025
36.253125
49.0375
55.5
51.5875
52.0625
32.9125
31.1
29.25
39.625
53.2625
54.4
50.7125
53.184375
55.8
52.325
48.675
45.2125
35.0875
27.4875
26.5875
64.1
74.625
68.8875
60.4125
68.059375
78.8
87.95
95.1
66.675
56.8
50.6
60.6875
79.2375
71.7
57.9875
42.125
55.409375
61.875
59.6125
44.225
26.0875
13.7125
11.65
10.95
13.525
14.425
10.075
10.0875
13.234375
20
20.45
38.35
40.875
27.125
23.45
37.1875
51.0875
48.3875
54.6125
61.4
66.753125
78.2
90.4375
89.9375
48.0625
24.475
22.425
46.425
68.675
70.4
53.1125
53.0125
59.978125
70.775
81.5
76.3375
40.125
18.6625
16.8125
25.2875
46.975
50.9125
40.8875
37.225
44.415625
58.9375
76.45
71.725
42.275
19.225
13.442041015625
14.5954767227173
14.5999823309481
14.5999999309803
14.5999999997304
14.5999999999989
14.6
14.6
14.6
14.6
14.6
14.6
20.05
70.552734375
87.958544921875
81.4375
73.725
71.9
83.578125
91.6625
96.0125
80.775
49.4625
28.025
30.525
43.05
80.7125
77.3875
62.3125
59.45
67.45625
76.95
86.5
71.775
28.25
16.6
18.425
31.65
48.475
49.8125
51.475
54.375
63.60625
72.675
78.5125
73.0375
61.8625
44.2375
48.1375
48.3375
78.7625
62.8
52.7875
58.225
71.953125
85.2375
83.75
75.2125
53.425
40.6
40.6
62.3625
61.5875
88.75
91.8
83.2625
72.434375
83.55
92.7
77.7375
41.075
24.5625
17.225
16.9875
26.8375
53.9
28.9375
19.2875
26.309375
35.6
50.75
61.075
43.65
30.0875
25.25
41.57109375
57.75
65.9125
56.875
54.1625
61.1
46.8625
59.275
66.8625
40.6375
22.0125
22.7
20.4
28.4375
51.425
30.7625
20.625
17.515625
32.8375
39.0625
34.9
25.225
19.6875
14.85
15.3
19.225
32.3625
22.6875
11.875
14.084375
22.2375
28.925
28.675
17.15
14.375
16.0125
16.2125
17.375
23.6
20.1625
18.7625
48.440625
84.125
95.9875
82.425
30.2875
18.05
19.8625
20.35
37.4375
55.025
52.9625
53.4
59.86875
82.675
82.2875
68.675
32.1375
20.3375
19.6375
24.05
39.775
55.2625
32.825
20.325
22.315625
35.3875
76.1
78.1875
45.325
26.35
19.875
19.3875
24.5
50.6625
27.725
13.825
16.5875
25.1875
50.7125
42.575
36.0875
24.7
22.625
22.4
33.525
64.0875
38.175
17.975
21.165625
37.7125
43.9625
50.725
48.175
39.1
26.3125
18.675
25.4125
49.5625
35.6375
27.0375
23.00625
24.0125
26.0875
33.325
28.65
23.525
16.3125
17.25
26.325
60.9375
53.0625
29.35
26.953125
18.6375
23.0625
26.5625
22.6125
16.5375
13.4875
15.375
15.3875
14.675
11.8625
8.8375
11.278125
17.7125
19.7625
23.275
23.9625
19.2875
17.8875
18.6125
19.775
25.3625
15.3375
11.1125
13.296875
26.075
33.5375
40.7625
13.225
13.4625
19.5375
24.2
32.825
43.575
33.75
19.775
20.759375
30.75
37.5125
40.3
19.725
18.8
21.85
27.9375
31.6625
47.525
50.8125
32.375
32.825
24.4
25.8125
33.775
28.85
27.6625
31.2
25.1
58.075
64.525
49.3
51.9
59.184375
76.575
86.4625
87.2
37.5125
31.425
31.9
35.4
53.925
63.95
59.2625
50.425
56.953125
48.775
34.7
36.3625
44.575
66.375
49.9625
35.175
37.5125
47.4
41.3
45.5125
57.425
67.3625
69.0125
40.8375
25.7875
21.325
18.9375
25.075
38.7125
49.275
48.1375
59.1625
57.89375
48.825
42
37.0625
26.7125
22.6875
20.6
29.05
46.0125
29.525
22.9375
25.5125
24.121875
32.5875
28.5875
34.0125
26.225
24.35
23.15
29.75
38.25
55.0125
36.375
23.1625
25.821875
38.2625
41.325
42.025
25.5375
28.8375
30.6875
47.25
73.45
80.05
72.975
77.0125
88.859375
101.1125
109.6125
61.4
32.0875
30.675
31.4
36.6
65.9375
69.7375
53.6375
54.575
55.584375
55.3
68.0875
61.6875
23.8375
15.8
15.8
23.85
41.35
51.5625
36.85
20.7875
22.765625
33.0375
36.3625
29.5
11.7625
13.1875
17.45
20.275
37.075
55.8375
51.5625
50.6125
59.875
78.1625
71.0375
36.8375
19.025
13.5625
11.9
13.0875
20.6875
29.2375
36.8375
32.0875
31.01875
34.225
45.8625
35.175
24.725
18.075
13.5625
17.125
17.125
19.5
24.4875
16.4125
16.05625
23.775
33.75
31.375
28.525
28.525
25.9125
26.8625
32.5875
44.0625
36.875
29.2375
40.759375
45.475
44.7625
33.55
20.2125
20.45
33.0625
42.1375
51.7125
47.15
59.825
80.0875
108.771875
101.2375
87.0125
38.7875
11.575
14.65
14.4125
18.25
25.425
45.475
43.8
29.2375
31.96875
37.35
41.9
27.575
24.4375
21.8
21.35
21.1125
29
27.55
15.3625
8.7
9.65
12.5125
15.125
20.5875
19.4
15.3625
17.5
18.925
16.075
14.1625
12.4625
9.5625
11.25
18.6875
17.5
17
10.0375
9.8
11.225
14.6
17.5
20.825
28.0125
28.725
43.884375
52.725
39.275
27.2875
13.85
14.3375
13.1375
17.7
35.7125
41.225
51.575
57.8
64.18125
68.1125
52.9625
40.725
23.4375
18.625
19.3625
36.4125
49.9125
68.2125
63.3875
59.25
73.009375
81.425
59
51.55
46.7625
51.1
51.3375
55.2
49.45
56.45
45.0875
28.925
40.015625
39.525
48.675
50.625
15.225
14.7625
16.425
16.05625
24.875
32.5875
29.9125
20.9875
19.65625
29.65
42.2
48.7
40.5
19.55
19.2640625
45.7385314941406
46.397416138649
46.3999899067916
46.3999999605734
46.399999999846
46.3999999999994
46.4
46.4
46.4
46.4
46.4
46.4
46.4
46.4
46.4
46.4
46.4
46.4
46.4
46.4
46.4
46.4
46.4
46.4
46.4
46.4
46.4
46.4
46.4
46.4
46.4
46.4
46.4
46.4
46.4
46.4
46.4
46.4
46.4
46.4
46.4
46.4
40.1
38.2
31.375
49.0625
44.5
35.325
28.975
44.7625
41.2875
17.7
17.625
17.225
24.225
27.525
17.4
16.25
18.975
37.575
50.65
60.95
60.825
46.8125
29.2
44.38125
41.4
19.425
0.8125
1.1
1.1
1.1
8.725
29.1
45.325
29.5
23.4125
32.834375
33.2875
14.0375
0.4169921875
0.995525360107422
0.999982589483261
3.2875
8.9
18
34.9375
60.4625
61.725
72.421875
68.825
53.675
19.85
8.8625
10.9875
11.9375
19.475
22.2
36.3875
35.85
38.6375
43.69375
49.45
34.5875
11.2125
8.7625
13.675
22.7875
35.1625
42.8875
39.775
27.3375
25.125
30.4125
50.025
35.1625
24.8
22.3
20.2875
22.6125
30.8875
31.2875
32.1125
28.4
21.6375
24.259375
38.65
31.2
24.35
17.375
20.4375
12.5875
16.5375
15.7125
24.95
20.2625
10
10
31.65
26.075
24.1375
30.7875
28.1
26.3625
24.725
29.0625
39.1875
31.05
22.9375
35.5
41.975
32.75
25.4125
15.325
15.675
17.9
25.925
31.9375
42.4375
59.275
63.975
75.0375
86.1125
61.125
22.9625
16.7375
17.65
13.8375
14.525
11.1625
13.375
18.4375
20.1625
26.346875
32.3125
28.175
29.0125
13.95
12.475
13.7
38.725
62.4625
59.2
63.4875
45.45
43.834375
55.4625
44.5625
26.1
22.7375
28.525
32.8125
38.4875
56.7
39.075
49.3
33.9625
40.4625
42.2875
34.3375
27.8125
24.95
19.2375
11.7375
14.2125
18.875
29.075
34.7125
27.9
37.4
41.3125
45.0125
33.625
22.1625
18.575
19.65
19.25
22.10625
29.95
31.0625
31.3625
29.365625
59.6875
69.175
31.25
14.9625
13.525
14.1125
20.9875
44.1125
74.15
73.95
74.1
78.684375
83.025
73.125
55.6875
17.825
9.7625
8.575
10.0875
34.95
77.075
62.7375
62.45
78.184375
89.3125
58.55
15.05
6.55
7.4
7.675
9.725
13.05
28.0625
38.4
56.2
68.425
79.3375
54.7125
22.3875
13.2125
11.2
10.975
14.625
22.275
33.175
40.5625
47.7875
53.578125
61.75
62.2375
54.65
51.95
42.8375
35.7875
30.509375
44.2625
60.7375
65.25
49.75
58.646875
52.625
45.5875
38.0375
31.475
21.8625
18.1
19.1625
25.65
31.9625
30.4
29.7
34.484375
39.9625
41.1375
30.0875
28.9125
40.825
33.6875
33.0375
22.9875
35.15
44.5
35.6
36.5375
45.1375
36.825
26.1875
23.4125
19.0375
24.475
35.825
36.15
35.3375
31.2625
20.925
25.178125
34.925
37.525
31.7875
29.2
29.175
23.5875
22.3375
31.1125
28.4125
15.375
6.9
11.571875
17.25
20.7
22.3
16.4875
18.1
25.6625
26.05
18.675
25.7625
22.15
18.975
34.0875
54
34.6875
42.8125
20.1875
16.225
20.85
15.0875
23.35
21.1125
10.9125
9.475
13.075
46.6625
83.675
68.2625
44.025
29.375
43
41.95
45.2
50.4
28.9625
16.5625
18.70625
25.4
28.8375
33.1875
30.625
23.2875
20.2875
14.775
15.0875
22.3625
23.25
17.05
23.471875
48.6375
72.525
59.7
30.65
32.4125
22.125
24.4625
30.5
47.75
27.6
17
19.2125
30.7125
31.525
31.0375
25.425
23.2375
21.775
20.675
26.7625
28.4
19.5640625
16.95
19.7875
26.6125
26.0125
21.5625
19.775
21.4375
20.375
20.4875
40.375
48.375
20.925
14.375
13.225
19.1375
22.525
20.575
16.40859375
13.05
12.5375
12.8625
12.35
11.75
21.4625
24.1875
36.709375
34.5125
28.875
17.125
13.825
13.0125
12.725
13.0125
12.1625
15.825
21.0875
31.0875
39.953125
54.4
39.2
22.45
22.4875
18.6125
16.7
14.3875
17.3875
29.7375
20.525
13.675
14.5
23.975
28.5125
17.9
16.25
13.625
15.5125
14.9625
14.9625
20.575
12.8625
7.25
9.3125
21.4
33.35
22.5
15.9
19.5875
19.9375
26.55
48.5375
63.5375
48.1
53.4375
48.746875
63.5875
52.95
31.5625
26.1625
21.725
16.425
20.7375
26.7375
30.125
39.5125
40.675
32.19375
32.275
34.1875
23.775
16.87734375
19.4625
18.6875
17.575
22.7
27.1875
25.4625
18.15
22.178125
35.7875
33.3125
17.05
11.240625
11.0125
10.55
10.825
8.9
11.65
15.45
14.025
15.4
23.275
23.275
23.0375
25.0125
16.225
12.9625
14.3625
16
18.775
21.4375
16.125
32.296875
46.8375
44.3625
29.225
23.825
18.15
15.9875
22.1625
38.65
49.075
36.9875
55.9875
62.40625
49.3625
49.65
37.4125
32.225
30.8625
49.4
65.875
69.6625
57.7
42.875
35.6
60.128125
78
64.1
29.35
19.85
18.5125
22.1375
25.0375
33.325
28.2875
30.4625
20.3125
26.909375
31.125
30.5625
23.8125
17.35
16.6
19.05
70.2
60.825
35.1625
19.2125
30.8125
51.55
44.625
30.025
15.1875
8.975
11.1125
12.4875
22.375
36.075
45.55
44.325
25.9
26.375
39.65
45.4125
29.15
21.0875
17.05
13
17.4375
16.2125
16.9125
10.4625
11.525
16.41875
28.9375
29.475
26.55
19.3625
13.175
10.475
14.5625
21.2875
19.725
19.05
17.0875
11.28125
26.45
25.9
37.1375
34.85
32.4375
25.6125
22.75
24.725
31.975
22.3625
17.9375
19.2
26.95
31.4375
34.6375
25.0625
20.875
18.3
22.375
34.0625
57.5125
36.7625
22.8125
24.704296875
35.25
27.575
28.6625
28.7625
26.6375
18.1375
21.2453125
28.26875
33.5875
40.45
37.575
35.890625
37.225
41.425
23.125
23.15
25.85
23.425
21.8625
20.825
28.6125
32.975
45.2125
32.96875
44.8875
37.975
35.825
32.775
32.625
27.9375
23.9625
26.2875
29.4875
26.6375
19.375
20.390625
25.4125
45.3625
40.5375
25.6625
17.9375
18.475
11.275
13.625
11.7
16.4375
22.2125
28.415625
37.8625
43.4
38.3375
29.3375
19.5125
19.7375
28.2875
39.125
41.475
45.3875
50.375
54.84375
63.1875
54.75
39.35
41.30390625
39.3625
32.95
45.70546875
41.7375
38.5125
30.5125
18.975
29.196875
48.8875
58.9625
48.7375
42.975
36.7875
36.0375
35.6375
39.275
30.275
21.0625
15.6875
17.525
24.15
41.375
40.0375
46.45
41.9
36
35.975
22.9
25.2375
18.85
18.0125
26.2375
42.1375
66.625
55.1125
28.5125
20.5375
17.5875
12.2375
17.2625
28.1125
17.725
14.25
18.26875
12.5875
18.425
19.2
18.3625
13.8375
13.5125
19.0875
23.275
9.75
7.05
19.5
51.415625
71.5125
46.2375
16.4625
7.3875
6.075
9.5
26.175
35.6625
30.6
33.8
38.8375
37.603125
38.7625
41.6875
25.1625
18.4875
15.55
14.975
16.8
18.6125
43.175
62.1
68.6125
82.75
92.35
89.45
37.875
17.8875
14.4125
13.05
10.0625
14.825
28.5
27.775
23.3125
37.159375
61.925
55.3375
53.175
36.15
20.6875
25.55625
22.225
22.4625
38.0625
33.6625
24.125
33.546875
44.2375
29.1
21.35
15.2375
16.775
16.2125
13.3
18.2625
29.7
17.55
11.7125
11.05625
20.7125
26.8125
22.5625
19.325
32.4375
15.825
21.8875
21.875
28.175
41.075
32.8
40.25
41.75
43.075
33.7375
34.75
27.8625
14.05
37.275
55.5375
59.7625
59.125
57.0125
54.971875
60.8125
56.625
33.3
26.125
26.6125
18.15
10.7125
8.6
13.0875
17.6125
5.7
8.653125
15.9625
16.9875
17.25
10.6375
7.6875
9.775
11.325
13.7125
12.0875
15.8375
12.6375
15.103125
15.8125
18.975
18.4125
14.15
17.525
10.9125
14.32890625
23.725
36.45
14.35
9.075
11.30625
17.7375
24.325
17.7
13.4375
18.6375
19.1375
19.95
21.225
20.1625
19.175
5.4625
8.75625
20.7875
24.175
16.2
15.6125
13.75
11.65
19.7875
19
27.1375
13.2375
3.975
6.996875
15.5875
34
35.825
26.8375
19.7
14.1
18.8
25.3625
23.525
25.8625
8.05
10.01875
15.6625
38.5
25.35
18.4375
17.625
15.5125
17.8125
24.125
34.3375
33.6125
12.9
15.41875
20.7375
28.5875
22.2875
11.4875
7.75
8.275
7.75
8.0125
13
10.6375
9.325
10.9
25.8625
23.75
20.5375
16.575
10.5125
14.2125
18.85
24.3375
20.6625
12.8
14.9125
26.340625
24.35
27.9875
20.15
21.375
19.2625
21.0875
28.925
43.4625
51.4375
41.4375
24.7625
28.915625
45.675
51.1875
40.4125
34.525
34.7
28.4
35.5875
41.0125
62.875
60.175
58.4125
66.325
52
43.3375
28.4125
19.1875
14.4375
12.0375
13.05
21.6375
28.7125
36.8875
23.85
25.621875
26.475
31.65
26.9
20.3125
16.125
18.4
20.475
20.725
29.375
25.4875
10.8875
10.49375
26.525
43.5
46.0375
35.8
33.425
26.1375
26.8875
36.775
39.375
38.875
23.775
28.58125
29.2125
43.3125
32.0375
13.725
20.9625
24.825
44.8
41.525
32.1375
28.775
24.925
41.45
46.575
42.9875
43
18.7375
14.5625
22.35
20.7125
17.9
24.375
22.6375
18.2125
29.9875
60.625
62.6
47.0375
32.6875
31.525
31
40.425
36.05
38.85
21.675
7.6375
10.996875
15.1625
27.5875
39.5
36.8375
24.6375
23.575
28.4375
23.025
30.0375
13.7
3.2625
5.23125
10.3
12.875
16.725
14.6125
14.325
14.05
21.7875
25.6375
26.1625
31.625
37.3375
40.44375
66.075
61.95
45.6
41.5875
22.4
22.0625
30.4125
31.8375
38.925
20.1
10.275
11.5375
24.5
33.2625
22.9125
6.5375
6.775
8.8
9.3
10.0375
11.125
11.65
4.9625
6.5375
11.125
16.8125
13.9125
7.95
4.5625
6.075
5.8125
2.925
8.125
13.2875
15.9125
29.29375
28.2875
37.55
14.275
5.1875
4.15
5.9125
6.425
10.2875
17
21.4125
17.05
14.54375
30.7
36.3625
26.7625
18.2
11.4125
14.7625
18.8125
26.925
35.975
32.7625
36.7375
55.621875
79.05
54.45
42.2375
26.525
14.1125
8.4
15.075
38.475
53.7875
55.55
47.1625
56.55
66.775
72.8625
48.2625
19.1375
13.425
8.4875
11.8375
14.05
21.5
22.7
11.3875
20.21875
26.0375
24.2
29.85
63.0375
28.2375
21.2375
16.1
18.65
25.075
20.9625
11.75
13.4625
21.225
20.425
15
15.45
7.7
6.925
11.0375
12.325
24.3
9.7875
5.15
7.6875
12.3125
19.225
18.9625
12.7625
7.35
7.8625
6.025
7.0375
8.3125
7.3125
2.175
3.25
11.125
25.2375
29.05
10.2625
5.6625
10.2
11.225
13.3
18.6125
28.39140625
20.5
17.425
15.325
19.1625
13.775
12.4125
14.6875
26.4875
35
34.325
40.975
19.3
21.625
27.73125
73.75
69.8875
33.85
15.825
9.6625
9.1125
8.325
14.675
24.125
16.05
20.3875
38.809375
61.2125
67.8625
46.625
35.525
37.575
58.875
56.1
40.55
32.75
35.25
33.5125
38.009375
28.4
55.1875
30.925
19.625
25.1
37.95
36.8625
35.175
43.6375
39.0375
19.8125
22.6125
24.15
20.0375
18.975
14.8375
12.7625
15.325
17.3
42.3875
75.25
49.9375
27.3625
47.91875
72.7375
43.6
24.7125
11.6375
7.05
5.2125
11.575
21.6625
37.8375
37.1875
28.6
57.234375
59.925
57.8125
42.075
37.975
17.2875
16.9625
21.15
58.225
76.2125
50.7875
45.3125
52.996875
72.7625
81.0375
53.125
26.225
24.1375
10.7125
23.8125
33.275
47.075
45.2125
44.3125
32.575
54.3375
81.6375
76.575
42.5625
30.8625
10.0625
16.103125
32.925
48.1375
43.8625
11.075
8.925
29.4375
32.7375
36.8125
24.6375
17.05
16.05
23.875
59.175
79.525
81.0625
68.9125
57.965625
67.1125
55.975
44.375
27.4
29.6
32.2625
36.325
56.4375
86.3875
80.225
67.55
73.01875
113.3875
84.1875
54.95
38.625
26.2125
23.65
21.725
32.1375
42.7
36.5875
34.2375
50.840625
72.275
65.7125
42.175
18.2
16.75
8.95
12.225
20.95
32.6375
48.6625
44.2625
50.153125
47.325
32.9875
31.7
17.625
10.6125
12.15
13.2
10.475
17.7875
16.925
9.9625
8.275
15.3125
20.3625
23.15
16.8875
15.6625
11.9125
13.4375
19.2
37.3
28.2125
12.2125
20.975
39.1
42.3875
43.2125
26.85
19.6375
15.6125
18.6625
19.825
38.5375
32.35
11.9
11.1
13.225
21.8125
28.5625
20.7875
16.8125
15.8875
18.359375
23.025
31.8375
23.325
5.6125
6.403125
11.7
19.2375
20.475
18.5375
17.75
18.3375
16.35
25.3
44.6375
48.325
17.6625
15.8875
32.6625
67.3125
49.15
22.9625
15.2875
15.275
14.1
18.3125
43.6
30.2375
8.85
9.725
13.9375
21.6625
24.4125
13.7
10.5125
10.2875
11.5375
14.275
15.8625
14.75
12.3125
15.43125
16.625
24.85
28.35
17.15
13.175
13.7375
14.90703125
16.725
22.5625
18.225
14
17.6625
31.5125
51.6125
58.0625
41.1
35
31.9625
36.7
40.55
43.375
35.2625
30.8875
35.5
53.675
86.0625
88.7875
49.3125
26.7625
30.3375
30.8875
40.0625
49.5375
60.075
69.95
86.19375
95.975
112.4625
97.6125
68.0375
48.45
36.375
51.5375
67.125
77.0625
71.375
41.65
48.6375
64.275
87.6
85.7
67.8875
49
52.4125
63.7875
68.75
76.7875
67.725
63.3625
73.1375
73.7375
67.1625
42.2125
28.1125
18.3
16.1125
19.325
26.4375
34.95
23.7625
12.925
18.525
28.0375
35.6625
41.35
32.725
29.7875
27.65
24.9625
26.2125
44.875
52.925
89.6
90.453125
68.3375
76.8375
59.0375
30.05
25.3625
21.6875
62.575
83.1125
81.2625
78.2625
86.825
102.446875
105.225
100.4375
97.775
68.6875
48.575
48.4625
58.3
63.9
69.7125
58.55
54.0125
66.275
78.925
89
76.9625
48.95
36.65
36.8375
37.2875
58.95
59.225
46.2875
46.275
60.759375
60.4
67.8875
76.025
44.0125
30.5875
29.7375
24.8765625
35.6
66.325
61.2875
54.025
57.359375
73.75
73.4
51.05
29.95
19.5
16.5375
19.2
23.025
34.0625
19.35
22.325
46.328125
85.45
92.3125
90.775
63.85
41.275
53.1625
61.0375
75.4875
79.1625
64.725
61.6
67.146875
72.5625
81.05
69.4375
46.475
24.8875
20.975
19.2125
29
62.0125
67.725
67.5125
77.35
70.3125
55.7
47.1125
35.9625
19.975
19.675
22.8125
24
30.425
20.1125
13.5375
17.4125
38.425
65.825
76.125
42.0375
24.575
21.65
26.9625
56.0875
54.0625
31.025
22.5875
39.271875
48.2625
54.4875
56.175
35.2625
24.525
25.2
29.3
40.725
36.9375
19.625
17.7
20.84375
22.275
40.6625
54.375
77.4875
50.1875
42.9125
38.9125
54.1875
53.7875
26.2125
17.7
20.715625
41.25
69.3
65.0875
61.7125
42.6
36.1375
37.4125
48.2625
53.2625
28.8625
22.85
30.49375
29.1125
31.3
31.25
36.8125
33.1
32.75
40.9625
40.05
46.8625
33.2
21.85
26.640625
31.7625
39.9
41.3625
29.0375
23.1
20.85
21.5875
41.3
59.8
53.3375
64.0375
68.621875
73.8125
81.425
88.325
70.05
32.1125
22.8625
29.2875
46.425
50.2875
42.8
63.4375
72.8
81.3375
108.5375
93.5625
58.134375
52.7375
45.8125
40.7375
39.28046875
34.7
25.375
26.8625
33.45625
36.6875
38.325
34.975
34.975
29.625
24.0125
20.13046875
18.7
21.4375
12.7875
9.6
11.934375
22.025
35.025
37.6375
32.1
29.8125
30.4625
36.5375
38.7
30.1875
15.475
11.6
16.059375
33.35
39.1875
58.5875
51.225
45.9125
42.775
46.825
61.7875
66.975
68.5875
73.375
80.13125
74.925
81.225
74.175
51.2625
37.4625
32.375
35.625
74.6875
72.3375
29.7625
21.575
20.965625
23.5
23.2
26.1
21.225
18.75
21.175
19.7375
18.2375
33.75
37.9875
48.325
37.028125
33.625
38.2
32.1375
16.85
11.2375
15.325
22.7375
44.425
68.375
36.0375
13.3
22.609375
31.6875
35.525
45.375
41.4625
34.8875
33.125
40.9375
65.1375
76.4125
72.0875
81.225
84.3625
84.4
84.725
69.2125
34.0125
19.125
15.05
15.8
33.375
39.5625
16.425
16.975
20.9375
31.9125
35.5375
40.125
46.05
41.8375
48.5625
41.35
53.575
40.2375
24.8875
26.6375
38.665625
69.8
74.725
65.8
50.7125
30.25
27.225
52.7625
69.4125
73.7375
64.1625
72.2875
61.61875
55.575
45.525
55.1125
44.8
44.3625
43.65
44.4
36.475
48.9125
38.9625
39.7125
68.1875
77.1125
79.9625
70.225
43.5375
25.7375
23.0125
22.6625
26.575
43.4
49.975
47.275
58.91875
67.4875
55.1625
58.225
43.075
30.225
19.525
30.225
42.7875
49.25
37.55
34.5125
48.375
62.0125
67.1
63.6
35.0875
33.4875
31.375
35
50.6125
75.15
66.3375
61.4
68.11875
76.5375
79.4875
79.7625
59.5375
38.9125
28.5625
31.7
52.4
39.3875
19.8125
18.1375
21.5375
24.8875
33.7375
50.3
43.5625
24.4625
25.3875
22.8625
34.0875
41.3625
18.3375
13.5125
17.434375
27.275
29.1625
45.55
40.3875
30.0375
17.975
19.15
24.45
23.0625
10.05
7.3625
13.484375
24.7375
35.0875
34.7875
37.8375
37.0625
34.5625
41.2
50.5625
55.85
21.225
16.875
28.040625
35.925
49.1375
52.9125
72.3
45.95
34.8875
28.5875
42.4875
39.075
26.0875
14.4625
13
14.6375
28.65
31.4875
24.675
14.9375
11.2875
14.4125
17.825
19.8375
14.9875
12.8
15.56875
25.2875
26.2125
35.625
20.5875
15.0125
15.45
22.6125
40.3375
29.7
13.1
15.2875
20.65625
27.7625
34.4375
38.7375
48.975
41.55
54.175
64.6125
60.475
63.8375
34.8125
18.175
11.125
16.65
30.625
27.9125
20.9125
18.2
14.2625
20.3
25.6375
21.075
10.9875
9.5
14.971875
20.1
29.9875
44.4
43.4375
39.4625
26.6625
22.475
35.9375
36.8
17.5125
11.2375
16.64375
40.4125
61.225
67.3125
45.3
23.025
23.175
23.3375
44.6625
59.5625
31.3
40.8
44.828125
53.7875
62.3125
67.375
65.55
49.0125
48.125
63.825
55.8875
50.65
50.7125
50.5375
58.2875
59.2875
70.75
61.0375
44.0625
23.8125
17.45
19.575
51.9625
68.2
49.075
52.4625
58.771875
65.6
72.525
86.5125
58.1125
33.0875
24.1625
35.375
67.875
66.0375
37.375
34.25
41.240625
49.5375
56.4625
53.575
38.1625
16.3875
12.975
17.6875
26.875
26.5
11.6125
7.4875
8.484375
13.4625
21.4
30.75
40.8375
32.0875
27.675
44.4375
67.325
57.6875
36.05
27.6
33.3125
50.475
53.3375
60.2625
50.1
28.1125
25.65
20.7625
40.6625
40.875
11.1625
8.25
13.48125
21.05
21.975
26.025
30.55
30.7375
33.2875
33.35
32.1375
22.55
11.4625
9.0375
11.5125
15.775
22.25
28.05
30.45
26.5
23.2625
21.5875
23.3
15.375
9.0875
9.8
15.98125
19.6625
24.25
34.825
24.875
12.5
16.125
19.675
30.6125
20.225
8.375
10.2875
14.3625
19.9125
26.4125
32.2
45.275
46.1125
44.775
58.475
67.7875
50.3625
29.4125
20
21.13125
26.9875
42.3125
52.6
50.7
36.25
36.2125
53.7375
73.875
75.625
54.6875
44.225
42.7875
39.825
40.25
39.725
27.6375
18.4
14.2375
14.4125
43.0375
56.4375
25.1375
16.1875
21.609375
35.275
37.4
39.2875
43.825
31.9125
25.3375
32.8
47.8
37.725
15.2875
8.7375
12.68125
17.1125
18.7625
21.9125
23.0875
24.775
26.925
41.05
69.8875
76.7
36.8
22.55
19.671875
31.725
27.7875
57.225
56.325
46.0125
35.35
22.0625
22.1
13.8625
14.8375
16.2875
23.096875
23.9625
18.875
20.0375
27.7875
16.6125
19
15.8375
18.9625
11.4875
4.7125
3.2375
4.8875
7.525
11.125
12.8
19.0625
19.0375
19.0375
19.9875
27.95
33.5
18.7625
22.4
28.959375
46.5625
29.575
18.8875
22.7375
20.7625
27.9875
41.16875
61.1125
50.6375
12.725
4.225
13.059375
25.2625
43.175
34.9
40.8625
33.8125
26.525
26.52685546875
26.9981517791748
26.9999927803874
26.9999999717984
26.9999999998898
26.9999999999996
27
39.0875
35.625
42.575
34.0625
37.8375
53.975
57.825
43.275
15.975
9.1375
13.484375
23.9
32.575
34.7375
33.7625
20.8625
15.975
17.4125
30.025
26.4
7.025
5.3
6.0125
11.5375
18.5875
21.9625
26.775
28.6375
64.6375
50.7625
57.225
35.175
14.8
17.4375
23.259375
27.3375
28.325
27.075
32.85
20.95
15.8375
17.0375
18.2375
17.5
8.525
8.5375
7.690625
12.5875
19.1
19.3
34.0375
41
45.3125
48.175
74.5375
78.7
61.175
54.2625
58.459375
50.4
28.8125
38.475
44.725
28.9625
18.7875
29.425
39.8125
27.7375
8.6
8.5625
11.884375
10.2125
15.7625
24.9375
31.9625
30.225
34.4625
36.175
41.5
30.6375
8.35
5.925
11.478125
23.48359375
35.4375
48.025
46.525
27.15
19.8125
32.6
46.875
33.6
17.375
11.775
15.865625
20.4625
26.95
31.05
40.175
30.275
22.2625
34.996875
37.3625
26.95
8.5875
8.1125
16.965625
25.15
33.9375
27.6875
23.1
18.275
17.325
13.9625
14.7125
13.05
13.8125
12.8625
29.9125
35.5375
45.7625
51.6375
38.075
18.375
18.65
26.54140625
35.7375
33.6
16.8625
17.375
29.51875
25.225
30.6125
42.05
47.1875
49.125
55.8625
77.3625
97.95
83.6375
52.6625
50.3875
59.99375
59.6875
64.7875
72.7875
61.2625
41.3375
37.2125
38.5
50.2
43.45
21.275
27.175
35.63125
47.0375
61.1875
68.025
70.9625
67.3625
64.65
79.675
110.49999875
109.97499875
74.3625
59.2875
64.19375
65.2375
76.4375
72.15
49.2375
39.7375
40.975
51.2625
53.7625
58.4625
57.8
47.0625
43.09375
49.8125
43.725
41.8
51.6375
52.65
43.8625
50.0125
56.8875
53.5
37.875
37.65
47.75
57.125
70.9125
66.3
61.6625
54.1
53.375
46.05
42.6375
34.0625
24.7625
22.325
31.428125
34.2
37.925
46.1
42.675
42.4625
50.1625
93.4749975
115.8125025
79.475
53.5125
40.2125
53.65
62.7625
71.7875
83.6625
107.0625
84.7625
62.6125
65.7
63.7375
53.5
51.9875
40.3875
59.971875
68.1875
68.975
63.825
67.9125
60.9625
55.6765625
62.96796875
81.6375
74.525
63.925
57.45
64.0375
77.6
92.3375
91.6375
86.225
71.9375
61.7375
62.9
76.675
83.575
60.1875
59.65
63.55625
71.8
66.4125
71.9875
66.2375
54.95
48.775
47.2625
63.675
64.9875
53.5875
57.65
64.978125
80.225
80.4
66.5
61.15
66.275
63.0625
59.725
72.9875
59.825
42.25
44.05
56.5125
61.6375
58.45
69.575
86.85
75.0875
63.975
54.95
49.275
49.9625
45.3375
42.725
53.078125
61.4625
63.8
67.2375
70.625
64.3875
57.45
64.725
74.075
66.15
61.0625
61.175
65.4875
66.2625
72.575
76.175
64.8625
59.5625
55.125
71.684375
78.125
69.5125
61.925
64.925
68
70.775
72.0875
68.575
65
56.25
53.1375
55.6875
59.5875
54.6
54.35
54.1
55.4125
68.6625
71.725
73.9
71.95
67.65
61.4125
68.55
67.475
67.4625
57.825
61.6125
86.146875
118.575
129.46250125
131.7999975
115.5875
87.4
95.05
126.6875
122.7875
103.6
127.5750025
134.025
139.9593715625
